60,12
Starting Genetic Algorizm By Random Forest With 12 column
n_feature=8, score=0.833
[1, 1, 1, 1, 1, 0, 1, 0, 1, 1, 0, 0]
[[ 8  0  0  0  1  1]
 [ 6  4  0  0  0  0]
 [ 0  0 10  0  0  0]
 [ 0  0  0  8  2  0]
 [ 0  0  0  0 10  0]
 [ 0  0  0  0  0 10]]
0.833
n_feature=5, score=0.65
[0, 1, 1, 1, 0, 1, 0, 0, 1, 0, 0, 0]
[[ 6  0  0  0  1  3]
 [ 6  4  0  0  0  0]
 [ 0  0  1  0  0  9]
 [ 0  0  0  8  2  0]
 [ 0  0  0  0 10  0]
 [ 0  0  0  0  0 10]]
0.65
n_feature=10, score=1.0
[1, 1, 1, 0, 1, 1, 1, 1, 0, 1, 1, 1]
[[10  0  0  0  0  0]
 [ 0 10  0  0  0  0]
 [ 0  0 10  0  0  0]
 [ 0  0  0 10  0  0]
 [ 0  0  0  0 10  0]
 [ 0  0  0  0  0 10]]
1.0
n_feature=6, score=1.0
[0, 1, 0, 1, 0, 0, 1, 0, 1, 0, 1, 1]
[[10  0  0  0  0  0]
 [ 0 10  0  0  0  0]
 [ 0  0 10  0  0  0]
 [ 0  0  0 10  0  0]
 [ 0  0  0  0 10  0]
 [ 0  0  0  0  0 10]]
1.0
n_feature=7, score=0.85
[1, 1, 1, 0, 0, 1, 0, 1, 1, 0, 1, 0]
[[ 7  0  0  0  2  1]
 [ 2  6  0  2  0  0]
 [ 0  0 10  0  0  0]
 [ 0  0  0  8  2  0]
 [ 0  0  0  0 10  0]
 [ 0  0  0  0  0 10]]
0.85
n_feature=6, score=1.0
[1, 0, 1, 0, 0, 0, 1, 1, 0, 0, 1, 1]
[[10  0  0  0  0  0]
 [ 0 10  0  0  0  0]
 [ 0  0 10  0  0  0]
 [ 0  0  0 10  0  0]
 [ 0  0  0  0 10  0]
 [ 0  0  0  0  0 10]]
1.0
n_feature=3, score=0.5
[1, 0, 0, 1, 0, 0, 0, 0, 0, 1, 0, 0]
[[ 0  0  0  1  0  9]
 [ 0  0  0  0  0 10]
 [ 0  0 10  0  0  0]
 [ 0  0  0 10  0  0]
 [ 0  0  0 10  0  0]
 [ 0  0  0  0  0 10]]
0.5
n_feature=2, score=0.6
[0, 1, 0, 1, 0, 0, 0, 0, 0, 0, 0, 0]
[[ 0  5  0  0  1  4]
 [ 0 10  0  0  0  0]
 [ 0  0  0  0  0 10]
 [ 0  0  0  6  4  0]
 [ 0  0  0  0 10  0]
 [ 0  0  0  0  0 10]]
0.6
n_feature=8, score=0.883
[1, 1, 1, 0, 1, 1, 1, 1, 1, 0, 0, 0]
[[ 8  0  0  1  1  0]
 [ 2  6  0  2  0  0]
 [ 0  0 10  0  0  0]
 [ 0  0  0  9  1  0]
 [ 0  0  0  0 10  0]
 [ 0  0  0  0  0 10]]
0.883
n_feature=6, score=1.0
[0, 1, 1, 1, 0, 0, 0, 1, 0, 1, 0, 1]
[[10  0  0  0  0  0]
 [ 0 10  0  0  0  0]
 [ 0  0 10  0  0  0]
 [ 0  0  0 10  0  0]
 [ 0  0  0  0 10  0]
 [ 0  0  0  0  0 10]]
1.0
n_feature=6, score=1.0
[1, 0, 1, 0, 0, 0, 1, 1, 0, 1, 0, 1]
[[10  0  0  0  0  0]
 [ 0 10  0  0  0  0]
 [ 0  0 10  0  0  0]
 [ 0  0  0 10  0  0]
 [ 0  0  0  0 10  0]
 [ 0  0  0  0  0 10]]
1.0
n_feature=7, score=1.0
[1, 0, 1, 0, 1, 0, 1, 1, 1, 0, 0, 1]
[[10  0  0  0  0  0]
 [ 0 10  0  0  0  0]
 [ 0  0 10  0  0  0]
 [ 0  0  0 10  0  0]
 [ 0  0  0  0 10  0]
 [ 0  0  0  0  0 10]]
1.0
n_feature=6, score=1.0
[1, 0, 1, 0, 1, 0, 1, 0, 0, 1, 0, 1]
[[10  0  0  0  0  0]
 [ 0 10  0  0  0  0]
 [ 0  0 10  0  0  0]
 [ 0  0  0 10  0  0]
 [ 0  0  0  0 10  0]
 [ 0  0  0  0  0 10]]
1.0
n_feature=6, score=0.667
[0, 1, 0, 1, 0, 0, 1, 1, 1, 1, 0, 0]
[[ 5  1  0  0  1  3]
 [ 2  8  0  0  0  0]
 [ 0  0  1  0  0  9]
 [ 0  0  0  6  4  0]
 [ 0  0  0  0 10  0]
 [ 0  0  0  0  0 10]]
0.667
n_feature=4, score=0.6
[0, 1, 0, 0, 0, 0, 1, 1, 0, 0, 1, 0]
[[ 4  0  2  0  2  2]
 [ 2  1  0  7  0  0]
 [ 0  0  6  0  0  4]
 [ 0  1  0  5  4  0]
 [ 0  0  0  0 10  0]
 [ 0  0  0  0  0 10]]
0.6
n_feature=5, score=0.7
[1, 0, 0, 0, 0, 1, 0, 0, 1, 1, 1, 0]
[[ 0  0  0  7  0  3]
 [ 0  4  0  6  0  0]
 [ 0  0 10  0  0  0]
 [ 0  0  0  8  0  2]
 [ 0  0  0  0 10  0]
 [ 0  0  0  0  0 10]]
0.7
n_feature=3, score=0.467
[1, 0, 0, 0, 0, 0, 1, 1, 0, 0, 0, 0]
[[ 0  2  0  0  0  8]
 [ 0  8  0  0  0  2]
 [ 0  0 10  0  0  0]
 [ 0 10  0  0  0  0]
 [ 0 10  0  0  0  0]
 [ 0  0  0  0  0 10]]
0.467
n_feature=3, score=0.483
[0, 0, 1, 0, 1, 0, 0, 0, 1, 0, 0, 0]
[[ 5  0  0  0  4  1]
 [ 6  4  0  0  0  0]
 [ 0  0  0  0 10  0]
 [ 0  0  0  0  9  1]
 [ 0  0  0  0 10  0]
 [ 0  0  0  0  0 10]]
0.483
n_feature=6, score=1.0
[0, 0, 0, 1, 0, 1, 0, 1, 1, 1, 0, 1]
[[10  0  0  0  0  0]
 [ 0 10  0  0  0  0]
 [ 0  0 10  0  0  0]
 [ 0  0  0 10  0  0]
 [ 0  0  0  0 10  0]
 [ 0  0  0  0  0 10]]
1.0
n_feature=7, score=1.0
[0, 1, 1, 1, 1, 0, 1, 0, 0, 0, 1, 1]
[[10  0  0  0  0  0]
 [ 0 10  0  0  0  0]
 [ 0  0 10  0  0  0]
 [ 0  0  0 10  0  0]
 [ 0  0  0  0 10  0]
 [ 0  0  0  0  0 10]]
1.0
n_feature=6, score=1.0
[0, 0, 0, 1, 0, 1, 0, 1, 1, 1, 0, 1]
[[10  0  0  0  0  0]
 [ 0 10  0  0  0  0]
 [ 0  0 10  0  0  0]
 [ 0  0  0 10  0  0]
 [ 0  0  0  0 10  0]
 [ 0  0  0  0  0 10]]
1.0
n_feature=6, score=1.0
[1, 0, 1, 0, 0, 0, 1, 1, 0, 1, 0, 1]
[[10  0  0  0  0  0]
 [ 0 10  0  0  0  0]
 [ 0  0 10  0  0  0]
 [ 0  0  0 10  0  0]
 [ 0  0  0  0 10  0]
 [ 0  0  0  0  0 10]]
1.0
n_feature=6, score=1.0
[1, 0, 1, 0, 0, 0, 1, 1, 0, 0, 1, 1]
[[10  0  0  0  0  0]
 [ 0 10  0  0  0  0]
 [ 0  0 10  0  0  0]
 [ 0  0  0 10  0  0]
 [ 0  0  0  0 10  0]
 [ 0  0  0  0  0 10]]
1.0
n_feature=6, score=1.0
[1, 0, 1, 0, 0, 0, 1, 1, 0, 1, 0, 1]
[[10  0  0  0  0  0]
 [ 0 10  0  0  0  0]
 [ 0  0 10  0  0  0]
 [ 0  0  0 10  0  0]
 [ 0  0  0  0 10  0]
 [ 0  0  0  0  0 10]]
1.0
n_feature=5, score=0.667
[1, 0, 1, 0, 1, 0, 1, 0, 0, 1, 0, 0]
[[ 1  5  0  3  0  1]
 [ 0 10  0  0  0  0]
 [ 0  0 10  0  0  0]
 [ 0  0  0  9  0  1]
 [ 0  0  0 10  0  0]
 [ 0  0  0  0  0 10]]
0.667
n_feature=8, score=1.0
[1, 1, 1, 0, 0, 1, 0, 1, 1, 0, 1, 1]
[[10  0  0  0  0  0]
 [ 0 10  0  0  0  0]
 [ 0  0 10  0  0  0]
 [ 0  0  0 10  0  0]
 [ 0  0  0  0 10  0]
 [ 0  0  0  0  0 10]]
1.0
n_feature=7, score=1.0
[1, 0, 1, 0, 0, 1, 0, 1, 1, 1, 0, 1]
[[10  0  0  0  0  0]
 [ 0 10  0  0  0  0]
 [ 0  0 10  0  0  0]
 [ 0  0  0 10  0  0]
 [ 0  0  0  0 10  0]
 [ 0  0  0  0  0 10]]
1.0
n_feature=5, score=1.0
[0, 0, 0, 1, 0, 0, 1, 1, 0, 0, 1, 1]
[[10  0  0  0  0  0]
 [ 0 10  0  0  0  0]
 [ 0  0 10  0  0  0]
 [ 0  0  0 10  0  0]
 [ 0  0  0  0 10  0]
 [ 0  0  0  0  0 10]]
1.0
n_feature=7, score=1.0
[0, 1, 1, 1, 0, 0, 1, 0, 1, 0, 1, 1]
[[10  0  0  0  0  0]
 [ 0 10  0  0  0  0]
 [ 0  0 10  0  0  0]
 [ 0  0  0 10  0  0]
 [ 0  0  0  0 10  0]
 [ 0  0  0  0  0 10]]
1.0
n_feature=6, score=0.817
[1, 1, 1, 0, 0, 0, 0, 1, 1, 0, 1, 0]
[[ 7  0  0  0  2  1]
 [ 2  6  0  2  0  0]
 [ 0  0 10  0  0  0]
 [ 0  0  0  6  4  0]
 [ 0  0  0  0 10  0]
 [ 0  0  0  0  0 10]]
0.817
n_feature=7, score=1.0
[0, 1, 0, 1, 0, 1, 0, 1, 1, 1, 0, 1]
[[10  0  0  0  0  0]
 [ 0 10  0  0  0  0]
 [ 0  0 10  0  0  0]
 [ 0  0  0 10  0  0]
 [ 0  0  0  0 10  0]
 [ 0  0  0  0  0 10]]
1.0
n_feature=5, score=1.0
[0, 0, 1, 1, 0, 0, 0, 1, 0, 1, 0, 1]
[[10  0  0  0  0  0]
 [ 0 10  0  0  0  0]
 [ 0  0 10  0  0  0]
 [ 0  0  0 10  0  0]
 [ 0  0  0  0 10  0]
 [ 0  0  0  0  0 10]]
1.0
n_feature=9, score=1.0
[1, 1, 1, 0, 1, 1, 1, 1, 0, 1, 0, 1]
[[10  0  0  0  0  0]
 [ 0 10  0  0  0  0]
 [ 0  0 10  0  0  0]
 [ 0  0  0 10  0  0]
 [ 0  0  0  0 10  0]
 [ 0  0  0  0  0 10]]
1.0
n_feature=7, score=1.0
[0, 1, 1, 1, 0, 0, 0, 1, 0, 1, 1, 1]
[[10  0  0  0  0  0]
 [ 0 10  0  0  0  0]
 [ 0  0 10  0  0  0]
 [ 0  0  0 10  0  0]
 [ 0  0  0  0 10  0]
 [ 0  0  0  0  0 10]]
1.0
n_feature=5, score=1.0
[0, 0, 0, 1, 0, 1, 0, 1, 0, 1, 0, 1]
[[10  0  0  0  0  0]
 [ 0 10  0  0  0  0]
 [ 0  0 10  0  0  0]
 [ 0  0  0 10  0  0]
 [ 0  0  0  0 10  0]
 [ 0  0  0  0  0 10]]
1.0
n_feature=6, score=1.0
[0, 0, 1, 1, 0, 0, 0, 1, 1, 1, 0, 1]
[[10  0  0  0  0  0]
 [ 0 10  0  0  0  0]
 [ 0  0 10  0  0  0]
 [ 0  0  0 10  0  0]
 [ 0  0  0  0 10  0]
 [ 0  0  0  0  0 10]]
1.0
n_feature=5, score=1.0
[0, 0, 0, 1, 0, 1, 0, 1, 0, 1, 0, 1]
[[10  0  0  0  0  0]
 [ 0 10  0  0  0  0]
 [ 0  0 10  0  0  0]
 [ 0  0  0 10  0  0]
 [ 0  0  0  0 10  0]
 [ 0  0  0  0  0 10]]
1.0
n_feature=6, score=1.0
[0, 0, 1, 1, 0, 0, 0, 1, 1, 1, 0, 1]
[[10  0  0  0  0  0]
 [ 0 10  0  0  0  0]
 [ 0  0 10  0  0  0]
 [ 0  0  0 10  0  0]
 [ 0  0  0  0 10  0]
 [ 0  0  0  0  0 10]]
1.0
n_feature=7, score=1.0
[0, 1, 1, 1, 0, 0, 0, 1, 1, 1, 0, 1]
[[10  0  0  0  0  0]
 [ 0 10  0  0  0  0]
 [ 0  0 10  0  0  0]
 [ 0  0  0 10  0  0]
 [ 0  0  0  0 10  0]
 [ 0  0  0  0  0 10]]
1.0
n_feature=5, score=1.0
[0, 0, 0, 1, 0, 1, 0, 1, 0, 1, 0, 1]
[[10  0  0  0  0  0]
 [ 0 10  0  0  0  0]
 [ 0  0 10  0  0  0]
 [ 0  0  0 10  0  0]
 [ 0  0  0  0 10  0]
 [ 0  0  0  0  0 10]]
1.0
n_feature=6, score=1.0
[1, 0, 1, 0, 0, 0, 1, 1, 0, 1, 0, 1]
[[10  0  0  0  0  0]
 [ 0 10  0  0  0  0]
 [ 0  0 10  0  0  0]
 [ 0  0  0 10  0  0]
 [ 0  0  0  0 10  0]
 [ 0  0  0  0  0 10]]
1.0
n_feature=6, score=1.0
[0, 1, 1, 1, 0, 0, 0, 1, 0, 1, 0, 1]
[[10  0  0  0  0  0]
 [ 0 10  0  0  0  0]
 [ 0  0 10  0  0  0]
 [ 0  0  0 10  0  0]
 [ 0  0  0  0 10  0]
 [ 0  0  0  0  0 10]]
1.0
n_feature=6, score=1.0
[0, 0, 0, 1, 0, 1, 0, 1, 1, 1, 0, 1]
[[10  0  0  0  0  0]
 [ 0 10  0  0  0  0]
 [ 0  0 10  0  0  0]
 [ 0  0  0 10  0  0]
 [ 0  0  0  0 10  0]
 [ 0  0  0  0  0 10]]
1.0
n_feature=5, score=1.0
[0, 0, 0, 1, 0, 0, 1, 1, 0, 0, 1, 1]
[[10  0  0  0  0  0]
 [ 0 10  0  0  0  0]
 [ 0  0 10  0  0  0]
 [ 0  0  0 10  0  0]
 [ 0  0  0  0 10  0]
 [ 0  0  0  0  0 10]]
1.0
n_feature=6, score=1.0
[0, 0, 0, 1, 0, 1, 0, 1, 1, 1, 0, 1]
[[10  0  0  0  0  0]
 [ 0 10  0  0  0  0]
 [ 0  0 10  0  0  0]
 [ 0  0  0 10  0  0]
 [ 0  0  0  0 10  0]
 [ 0  0  0  0  0 10]]
1.0
n_feature=7, score=1.0
[1, 1, 1, 0, 0, 0, 1, 1, 0, 1, 0, 1]
[[10  0  0  0  0  0]
 [ 0 10  0  0  0  0]
 [ 0  0 10  0  0  0]
 [ 0  0  0 10  0  0]
 [ 0  0  0  0 10  0]
 [ 0  0  0  0  0 10]]
1.0
n_feature=6, score=1.0
[1, 0, 1, 0, 0, 0, 1, 1, 0, 1, 0, 1]
[[10  0  0  0  0  0]
 [ 0 10  0  0  0  0]
 [ 0  0 10  0  0  0]
 [ 0  0  0 10  0  0]
 [ 0  0  0  0 10  0]
 [ 0  0  0  0  0 10]]
1.0
n_feature=6, score=1.0
[0, 1, 1, 0, 0, 0, 1, 1, 0, 0, 1, 1]
[[10  0  0  0  0  0]
 [ 0 10  0  0  0  0]
 [ 0  0 10  0  0  0]
 [ 0  0  0 10  0  0]
 [ 0  0  0  0 10  0]
 [ 0  0  0  0  0 10]]
1.0
n_feature=7, score=1.0
[1, 0, 1, 1, 0, 0, 0, 1, 0, 1, 1, 1]
[[10  0  0  0  0  0]
 [ 0 10  0  0  0  0]
 [ 0  0 10  0  0  0]
 [ 0  0  0 10  0  0]
 [ 0  0  0  0 10  0]
 [ 0  0  0  0  0 10]]
1.0
n_feature=7, score=1.0
[1, 0, 1, 0, 1, 0, 0, 1, 0, 1, 1, 1]
[[10  0  0  0  0  0]
 [ 0 10  0  0  0  0]
 [ 0  0 10  0  0  0]
 [ 0  0  0 10  0  0]
 [ 0  0  0  0 10  0]
 [ 0  0  0  0  0 10]]
1.0
n_feature=7, score=1.0
[0, 1, 1, 1, 0, 0, 1, 1, 1, 0, 0, 1]
[[10  0  0  0  0  0]
 [ 0 10  0  0  0  0]
 [ 0  0 10  0  0  0]
 [ 0  0  0 10  0  0]
 [ 0  0  0  0 10  0]
 [ 0  0  0  0  0 10]]
1.0
n_feature=5, score=1.0
[0, 0, 0, 1, 0, 1, 0, 1, 0, 1, 0, 1]
[[10  0  0  0  0  0]
 [ 0 10  0  0  0  0]
 [ 0  0 10  0  0  0]
 [ 0  0  0 10  0  0]
 [ 0  0  0  0 10  0]
 [ 0  0  0  0  0 10]]
1.0
n_feature=5, score=1.0
[0, 0, 0, 1, 0, 1, 0, 1, 0, 1, 0, 1]
[[10  0  0  0  0  0]
 [ 0 10  0  0  0  0]
 [ 0  0 10  0  0  0]
 [ 0  0  0 10  0  0]
 [ 0  0  0  0 10  0]
 [ 0  0  0  0  0 10]]
1.0
n_feature=6, score=1.0
[0, 1, 1, 1, 0, 0, 0, 1, 0, 1, 0, 1]
[[10  0  0  0  0  0]
 [ 0 10  0  0  0  0]
 [ 0  0 10  0  0  0]
 [ 0  0  0 10  0  0]
 [ 0  0  0  0 10  0]
 [ 0  0  0  0  0 10]]
1.0
n_feature=6, score=1.0
[0, 0, 1, 1, 0, 0, 0, 1, 1, 1, 0, 1]
[[10  0  0  0  0  0]
 [ 0 10  0  0  0  0]
 [ 0  0 10  0  0  0]
 [ 0  0  0 10  0  0]
 [ 0  0  0  0 10  0]
 [ 0  0  0  0  0 10]]
1.0
n_feature=5, score=1.0
[0, 0, 0, 1, 0, 1, 0, 1, 0, 1, 0, 1]
[[10  0  0  0  0  0]
 [ 0 10  0  0  0  0]
 [ 0  0 10  0  0  0]
 [ 0  0  0 10  0  0]
 [ 0  0  0  0 10  0]
 [ 0  0  0  0  0 10]]
1.0
n_feature=5, score=1.0
[0, 0, 0, 1, 0, 1, 0, 1, 0, 1, 0, 1]
[[10  0  0  0  0  0]
 [ 0 10  0  0  0  0]
 [ 0  0 10  0  0  0]
 [ 0  0  0 10  0  0]
 [ 0  0  0  0 10  0]
 [ 0  0  0  0  0 10]]
1.0
n_feature=5, score=1.0
[0, 0, 0, 1, 0, 1, 0, 1, 0, 1, 0, 1]
[[10  0  0  0  0  0]
 [ 0 10  0  0  0  0]
 [ 0  0 10  0  0  0]
 [ 0  0  0 10  0  0]
 [ 0  0  0  0 10  0]
 [ 0  0  0  0  0 10]]
1.0
n_feature=5, score=1.0
[0, 0, 0, 1, 0, 1, 0, 1, 0, 1, 0, 1]
[[10  0  0  0  0  0]
 [ 0 10  0  0  0  0]
 [ 0  0 10  0  0  0]
 [ 0  0  0 10  0  0]
 [ 0  0  0  0 10  0]
 [ 0  0  0  0  0 10]]
1.0
n_feature=5, score=1.0
[0, 0, 0, 1, 0, 1, 0, 1, 0, 1, 0, 1]
[[10  0  0  0  0  0]
 [ 0 10  0  0  0  0]
 [ 0  0 10  0  0  0]
 [ 0  0  0 10  0  0]
 [ 0  0  0  0 10  0]
 [ 0  0  0  0  0 10]]
1.0
n_feature=7, score=1.0
[0, 1, 1, 1, 0, 0, 1, 1, 0, 0, 1, 1]
[[10  0  0  0  0  0]
 [ 0 10  0  0  0  0]
 [ 0  0 10  0  0  0]
 [ 0  0  0 10  0  0]
 [ 0  0  0  0 10  0]
 [ 0  0  0  0  0 10]]
1.0
n_feature=5, score=1.0
[0, 1, 1, 0, 0, 0, 0, 1, 0, 1, 0, 1]
[[10  0  0  0  0  0]
 [ 0 10  0  0  0  0]
 [ 0  0 10  0  0  0]
 [ 0  0  0 10  0  0]
 [ 0  0  0  0 10  0]
 [ 0  0  0  0  0 10]]
1.0
n_feature=5, score=1.0
[0, 0, 0, 1, 0, 1, 0, 1, 0, 1, 0, 1]
[[10  0  0  0  0  0]
 [ 0 10  0  0  0  0]
 [ 0  0 10  0  0  0]
 [ 0  0  0 10  0  0]
 [ 0  0  0  0 10  0]
 [ 0  0  0  0  0 10]]
1.0
n_feature=5, score=1.0
[0, 0, 0, 1, 0, 1, 0, 1, 0, 1, 0, 1]
[[10  0  0  0  0  0]
 [ 0 10  0  0  0  0]
 [ 0  0 10  0  0  0]
 [ 0  0  0 10  0  0]
 [ 0  0  0  0 10  0]
 [ 0  0  0  0  0 10]]
1.0
n_feature=6, score=1.0
[0, 0, 1, 1, 0, 0, 0, 1, 1, 1, 0, 1]
[[10  0  0  0  0  0]
 [ 0 10  0  0  0  0]
 [ 0  0 10  0  0  0]
 [ 0  0  0 10  0  0]
 [ 0  0  0  0 10  0]
 [ 0  0  0  0  0 10]]
1.0
n_feature=5, score=1.0
[0, 0, 0, 1, 0, 1, 0, 1, 0, 1, 0, 1]
[[10  0  0  0  0  0]
 [ 0 10  0  0  0  0]
 [ 0  0 10  0  0  0]
 [ 0  0  0 10  0  0]
 [ 0  0  0  0 10  0]
 [ 0  0  0  0  0 10]]
1.0
n_feature=6, score=1.0
[0, 0, 1, 1, 0, 1, 0, 1, 0, 1, 0, 1]
[[10  0  0  0  0  0]
 [ 0 10  0  0  0  0]
 [ 0  0 10  0  0  0]
 [ 0  0  0 10  0  0]
 [ 0  0  0  0 10  0]
 [ 0  0  0  0  0 10]]
1.0
n_feature=5, score=1.0
[0, 0, 0, 1, 0, 1, 0, 1, 0, 1, 0, 1]
[[10  0  0  0  0  0]
 [ 0 10  0  0  0  0]
 [ 0  0 10  0  0  0]
 [ 0  0  0 10  0  0]
 [ 0  0  0  0 10  0]
 [ 0  0  0  0  0 10]]
1.0
n_feature=5, score=1.0
[0, 0, 0, 1, 0, 1, 0, 1, 0, 1, 0, 1]
[[10  0  0  0  0  0]
 [ 0 10  0  0  0  0]
 [ 0  0 10  0  0  0]
 [ 0  0  0 10  0  0]
 [ 0  0  0  0 10  0]
 [ 0  0  0  0  0 10]]
1.0
n_feature=5, score=1.0
[0, 0, 0, 1, 0, 1, 0, 1, 0, 1, 0, 1]
[[10  0  0  0  0  0]
 [ 0 10  0  0  0  0]
 [ 0  0 10  0  0  0]
 [ 0  0  0 10  0  0]
 [ 0  0  0  0 10  0]
 [ 0  0  0  0  0 10]]
1.0
n_feature=5, score=1.0
[0, 0, 0, 1, 0, 1, 0, 1, 0, 1, 0, 1]
[[10  0  0  0  0  0]
 [ 0 10  0  0  0  0]
 [ 0  0 10  0  0  0]
 [ 0  0  0 10  0  0]
 [ 0  0  0  0 10  0]
 [ 0  0  0  0  0 10]]
1.0
n_feature=5, score=1.0
[0, 0, 0, 1, 0, 1, 0, 1, 0, 1, 0, 1]
[[10  0  0  0  0  0]
 [ 0 10  0  0  0  0]
 [ 0  0 10  0  0  0]
 [ 0  0  0 10  0  0]
 [ 0  0  0  0 10  0]
 [ 0  0  0  0  0 10]]
1.0
n_feature=5, score=1.0
[0, 0, 0, 1, 0, 1, 0, 1, 0, 1, 0, 1]
[[10  0  0  0  0  0]
 [ 0 10  0  0  0  0]
 [ 0  0 10  0  0  0]
 [ 0  0  0 10  0  0]
 [ 0  0  0  0 10  0]
 [ 0  0  0  0  0 10]]
1.0
n_feature=5, score=1.0
[0, 1, 1, 0, 0, 0, 0, 1, 0, 1, 0, 1]
[[10  0  0  0  0  0]
 [ 0 10  0  0  0  0]
 [ 0  0 10  0  0  0]
 [ 0  0  0 10  0  0]
 [ 0  0  0  0 10  0]
 [ 0  0  0  0  0 10]]
1.0
n_feature=5, score=1.0
[0, 1, 1, 0, 0, 0, 0, 1, 0, 1, 0, 1]
[[10  0  0  0  0  0]
 [ 0 10  0  0  0  0]
 [ 0  0 10  0  0  0]
 [ 0  0  0 10  0  0]
 [ 0  0  0  0 10  0]
 [ 0  0  0  0  0 10]]
1.0
n_feature=5, score=1.0
[0, 0, 0, 1, 0, 1, 0, 1, 0, 1, 0, 1]
[[10  0  0  0  0  0]
 [ 0 10  0  0  0  0]
 [ 0  0 10  0  0  0]
 [ 0  0  0 10  0  0]
 [ 0  0  0  0 10  0]
 [ 0  0  0  0  0 10]]
1.0
n_feature=5, score=1.0
[0, 0, 0, 1, 0, 1, 0, 1, 0, 1, 0, 1]
[[10  0  0  0  0  0]
 [ 0 10  0  0  0  0]
 [ 0  0 10  0  0  0]
 [ 0  0  0 10  0  0]
 [ 0  0  0  0 10  0]
 [ 0  0  0  0  0 10]]
1.0
n_feature=5, score=1.0
[0, 1, 1, 0, 0, 0, 0, 1, 0, 1, 0, 1]
[[10  0  0  0  0  0]
 [ 0 10  0  0  0  0]
 [ 0  0 10  0  0  0]
 [ 0  0  0 10  0  0]
 [ 0  0  0  0 10  0]
 [ 0  0  0  0  0 10]]
1.0
n_feature=5, score=1.0
[0, 0, 0, 1, 0, 1, 0, 1, 0, 1, 0, 1]
[[10  0  0  0  0  0]
 [ 0 10  0  0  0  0]
 [ 0  0 10  0  0  0]
 [ 0  0  0 10  0  0]
 [ 0  0  0  0 10  0]
 [ 0  0  0  0  0 10]]
1.0
n_feature=5, score=1.0
[0, 0, 0, 1, 0, 1, 0, 1, 0, 1, 0, 1]
[[10  0  0  0  0  0]
 [ 0 10  0  0  0  0]
 [ 0  0 10  0  0  0]
 [ 0  0  0 10  0  0]
 [ 0  0  0  0 10  0]
 [ 0  0  0  0  0 10]]
1.0
n_feature=5, score=1.0
[0, 0, 0, 1, 0, 1, 0, 1, 0, 1, 0, 1]
[[10  0  0  0  0  0]
 [ 0 10  0  0  0  0]
 [ 0  0 10  0  0  0]
 [ 0  0  0 10  0  0]
 [ 0  0  0  0 10  0]
 [ 0  0  0  0  0 10]]
1.0
n_feature=5, score=0.833
[1, 0, 0, 1, 0, 1, 0, 1, 0, 0, 1, 0]
[[ 6  1  0  1  0  2]
 [ 2  8  0  0  0  0]
 [ 0  0 10  0  0  0]
 [ 0  0  0  6  4  0]
 [ 0  0  0  0 10  0]
 [ 0  0  0  0  0 10]]
0.833
n_feature=5, score=1.0
[0, 0, 0, 1, 0, 1, 0, 1, 0, 1, 0, 1]
[[10  0  0  0  0  0]
 [ 0 10  0  0  0  0]
 [ 0  0 10  0  0  0]
 [ 0  0  0 10  0  0]
 [ 0  0  0  0 10  0]
 [ 0  0  0  0  0 10]]
1.0
n_feature=5, score=1.0
[0, 0, 0, 1, 0, 1, 0, 1, 0, 1, 0, 1]
[[10  0  0  0  0  0]
 [ 0 10  0  0  0  0]
 [ 0  0 10  0  0  0]
 [ 0  0  0 10  0  0]
 [ 0  0  0  0 10  0]
 [ 0  0  0  0  0 10]]
1.0
n_feature=5, score=1.0
[0, 0, 0, 1, 0, 1, 0, 1, 0, 1, 0, 1]
[[10  0  0  0  0  0]
 [ 0 10  0  0  0  0]
 [ 0  0 10  0  0  0]
 [ 0  0  0 10  0  0]
 [ 0  0  0  0 10  0]
 [ 0  0  0  0  0 10]]
1.0
n_feature=5, score=1.0
[0, 1, 1, 0, 0, 0, 0, 1, 0, 1, 0, 1]
[[10  0  0  0  0  0]
 [ 0 10  0  0  0  0]
 [ 0  0 10  0  0  0]
 [ 0  0  0 10  0  0]
 [ 0  0  0  0 10  0]
 [ 0  0  0  0  0 10]]
1.0
n_feature=5, score=1.0
[0, 0, 0, 1, 0, 1, 0, 1, 0, 1, 0, 1]
[[10  0  0  0  0  0]
 [ 0 10  0  0  0  0]
 [ 0  0 10  0  0  0]
 [ 0  0  0 10  0  0]
 [ 0  0  0  0 10  0]
 [ 0  0  0  0  0 10]]
1.0
n_feature=5, score=1.0
[0, 0, 0, 1, 0, 1, 0, 1, 0, 1, 0, 1]
[[10  0  0  0  0  0]
 [ 0 10  0  0  0  0]
 [ 0  0 10  0  0  0]
 [ 0  0  0 10  0  0]
 [ 0  0  0  0 10  0]
 [ 0  0  0  0  0 10]]
1.0
n_feature=5, score=1.0
[0, 0, 0, 1, 0, 1, 0, 1, 0, 1, 0, 1]
[[10  0  0  0  0  0]
 [ 0 10  0  0  0  0]
 [ 0  0 10  0  0  0]
 [ 0  0  0 10  0  0]
 [ 0  0  0  0 10  0]
 [ 0  0  0  0  0 10]]
1.0
n_feature=5, score=1.0
[0, 0, 0, 1, 0, 1, 0, 1, 0, 1, 0, 1]
[[10  0  0  0  0  0]
 [ 0 10  0  0  0  0]
 [ 0  0 10  0  0  0]
 [ 0  0  0 10  0  0]
 [ 0  0  0  0 10  0]
 [ 0  0  0  0  0 10]]
1.0
n_feature=5, score=1.0
[0, 0, 0, 1, 0, 1, 0, 1, 0, 1, 0, 1]
[[10  0  0  0  0  0]
 [ 0 10  0  0  0  0]
 [ 0  0 10  0  0  0]
 [ 0  0  0 10  0  0]
 [ 0  0  0  0 10  0]
 [ 0  0  0  0  0 10]]
1.0
n_feature=5, score=1.0
[0, 0, 0, 1, 0, 1, 0, 1, 0, 1, 0, 1]
[[10  0  0  0  0  0]
 [ 0 10  0  0  0  0]
 [ 0  0 10  0  0  0]
 [ 0  0  0 10  0  0]
 [ 0  0  0  0 10  0]
 [ 0  0  0  0  0 10]]
1.0
n_feature=5, score=1.0
[0, 0, 0, 1, 0, 1, 0, 1, 0, 1, 0, 1]
[[10  0  0  0  0  0]
 [ 0 10  0  0  0  0]
 [ 0  0 10  0  0  0]
 [ 0  0  0 10  0  0]
 [ 0  0  0  0 10  0]
 [ 0  0  0  0  0 10]]
1.0
n_feature=5, score=1.0
[0, 0, 0, 1, 0, 1, 0, 1, 0, 1, 0, 1]
[[10  0  0  0  0  0]
 [ 0 10  0  0  0  0]
 [ 0  0 10  0  0  0]
 [ 0  0  0 10  0  0]
 [ 0  0  0  0 10  0]
 [ 0  0  0  0  0 10]]
1.0
n_feature=5, score=1.0
[0, 0, 0, 1, 0, 1, 0, 1, 0, 1, 0, 1]
[[10  0  0  0  0  0]
 [ 0 10  0  0  0  0]
 [ 0  0 10  0  0  0]
 [ 0  0  0 10  0  0]
 [ 0  0  0  0 10  0]
 [ 0  0  0  0  0 10]]
1.0
n_feature=5, score=1.0
[0, 0, 0, 1, 0, 1, 0, 1, 0, 1, 0, 1]
[[10  0  0  0  0  0]
 [ 0 10  0  0  0  0]
 [ 0  0 10  0  0  0]
 [ 0  0  0 10  0  0]
 [ 0  0  0  0 10  0]
 [ 0  0  0  0  0 10]]
1.0
n_feature=5, score=1.0
[0, 0, 0, 1, 0, 1, 0, 1, 0, 1, 0, 1]
[[10  0  0  0  0  0]
 [ 0 10  0  0  0  0]
 [ 0  0 10  0  0  0]
 [ 0  0  0 10  0  0]
 [ 0  0  0  0 10  0]
 [ 0  0  0  0  0 10]]
1.0
n_feature=5, score=1.0
[0, 0, 0, 1, 0, 1, 0, 1, 0, 1, 0, 1]
[[10  0  0  0  0  0]
 [ 0 10  0  0  0  0]
 [ 0  0 10  0  0  0]
 [ 0  0  0 10  0  0]
 [ 0  0  0  0 10  0]
 [ 0  0  0  0  0 10]]
1.0
n_feature=5, score=1.0
[0, 0, 0, 1, 0, 1, 0, 1, 0, 1, 0, 1]
[[10  0  0  0  0  0]
 [ 0 10  0  0  0  0]
 [ 0  0 10  0  0  0]
 [ 0  0  0 10  0  0]
 [ 0  0  0  0 10  0]
 [ 0  0  0  0  0 10]]
1.0
n_feature=5, score=1.0
[0, 0, 0, 1, 0, 1, 0, 1, 0, 1, 0, 1]
[[10  0  0  0  0  0]
 [ 0 10  0  0  0  0]
 [ 0  0 10  0  0  0]
 [ 0  0  0 10  0  0]
 [ 0  0  0  0 10  0]
 [ 0  0  0  0  0 10]]
1.0
n_feature=5, score=1.0
[0, 0, 0, 1, 0, 1, 0, 1, 0, 1, 0, 1]
[[10  0  0  0  0  0]
 [ 0 10  0  0  0  0]
 [ 0  0 10  0  0  0]
 [ 0  0  0 10  0  0]
 [ 0  0  0  0 10  0]
 [ 0  0  0  0  0 10]]
1.0
n_feature=5, score=1.0
[0, 0, 0, 1, 0, 1, 0, 1, 0, 1, 0, 1]
[[10  0  0  0  0  0]
 [ 0 10  0  0  0  0]
 [ 0  0 10  0  0  0]
 [ 0  0  0 10  0  0]
 [ 0  0  0  0 10  0]
 [ 0  0  0  0  0 10]]
1.0
n_feature=4, score=1.0
[0, 0, 0, 1, 0, 0, 0, 1, 0, 1, 0, 1]
[[10  0  0  0  0  0]
 [ 0 10  0  0  0  0]
 [ 0  0 10  0  0  0]
 [ 0  0  0 10  0  0]
 [ 0  0  0  0 10  0]
 [ 0  0  0  0  0 10]]
1.0
n_feature=5, score=1.0
[0, 0, 0, 1, 0, 1, 0, 1, 0, 1, 0, 1]
[[10  0  0  0  0  0]
 [ 0 10  0  0  0  0]
 [ 0  0 10  0  0  0]
 [ 0  0  0 10  0  0]
 [ 0  0  0  0 10  0]
 [ 0  0  0  0  0 10]]
1.0
n_feature=5, score=1.0
[0, 0, 0, 1, 0, 1, 0, 1, 0, 1, 0, 1]
[[10  0  0  0  0  0]
 [ 0 10  0  0  0  0]
 [ 0  0 10  0  0  0]
 [ 0  0  0 10  0  0]
 [ 0  0  0  0 10  0]
 [ 0  0  0  0  0 10]]
1.0
n_feature=6, score=1.0
[1, 0, 0, 1, 0, 1, 0, 1, 0, 1, 0, 1]
[[10  0  0  0  0  0]
 [ 0 10  0  0  0  0]
 [ 0  0 10  0  0  0]
 [ 0  0  0 10  0  0]
 [ 0  0  0  0 10  0]
 [ 0  0  0  0  0 10]]
1.0
n_feature=5, score=1.0
[0, 0, 0, 1, 0, 1, 0, 1, 0, 1, 0, 1]
[[10  0  0  0  0  0]
 [ 0 10  0  0  0  0]
 [ 0  0 10  0  0  0]
 [ 0  0  0 10  0  0]
 [ 0  0  0  0 10  0]
 [ 0  0  0  0  0 10]]
1.0
n_feature=5, score=1.0
[0, 0, 0, 1, 0, 1, 0, 1, 0, 1, 0, 1]
[[10  0  0  0  0  0]
 [ 0 10  0  0  0  0]
 [ 0  0 10  0  0  0]
 [ 0  0  0 10  0  0]
 [ 0  0  0  0 10  0]
 [ 0  0  0  0  0 10]]
1.0
n_feature=4, score=1.0
[0, 0, 0, 1, 0, 1, 0, 1, 0, 0, 0, 1]
[[10  0  0  0  0  0]
 [ 0 10  0  0  0  0]
 [ 0  0 10  0  0  0]
 [ 0  0  0 10  0  0]
 [ 0  0  0  0 10  0]
 [ 0  0  0  0  0 10]]
1.0
n_feature=5, score=0.667
[0, 1, 0, 1, 0, 1, 0, 1, 0, 1, 0, 0]
[[ 5  1  0  0  1  3]
 [ 2  8  0  0  0  0]
 [ 0  0  1  0  0  9]
 [ 0  0  0  6  4  0]
 [ 0  0  0  0 10  0]
 [ 0  0  0  0  0 10]]
0.667
n_feature=6, score=1.0
[0, 0, 1, 1, 0, 1, 0, 1, 0, 1, 0, 1]
[[10  0  0  0  0  0]
 [ 0 10  0  0  0  0]
 [ 0  0 10  0  0  0]
 [ 0  0  0 10  0  0]
 [ 0  0  0  0 10  0]
 [ 0  0  0  0  0 10]]
1.0
n_feature=4, score=1.0
[0, 0, 0, 1, 0, 1, 0, 1, 0, 0, 0, 1]
[[10  0  0  0  0  0]
 [ 0 10  0  0  0  0]
 [ 0  0 10  0  0  0]
 [ 0  0  0 10  0  0]
 [ 0  0  0  0 10  0]
 [ 0  0  0  0  0 10]]
1.0
n_feature=5, score=1.0
[0, 0, 0, 1, 0, 1, 0, 1, 0, 1, 0, 1]
[[10  0  0  0  0  0]
 [ 0 10  0  0  0  0]
 [ 0  0 10  0  0  0]
 [ 0  0  0 10  0  0]
 [ 0  0  0  0 10  0]
 [ 0  0  0  0  0 10]]
1.0
n_feature=4, score=1.0
[0, 0, 0, 1, 0, 1, 0, 1, 0, 0, 0, 1]
[[10  0  0  0  0  0]
 [ 0 10  0  0  0  0]
 [ 0  0 10  0  0  0]
 [ 0  0  0 10  0  0]
 [ 0  0  0  0 10  0]
 [ 0  0  0  0  0 10]]
1.0
n_feature=5, score=1.0
[0, 0, 0, 1, 0, 1, 0, 1, 0, 1, 0, 1]
[[10  0  0  0  0  0]
 [ 0 10  0  0  0  0]
 [ 0  0 10  0  0  0]
 [ 0  0  0 10  0  0]
 [ 0  0  0  0 10  0]
 [ 0  0  0  0  0 10]]
1.0
n_feature=5, score=1.0
[0, 0, 0, 1, 0, 1, 0, 1, 0, 1, 0, 1]
[[10  0  0  0  0  0]
 [ 0 10  0  0  0  0]
 [ 0  0 10  0  0  0]
 [ 0  0  0 10  0  0]
 [ 0  0  0  0 10  0]
 [ 0  0  0  0  0 10]]
1.0
n_feature=5, score=1.0
[0, 0, 0, 1, 0, 1, 0, 1, 0, 1, 0, 1]
[[10  0  0  0  0  0]
 [ 0 10  0  0  0  0]
 [ 0  0 10  0  0  0]
 [ 0  0  0 10  0  0]
 [ 0  0  0  0 10  0]
 [ 0  0  0  0  0 10]]
1.0
n_feature=5, score=1.0
[0, 0, 0, 1, 0, 1, 0, 1, 0, 1, 0, 1]
[[10  0  0  0  0  0]
 [ 0 10  0  0  0  0]
 [ 0  0 10  0  0  0]
 [ 0  0  0 10  0  0]
 [ 0  0  0  0 10  0]
 [ 0  0  0  0  0 10]]
1.0
n_feature=4, score=1.0
[0, 0, 0, 1, 0, 1, 0, 1, 0, 0, 0, 1]
[[10  0  0  0  0  0]
 [ 0 10  0  0  0  0]
 [ 0  0 10  0  0  0]
 [ 0  0  0 10  0  0]
 [ 0  0  0  0 10  0]
 [ 0  0  0  0  0 10]]
1.0
n_feature=4, score=1.0
[0, 0, 0, 1, 0, 1, 0, 1, 0, 0, 0, 1]
[[10  0  0  0  0  0]
 [ 0 10  0  0  0  0]
 [ 0  0 10  0  0  0]
 [ 0  0  0 10  0  0]
 [ 0  0  0  0 10  0]
 [ 0  0  0  0  0 10]]
1.0
n_feature=5, score=1.0
[0, 0, 0, 1, 0, 1, 0, 1, 0, 1, 0, 1]
[[10  0  0  0  0  0]
 [ 0 10  0  0  0  0]
 [ 0  0 10  0  0  0]
 [ 0  0  0 10  0  0]
 [ 0  0  0  0 10  0]
 [ 0  0  0  0  0 10]]
1.0
n_feature=5, score=1.0
[0, 0, 0, 1, 0, 1, 0, 1, 0, 0, 1, 1]
[[10  0  0  0  0  0]
 [ 0 10  0  0  0  0]
 [ 0  0 10  0  0  0]
 [ 0  0  0 10  0  0]
 [ 0  0  0  0 10  0]
 [ 0  0  0  0  0 10]]
1.0
n_feature=4, score=1.0
[0, 0, 0, 1, 0, 1, 0, 1, 0, 0, 0, 1]
[[10  0  0  0  0  0]
 [ 0 10  0  0  0  0]
 [ 0  0 10  0  0  0]
 [ 0  0  0 10  0  0]
 [ 0  0  0  0 10  0]
 [ 0  0  0  0  0 10]]
1.0
n_feature=4, score=1.0
[0, 0, 0, 1, 0, 1, 0, 1, 0, 0, 0, 1]
[[10  0  0  0  0  0]
 [ 0 10  0  0  0  0]
 [ 0  0 10  0  0  0]
 [ 0  0  0 10  0  0]
 [ 0  0  0  0 10  0]
 [ 0  0  0  0  0 10]]
1.0
n_feature=4, score=1.0
[0, 0, 0, 1, 0, 1, 0, 1, 0, 0, 0, 1]
[[10  0  0  0  0  0]
 [ 0 10  0  0  0  0]
 [ 0  0 10  0  0  0]
 [ 0  0  0 10  0  0]
 [ 0  0  0  0 10  0]
 [ 0  0  0  0  0 10]]
1.0
n_feature=5, score=1.0
[0, 0, 0, 1, 0, 1, 0, 1, 0, 1, 0, 1]
[[10  0  0  0  0  0]
 [ 0 10  0  0  0  0]
 [ 0  0 10  0  0  0]
 [ 0  0  0 10  0  0]
 [ 0  0  0  0 10  0]
 [ 0  0  0  0  0 10]]
1.0
n_feature=7, score=1.0
[1, 0, 0, 1, 0, 1, 0, 1, 1, 1, 0, 1]
[[10  0  0  0  0  0]
 [ 0 10  0  0  0  0]
 [ 0  0 10  0  0  0]
 [ 0  0  0 10  0  0]
 [ 0  0  0  0 10  0]
 [ 0  0  0  0  0 10]]
1.0
n_feature=4, score=1.0
[0, 0, 0, 1, 0, 1, 0, 1, 0, 0, 0, 1]
[[10  0  0  0  0  0]
 [ 0 10  0  0  0  0]
 [ 0  0 10  0  0  0]
 [ 0  0  0 10  0  0]
 [ 0  0  0  0 10  0]
 [ 0  0  0  0  0 10]]
1.0
n_feature=4, score=1.0
[0, 0, 0, 1, 0, 1, 0, 1, 0, 0, 0, 1]
[[10  0  0  0  0  0]
 [ 0 10  0  0  0  0]
 [ 0  0 10  0  0  0]
 [ 0  0  0 10  0  0]
 [ 0  0  0  0 10  0]
 [ 0  0  0  0  0 10]]
1.0
n_feature=4, score=1.0
[0, 0, 0, 1, 0, 1, 0, 1, 0, 0, 0, 1]
[[10  0  0  0  0  0]
 [ 0 10  0  0  0  0]
 [ 0  0 10  0  0  0]
 [ 0  0  0 10  0  0]
 [ 0  0  0  0 10  0]
 [ 0  0  0  0  0 10]]
1.0
n_feature=4, score=1.0
[0, 0, 0, 1, 0, 1, 0, 1, 0, 0, 0, 1]
[[10  0  0  0  0  0]
 [ 0 10  0  0  0  0]
 [ 0  0 10  0  0  0]
 [ 0  0  0 10  0  0]
 [ 0  0  0  0 10  0]
 [ 0  0  0  0  0 10]]
1.0
n_feature=4, score=1.0
[0, 0, 0, 1, 0, 1, 0, 1, 0, 0, 0, 1]
[[10  0  0  0  0  0]
 [ 0 10  0  0  0  0]
 [ 0  0 10  0  0  0]
 [ 0  0  0 10  0  0]
 [ 0  0  0  0 10  0]
 [ 0  0  0  0  0 10]]
1.0
n_feature=4, score=1.0
[0, 0, 0, 1, 0, 1, 0, 1, 0, 0, 0, 1]
[[10  0  0  0  0  0]
 [ 0 10  0  0  0  0]
 [ 0  0 10  0  0  0]
 [ 0  0  0 10  0  0]
 [ 0  0  0  0 10  0]
 [ 0  0  0  0  0 10]]
1.0
n_feature=4, score=1.0
[0, 0, 0, 1, 0, 1, 0, 1, 0, 0, 0, 1]
[[10  0  0  0  0  0]
 [ 0 10  0  0  0  0]
 [ 0  0 10  0  0  0]
 [ 0  0  0 10  0  0]
 [ 0  0  0  0 10  0]
 [ 0  0  0  0  0 10]]
1.0
n_feature=5, score=1.0
[0, 0, 0, 1, 0, 1, 0, 1, 0, 1, 0, 1]
[[10  0  0  0  0  0]
 [ 0 10  0  0  0  0]
 [ 0  0 10  0  0  0]
 [ 0  0  0 10  0  0]
 [ 0  0  0  0 10  0]
 [ 0  0  0  0  0 10]]
1.0
n_feature=4, score=1.0
[0, 0, 0, 1, 0, 1, 0, 1, 0, 0, 0, 1]
[[10  0  0  0  0  0]
 [ 0 10  0  0  0  0]
 [ 0  0 10  0  0  0]
 [ 0  0  0 10  0  0]
 [ 0  0  0  0 10  0]
 [ 0  0  0  0  0 10]]
1.0
n_feature=4, score=1.0
[0, 0, 0, 1, 0, 1, 0, 1, 0, 0, 0, 1]
[[10  0  0  0  0  0]
 [ 0 10  0  0  0  0]
 [ 0  0 10  0  0  0]
 [ 0  0  0 10  0  0]
 [ 0  0  0  0 10  0]
 [ 0  0  0  0  0 10]]
1.0
n_feature=4, score=1.0
[0, 0, 0, 1, 0, 1, 0, 1, 0, 0, 0, 1]
[[10  0  0  0  0  0]
 [ 0 10  0  0  0  0]
 [ 0  0 10  0  0  0]
 [ 0  0  0 10  0  0]
 [ 0  0  0  0 10  0]
 [ 0  0  0  0  0 10]]
1.0
n_feature=4, score=1.0
[0, 0, 0, 1, 0, 1, 0, 1, 0, 0, 0, 1]
[[10  0  0  0  0  0]
 [ 0 10  0  0  0  0]
 [ 0  0 10  0  0  0]
 [ 0  0  0 10  0  0]
 [ 0  0  0  0 10  0]
 [ 0  0  0  0  0 10]]
1.0
n_feature=4, score=1.0
[0, 0, 0, 1, 0, 1, 0, 1, 0, 0, 0, 1]
[[10  0  0  0  0  0]
 [ 0 10  0  0  0  0]
 [ 0  0 10  0  0  0]
 [ 0  0  0 10  0  0]
 [ 0  0  0  0 10  0]
 [ 0  0  0  0  0 10]]
1.0
n_feature=5, score=1.0
[0, 0, 0, 1, 0, 1, 1, 1, 0, 0, 0, 1]
[[10  0  0  0  0  0]
 [ 0 10  0  0  0  0]
 [ 0  0 10  0  0  0]
 [ 0  0  0 10  0  0]
 [ 0  0  0  0 10  0]
 [ 0  0  0  0  0 10]]
1.0
n_feature=4, score=1.0
[0, 0, 0, 1, 0, 1, 0, 1, 0, 0, 0, 1]
[[10  0  0  0  0  0]
 [ 0 10  0  0  0  0]
 [ 0  0 10  0  0  0]
 [ 0  0  0 10  0  0]
 [ 0  0  0  0 10  0]
 [ 0  0  0  0  0 10]]
1.0
n_feature=4, score=1.0
[0, 0, 0, 1, 0, 1, 0, 1, 0, 0, 0, 1]
[[10  0  0  0  0  0]
 [ 0 10  0  0  0  0]
 [ 0  0 10  0  0  0]
 [ 0  0  0 10  0  0]
 [ 0  0  0  0 10  0]
 [ 0  0  0  0  0 10]]
1.0
n_feature=4, score=1.0
[0, 0, 0, 1, 0, 1, 0, 1, 0, 0, 0, 1]
[[10  0  0  0  0  0]
 [ 0 10  0  0  0  0]
 [ 0  0 10  0  0  0]
 [ 0  0  0 10  0  0]
 [ 0  0  0  0 10  0]
 [ 0  0  0  0  0 10]]
1.0
n_feature=4, score=1.0
[0, 0, 0, 1, 0, 1, 0, 1, 0, 0, 0, 1]
[[10  0  0  0  0  0]
 [ 0 10  0  0  0  0]
 [ 0  0 10  0  0  0]
 [ 0  0  0 10  0  0]
 [ 0  0  0  0 10  0]
 [ 0  0  0  0  0 10]]
1.0
n_feature=4, score=1.0
[0, 0, 0, 1, 0, 1, 0, 1, 0, 0, 0, 1]
[[10  0  0  0  0  0]
 [ 0 10  0  0  0  0]
 [ 0  0 10  0  0  0]
 [ 0  0  0 10  0  0]
 [ 0  0  0  0 10  0]
 [ 0  0  0  0  0 10]]
1.0
n_feature=4, score=1.0
[0, 0, 0, 1, 0, 1, 0, 1, 0, 0, 0, 1]
[[10  0  0  0  0  0]
 [ 0 10  0  0  0  0]
 [ 0  0 10  0  0  0]
 [ 0  0  0 10  0  0]
 [ 0  0  0  0 10  0]
 [ 0  0  0  0  0 10]]
1.0
n_feature=4, score=1.0
[0, 0, 0, 1, 0, 1, 0, 1, 0, 0, 0, 1]
[[10  0  0  0  0  0]
 [ 0 10  0  0  0  0]
 [ 0  0 10  0  0  0]
 [ 0  0  0 10  0  0]
 [ 0  0  0  0 10  0]
 [ 0  0  0  0  0 10]]
1.0
n_feature=4, score=1.0
[0, 0, 0, 1, 0, 1, 0, 1, 0, 0, 0, 1]
[[10  0  0  0  0  0]
 [ 0 10  0  0  0  0]
 [ 0  0 10  0  0  0]
 [ 0  0  0 10  0  0]
 [ 0  0  0  0 10  0]
 [ 0  0  0  0  0 10]]
1.0
n_feature=4, score=1.0
[1, 0, 0, 1, 0, 0, 0, 1, 0, 0, 0, 1]
[[10  0  0  0  0  0]
 [ 0 10  0  0  0  0]
 [ 0  0 10  0  0  0]
 [ 0  0  0 10  0  0]
 [ 0  0  0  0 10  0]
 [ 0  0  0  0  0 10]]
1.0
n_feature=4, score=1.0
[0, 0, 0, 1, 0, 1, 0, 1, 0, 0, 0, 1]
[[10  0  0  0  0  0]
 [ 0 10  0  0  0  0]
 [ 0  0 10  0  0  0]
 [ 0  0  0 10  0  0]
 [ 0  0  0  0 10  0]
 [ 0  0  0  0  0 10]]
1.0
n_feature=4, score=1.0
[0, 0, 0, 1, 0, 1, 0, 1, 0, 0, 0, 1]
[[10  0  0  0  0  0]
 [ 0 10  0  0  0  0]
 [ 0  0 10  0  0  0]
 [ 0  0  0 10  0  0]
 [ 0  0  0  0 10  0]
 [ 0  0  0  0  0 10]]
1.0
n_feature=4, score=1.0
[0, 0, 0, 1, 0, 1, 0, 1, 0, 0, 0, 1]
[[10  0  0  0  0  0]
 [ 0 10  0  0  0  0]
 [ 0  0 10  0  0  0]
 [ 0  0  0 10  0  0]
 [ 0  0  0  0 10  0]
 [ 0  0  0  0  0 10]]
1.0
n_feature=4, score=1.0
[0, 0, 0, 1, 0, 1, 0, 1, 0, 0, 0, 1]
[[10  0  0  0  0  0]
 [ 0 10  0  0  0  0]
 [ 0  0 10  0  0  0]
 [ 0  0  0 10  0  0]
 [ 0  0  0  0 10  0]
 [ 0  0  0  0  0 10]]
1.0
n_feature=5, score=1.0
[0, 1, 0, 1, 0, 1, 0, 1, 0, 0, 0, 1]
[[10  0  0  0  0  0]
 [ 0 10  0  0  0  0]
 [ 0  0 10  0  0  0]
 [ 0  0  0 10  0  0]
 [ 0  0  0  0 10  0]
 [ 0  0  0  0  0 10]]
1.0
n_feature=4, score=1.0
[1, 0, 0, 1, 0, 0, 0, 1, 0, 0, 0, 1]
[[10  0  0  0  0  0]
 [ 0 10  0  0  0  0]
 [ 0  0 10  0  0  0]
 [ 0  0  0 10  0  0]
 [ 0  0  0  0 10  0]
 [ 0  0  0  0  0 10]]
1.0
n_feature=4, score=1.0
[0, 0, 0, 1, 0, 1, 0, 1, 0, 0, 0, 1]
[[10  0  0  0  0  0]
 [ 0 10  0  0  0  0]
 [ 0  0 10  0  0  0]
 [ 0  0  0 10  0  0]
 [ 0  0  0  0 10  0]
 [ 0  0  0  0  0 10]]
1.0
n_feature=3, score=1.0
[0, 0, 0, 0, 0, 1, 0, 1, 0, 0, 0, 1]
[[10  0  0  0  0  0]
 [ 0 10  0  0  0  0]
 [ 0  0 10  0  0  0]
 [ 0  0  0 10  0  0]
 [ 0  0  0  0 10  0]
 [ 0  0  0  0  0 10]]
1.0
n_feature=4, score=1.0
[0, 0, 0, 1, 0, 1, 0, 1, 0, 0, 0, 1]
[[10  0  0  0  0  0]
 [ 0 10  0  0  0  0]
 [ 0  0 10  0  0  0]
 [ 0  0  0 10  0  0]
 [ 0  0  0  0 10  0]
 [ 0  0  0  0  0 10]]
1.0
n_feature=4, score=1.0
[0, 0, 0, 1, 0, 1, 0, 1, 0, 0, 0, 1]
[[10  0  0  0  0  0]
 [ 0 10  0  0  0  0]
 [ 0  0 10  0  0  0]
 [ 0  0  0 10  0  0]
 [ 0  0  0  0 10  0]
 [ 0  0  0  0  0 10]]
1.0
n_feature=4, score=1.0
[0, 0, 0, 1, 0, 1, 0, 1, 0, 0, 0, 1]
[[10  0  0  0  0  0]
 [ 0 10  0  0  0  0]
 [ 0  0 10  0  0  0]
 [ 0  0  0 10  0  0]
 [ 0  0  0  0 10  0]
 [ 0  0  0  0  0 10]]
1.0
n_feature=4, score=1.0
[0, 0, 0, 1, 0, 1, 0, 1, 0, 0, 0, 1]
[[10  0  0  0  0  0]
 [ 0 10  0  0  0  0]
 [ 0  0 10  0  0  0]
 [ 0  0  0 10  0  0]
 [ 0  0  0  0 10  0]
 [ 0  0  0  0  0 10]]
1.0
n_feature=3, score=1.0
[0, 0, 0, 0, 0, 1, 0, 1, 0, 0, 0, 1]
[[10  0  0  0  0  0]
 [ 0 10  0  0  0  0]
 [ 0  0 10  0  0  0]
 [ 0  0  0 10  0  0]
 [ 0  0  0  0 10  0]
 [ 0  0  0  0  0 10]]
1.0
n_feature=4, score=1.0
[0, 0, 0, 1, 0, 1, 0, 1, 0, 0, 0, 1]
[[10  0  0  0  0  0]
 [ 0 10  0  0  0  0]
 [ 0  0 10  0  0  0]
 [ 0  0  0 10  0  0]
 [ 0  0  0  0 10  0]
 [ 0  0  0  0  0 10]]
1.0
n_feature=4, score=1.0
[0, 0, 0, 1, 0, 1, 0, 1, 0, 0, 0, 1]
[[10  0  0  0  0  0]
 [ 0 10  0  0  0  0]
 [ 0  0 10  0  0  0]
 [ 0  0  0 10  0  0]
 [ 0  0  0  0 10  0]
 [ 0  0  0  0  0 10]]
1.0
n_feature=4, score=1.0
[0, 0, 0, 1, 0, 1, 0, 1, 0, 0, 0, 1]
[[10  0  0  0  0  0]
 [ 0 10  0  0  0  0]
 [ 0  0 10  0  0  0]
 [ 0  0  0 10  0  0]
 [ 0  0  0  0 10  0]
 [ 0  0  0  0  0 10]]
1.0
n_feature=3, score=1.0
[0, 0, 0, 0, 0, 1, 0, 1, 0, 0, 0, 1]
[[10  0  0  0  0  0]
 [ 0 10  0  0  0  0]
 [ 0  0 10  0  0  0]
 [ 0  0  0 10  0  0]
 [ 0  0  0  0 10  0]
 [ 0  0  0  0  0 10]]
1.0
n_feature=4, score=1.0
[0, 0, 0, 1, 0, 1, 0, 1, 0, 0, 0, 1]
[[10  0  0  0  0  0]
 [ 0 10  0  0  0  0]
 [ 0  0 10  0  0  0]
 [ 0  0  0 10  0  0]
 [ 0  0  0  0 10  0]
 [ 0  0  0  0  0 10]]
1.0
n_feature=4, score=1.0
[0, 0, 0, 1, 0, 1, 0, 1, 0, 0, 0, 1]
[[10  0  0  0  0  0]
 [ 0 10  0  0  0  0]
 [ 0  0 10  0  0  0]
 [ 0  0  0 10  0  0]
 [ 0  0  0  0 10  0]
 [ 0  0  0  0  0 10]]
1.0
n_feature=3, score=1.0
[0, 0, 0, 0, 0, 1, 0, 1, 0, 0, 0, 1]
[[10  0  0  0  0  0]
 [ 0 10  0  0  0  0]
 [ 0  0 10  0  0  0]
 [ 0  0  0 10  0  0]
 [ 0  0  0  0 10  0]
 [ 0  0  0  0  0 10]]
1.0
n_feature=4, score=1.0
[0, 0, 0, 1, 0, 1, 0, 1, 0, 0, 0, 1]
[[10  0  0  0  0  0]
 [ 0 10  0  0  0  0]
 [ 0  0 10  0  0  0]
 [ 0  0  0 10  0  0]
 [ 0  0  0  0 10  0]
 [ 0  0  0  0  0 10]]
1.0
n_feature=4, score=1.0
[0, 0, 0, 1, 0, 1, 0, 1, 0, 0, 0, 1]
[[10  0  0  0  0  0]
 [ 0 10  0  0  0  0]
 [ 0  0 10  0  0  0]
 [ 0  0  0 10  0  0]
 [ 0  0  0  0 10  0]
 [ 0  0  0  0  0 10]]
1.0
n_feature=3, score=1.0
[0, 0, 0, 0, 0, 1, 0, 1, 0, 0, 0, 1]
[[10  0  0  0  0  0]
 [ 0 10  0  0  0  0]
 [ 0  0 10  0  0  0]
 [ 0  0  0 10  0  0]
 [ 0  0  0  0 10  0]
 [ 0  0  0  0  0 10]]
1.0
n_feature=3, score=1.0
[0, 0, 0, 0, 0, 1, 0, 1, 0, 0, 0, 1]
[[10  0  0  0  0  0]
 [ 0 10  0  0  0  0]
 [ 0  0 10  0  0  0]
 [ 0  0  0 10  0  0]
 [ 0  0  0  0 10  0]
 [ 0  0  0  0  0 10]]
1.0
n_feature=3, score=1.0
[0, 0, 0, 0, 0, 1, 0, 1, 0, 0, 0, 1]
[[10  0  0  0  0  0]
 [ 0 10  0  0  0  0]
 [ 0  0 10  0  0  0]
 [ 0  0  0 10  0  0]
 [ 0  0  0  0 10  0]
 [ 0  0  0  0  0 10]]
1.0
n_feature=4, score=1.0
[0, 0, 0, 1, 0, 1, 0, 1, 0, 0, 0, 1]
[[10  0  0  0  0  0]
 [ 0 10  0  0  0  0]
 [ 0  0 10  0  0  0]
 [ 0  0  0 10  0  0]
 [ 0  0  0  0 10  0]
 [ 0  0  0  0  0 10]]
1.0
n_feature=4, score=1.0
[1, 0, 0, 1, 0, 0, 0, 1, 0, 0, 0, 1]
[[10  0  0  0  0  0]
 [ 0 10  0  0  0  0]
 [ 0  0 10  0  0  0]
 [ 0  0  0 10  0  0]
 [ 0  0  0  0 10  0]
 [ 0  0  0  0  0 10]]
1.0
n_feature=4, score=1.0
[0, 0, 0, 1, 0, 1, 0, 1, 0, 0, 0, 1]
[[10  0  0  0  0  0]
 [ 0 10  0  0  0  0]
 [ 0  0 10  0  0  0]
 [ 0  0  0 10  0  0]
 [ 0  0  0  0 10  0]
 [ 0  0  0  0  0 10]]
1.0
n_feature=3, score=1.0
[0, 0, 0, 0, 0, 1, 0, 1, 0, 0, 0, 1]
[[10  0  0  0  0  0]
 [ 0 10  0  0  0  0]
 [ 0  0 10  0  0  0]
 [ 0  0  0 10  0  0]
 [ 0  0  0  0 10  0]
 [ 0  0  0  0  0 10]]
1.0
n_feature=3, score=1.0
[0, 0, 0, 0, 0, 1, 0, 1, 0, 0, 0, 1]
[[10  0  0  0  0  0]
 [ 0 10  0  0  0  0]
 [ 0  0 10  0  0  0]
 [ 0  0  0 10  0  0]
 [ 0  0  0  0 10  0]
 [ 0  0  0  0  0 10]]
1.0
n_feature=3, score=1.0
[0, 0, 0, 0, 0, 1, 0, 1, 0, 0, 0, 1]
[[10  0  0  0  0  0]
 [ 0 10  0  0  0  0]
 [ 0  0 10  0  0  0]
 [ 0  0  0 10  0  0]
 [ 0  0  0  0 10  0]
 [ 0  0  0  0  0 10]]
1.0
n_feature=3, score=1.0
[0, 0, 0, 0, 0, 1, 0, 1, 0, 0, 0, 1]
[[10  0  0  0  0  0]
 [ 0 10  0  0  0  0]
 [ 0  0 10  0  0  0]
 [ 0  0  0 10  0  0]
 [ 0  0  0  0 10  0]
 [ 0  0  0  0  0 10]]
1.0
n_feature=3, score=1.0
[0, 0, 0, 0, 0, 1, 0, 1, 0, 0, 0, 1]
[[10  0  0  0  0  0]
 [ 0 10  0  0  0  0]
 [ 0  0 10  0  0  0]
 [ 0  0  0 10  0  0]
 [ 0  0  0  0 10  0]
 [ 0  0  0  0  0 10]]
1.0
n_feature=3, score=1.0
[0, 0, 0, 0, 0, 1, 0, 1, 0, 0, 0, 1]
[[10  0  0  0  0  0]
 [ 0 10  0  0  0  0]
 [ 0  0 10  0  0  0]
 [ 0  0  0 10  0  0]
 [ 0  0  0  0 10  0]
 [ 0  0  0  0  0 10]]
1.0
n_feature=3, score=1.0
[0, 0, 0, 0, 0, 1, 0, 1, 0, 0, 0, 1]
[[10  0  0  0  0  0]
 [ 0 10  0  0  0  0]
 [ 0  0 10  0  0  0]
 [ 0  0  0 10  0  0]
 [ 0  0  0  0 10  0]
 [ 0  0  0  0  0 10]]
1.0
n_feature=3, score=1.0
[0, 0, 0, 0, 0, 1, 0, 1, 0, 0, 0, 1]
[[10  0  0  0  0  0]
 [ 0 10  0  0  0  0]
 [ 0  0 10  0  0  0]
 [ 0  0  0 10  0  0]
 [ 0  0  0  0 10  0]
 [ 0  0  0  0  0 10]]
1.0
n_feature=3, score=1.0
[0, 0, 0, 0, 0, 1, 0, 1, 0, 0, 0, 1]
[[10  0  0  0  0  0]
 [ 0 10  0  0  0  0]
 [ 0  0 10  0  0  0]
 [ 0  0  0 10  0  0]
 [ 0  0  0  0 10  0]
 [ 0  0  0  0  0 10]]
1.0
n_feature=3, score=1.0
[0, 0, 0, 0, 0, 1, 0, 1, 0, 0, 0, 1]
[[10  0  0  0  0  0]
 [ 0 10  0  0  0  0]
 [ 0  0 10  0  0  0]
 [ 0  0  0 10  0  0]
 [ 0  0  0  0 10  0]
 [ 0  0  0  0  0 10]]
1.0
n_feature=5, score=1.0
[1, 0, 0, 0, 0, 1, 0, 1, 0, 0, 1, 1]
[[10  0  0  0  0  0]
 [ 0 10  0  0  0  0]
 [ 0  0 10  0  0  0]
 [ 0  0  0 10  0  0]
 [ 0  0  0  0 10  0]
 [ 0  0  0  0  0 10]]
1.0
n_feature=3, score=1.0
[0, 0, 0, 0, 0, 1, 0, 1, 0, 0, 0, 1]
[[10  0  0  0  0  0]
 [ 0 10  0  0  0  0]
 [ 0  0 10  0  0  0]
 [ 0  0  0 10  0  0]
 [ 0  0  0  0 10  0]
 [ 0  0  0  0  0 10]]
1.0
n_feature=3, score=1.0
[0, 0, 0, 0, 0, 1, 0, 1, 0, 0, 0, 1]
[[10  0  0  0  0  0]
 [ 0 10  0  0  0  0]
 [ 0  0 10  0  0  0]
 [ 0  0  0 10  0  0]
 [ 0  0  0  0 10  0]
 [ 0  0  0  0  0 10]]
1.0
n_feature=4, score=1.0
[0, 0, 0, 0, 0, 1, 0, 1, 1, 0, 0, 1]
[[10  0  0  0  0  0]
 [ 0 10  0  0  0  0]
 [ 0  0 10  0  0  0]
 [ 0  0  0 10  0  0]
 [ 0  0  0  0 10  0]
 [ 0  0  0  0  0 10]]
1.0
n_feature=3, score=1.0
[0, 0, 0, 0, 0, 1, 0, 1, 0, 0, 0, 1]
[[10  0  0  0  0  0]
 [ 0 10  0  0  0  0]
 [ 0  0 10  0  0  0]
 [ 0  0  0 10  0  0]
 [ 0  0  0  0 10  0]
 [ 0  0  0  0  0 10]]
1.0
n_feature=3, score=1.0
[0, 0, 0, 0, 0, 1, 0, 1, 0, 0, 0, 1]
[[10  0  0  0  0  0]
 [ 0 10  0  0  0  0]
 [ 0  0 10  0  0  0]
 [ 0  0  0 10  0  0]
 [ 0  0  0  0 10  0]
 [ 0  0  0  0  0 10]]
1.0
n_feature=3, score=1.0
[0, 0, 0, 0, 0, 1, 0, 1, 0, 0, 0, 1]
[[10  0  0  0  0  0]
 [ 0 10  0  0  0  0]
 [ 0  0 10  0  0  0]
 [ 0  0  0 10  0  0]
 [ 0  0  0  0 10  0]
 [ 0  0  0  0  0 10]]
1.0
n_feature=2, score=0.483
[0, 0, 0, 0, 0, 1, 0, 1, 0, 0, 0, 0]
[[ 0  2  0  0  0  8]
 [ 0  8  0  0  0  2]
 [ 0  0  1  0  0  9]
 [ 0 10  0  0  0  0]
 [ 0  0  0  0 10  0]
 [ 0  0  0  0  0 10]]
0.483
n_feature=4, score=1.0
[0, 0, 1, 0, 0, 1, 0, 1, 0, 0, 0, 1]
[[10  0  0  0  0  0]
 [ 0 10  0  0  0  0]
 [ 0  0 10  0  0  0]
 [ 0  0  0 10  0  0]
 [ 0  0  0  0 10  0]
 [ 0  0  0  0  0 10]]
1.0
n_feature=3, score=1.0
[0, 0, 0, 0, 0, 1, 0, 1, 0, 0, 0, 1]
[[10  0  0  0  0  0]
 [ 0 10  0  0  0  0]
 [ 0  0 10  0  0  0]
 [ 0  0  0 10  0  0]
 [ 0  0  0  0 10  0]
 [ 0  0  0  0  0 10]]
1.0
n_feature=3, score=1.0
[0, 0, 0, 0, 0, 1, 0, 1, 0, 0, 0, 1]
[[10  0  0  0  0  0]
 [ 0 10  0  0  0  0]
 [ 0  0 10  0  0  0]
 [ 0  0  0 10  0  0]
 [ 0  0  0  0 10  0]
 [ 0  0  0  0  0 10]]
1.0
n_feature=3, score=1.0
[0, 0, 0, 0, 0, 1, 0, 1, 0, 0, 0, 1]
[[10  0  0  0  0  0]
 [ 0 10  0  0  0  0]
 [ 0  0 10  0  0  0]
 [ 0  0  0 10  0  0]
 [ 0  0  0  0 10  0]
 [ 0  0  0  0  0 10]]
1.0
n_feature=3, score=1.0
[0, 0, 0, 0, 0, 1, 0, 1, 0, 0, 0, 1]
[[10  0  0  0  0  0]
 [ 0 10  0  0  0  0]
 [ 0  0 10  0  0  0]
 [ 0  0  0 10  0  0]
 [ 0  0  0  0 10  0]
 [ 0  0  0  0  0 10]]
1.0
n_feature=3, score=1.0
[0, 0, 0, 0, 0, 1, 0, 1, 0, 0, 0, 1]
[[10  0  0  0  0  0]
 [ 0 10  0  0  0  0]
 [ 0  0 10  0  0  0]
 [ 0  0  0 10  0  0]
 [ 0  0  0  0 10  0]
 [ 0  0  0  0  0 10]]
1.0
n_feature=3, score=1.0
[0, 0, 0, 0, 0, 1, 0, 1, 0, 0, 0, 1]
[[10  0  0  0  0  0]
 [ 0 10  0  0  0  0]
 [ 0  0 10  0  0  0]
 [ 0  0  0 10  0  0]
 [ 0  0  0  0 10  0]
 [ 0  0  0  0  0 10]]
1.0
n_feature=3, score=1.0
[0, 0, 0, 0, 0, 1, 0, 1, 0, 0, 0, 1]
[[10  0  0  0  0  0]
 [ 0 10  0  0  0  0]
 [ 0  0 10  0  0  0]
 [ 0  0  0 10  0  0]
 [ 0  0  0  0 10  0]
 [ 0  0  0  0  0 10]]
1.0
n_feature=3, score=1.0
[0, 0, 0, 0, 0, 1, 0, 1, 0, 0, 0, 1]
[[10  0  0  0  0  0]
 [ 0 10  0  0  0  0]
 [ 0  0 10  0  0  0]
 [ 0  0  0 10  0  0]
 [ 0  0  0  0 10  0]
 [ 0  0  0  0  0 10]]
1.0
n_feature=3, score=1.0
[0, 0, 0, 0, 0, 1, 0, 1, 0, 0, 0, 1]
[[10  0  0  0  0  0]
 [ 0 10  0  0  0  0]
 [ 0  0 10  0  0  0]
 [ 0  0  0 10  0  0]
 [ 0  0  0  0 10  0]
 [ 0  0  0  0  0 10]]
1.0
n_feature=3, score=1.0
[0, 0, 0, 0, 0, 1, 0, 1, 0, 0, 0, 1]
[[10  0  0  0  0  0]
 [ 0 10  0  0  0  0]
 [ 0  0 10  0  0  0]
 [ 0  0  0 10  0  0]
 [ 0  0  0  0 10  0]
 [ 0  0  0  0  0 10]]
1.0
n_feature=3, score=1.0
[0, 0, 0, 0, 0, 1, 0, 1, 0, 0, 0, 1]
[[10  0  0  0  0  0]
 [ 0 10  0  0  0  0]
 [ 0  0 10  0  0  0]
 [ 0  0  0 10  0  0]
 [ 0  0  0  0 10  0]
 [ 0  0  0  0  0 10]]
1.0
n_feature=3, score=1.0
[0, 0, 0, 0, 0, 1, 0, 1, 0, 0, 0, 1]
[[10  0  0  0  0  0]
 [ 0 10  0  0  0  0]
 [ 0  0 10  0  0  0]
 [ 0  0  0 10  0  0]
 [ 0  0  0  0 10  0]
 [ 0  0  0  0  0 10]]
1.0
n_feature=3, score=1.0
[0, 0, 0, 0, 0, 1, 0, 1, 0, 0, 0, 1]
[[10  0  0  0  0  0]
 [ 0 10  0  0  0  0]
 [ 0  0 10  0  0  0]
 [ 0  0  0 10  0  0]
 [ 0  0  0  0 10  0]
 [ 0  0  0  0  0 10]]
1.0
n_feature=3, score=1.0
[0, 0, 0, 0, 0, 1, 0, 1, 0, 0, 0, 1]
[[10  0  0  0  0  0]
 [ 0 10  0  0  0  0]
 [ 0  0 10  0  0  0]
 [ 0  0  0 10  0  0]
 [ 0  0  0  0 10  0]
 [ 0  0  0  0  0 10]]
1.0
n_feature=3, score=1.0
[0, 0, 0, 0, 0, 1, 0, 1, 0, 0, 0, 1]
[[10  0  0  0  0  0]
 [ 0 10  0  0  0  0]
 [ 0  0 10  0  0  0]
 [ 0  0  0 10  0  0]
 [ 0  0  0  0 10  0]
 [ 0  0  0  0  0 10]]
1.0
n_feature=3, score=1.0
[0, 0, 0, 0, 0, 1, 0, 1, 0, 0, 0, 1]
[[10  0  0  0  0  0]
 [ 0 10  0  0  0  0]
 [ 0  0 10  0  0  0]
 [ 0  0  0 10  0  0]
 [ 0  0  0  0 10  0]
 [ 0  0  0  0  0 10]]
1.0
n_feature=3, score=1.0
[0, 0, 0, 0, 0, 1, 0, 1, 0, 0, 0, 1]
[[10  0  0  0  0  0]
 [ 0 10  0  0  0  0]
 [ 0  0 10  0  0  0]
 [ 0  0  0 10  0  0]
 [ 0  0  0  0 10  0]
 [ 0  0  0  0  0 10]]
1.0
n_feature=3, score=1.0
[0, 0, 0, 0, 0, 1, 0, 1, 0, 0, 0, 1]
[[10  0  0  0  0  0]
 [ 0 10  0  0  0  0]
 [ 0  0 10  0  0  0]
 [ 0  0  0 10  0  0]
 [ 0  0  0  0 10  0]
 [ 0  0  0  0  0 10]]
1.0
n_feature=3, score=1.0
[0, 0, 0, 0, 0, 1, 0, 1, 0, 0, 0, 1]
[[10  0  0  0  0  0]
 [ 0 10  0  0  0  0]
 [ 0  0 10  0  0  0]
 [ 0  0  0 10  0  0]
 [ 0  0  0  0 10  0]
 [ 0  0  0  0  0 10]]
1.0
n_feature=3, score=1.0
[0, 0, 0, 0, 0, 1, 0, 1, 0, 0, 0, 1]
[[10  0  0  0  0  0]
 [ 0 10  0  0  0  0]
 [ 0  0 10  0  0  0]
 [ 0  0  0 10  0  0]
 [ 0  0  0  0 10  0]
 [ 0  0  0  0  0 10]]
1.0
n_feature=3, score=1.0
[0, 0, 0, 0, 0, 1, 0, 1, 0, 0, 0, 1]
[[10  0  0  0  0  0]
 [ 0 10  0  0  0  0]
 [ 0  0 10  0  0  0]
 [ 0  0  0 10  0  0]
 [ 0  0  0  0 10  0]
 [ 0  0  0  0  0 10]]
1.0
n_feature=3, score=1.0
[0, 0, 0, 0, 0, 1, 0, 1, 0, 0, 0, 1]
[[10  0  0  0  0  0]
 [ 0 10  0  0  0  0]
 [ 0  0 10  0  0  0]
 [ 0  0  0 10  0  0]
 [ 0  0  0  0 10  0]
 [ 0  0  0  0  0 10]]
1.0
n_feature=3, score=1.0
[0, 0, 0, 0, 0, 1, 0, 1, 0, 0, 0, 1]
[[10  0  0  0  0  0]
 [ 0 10  0  0  0  0]
 [ 0  0 10  0  0  0]
 [ 0  0  0 10  0  0]
 [ 0  0  0  0 10  0]
 [ 0  0  0  0  0 10]]
1.0
n_feature=3, score=1.0
[0, 0, 0, 0, 0, 1, 0, 1, 0, 0, 0, 1]
[[10  0  0  0  0  0]
 [ 0 10  0  0  0  0]
 [ 0  0 10  0  0  0]
 [ 0  0  0 10  0  0]
 [ 0  0  0  0 10  0]
 [ 0  0  0  0  0 10]]
1.0
n_feature=3, score=1.0
[0, 0, 0, 0, 0, 1, 0, 1, 0, 0, 0, 1]
[[10  0  0  0  0  0]
 [ 0 10  0  0  0  0]
 [ 0  0 10  0  0  0]
 [ 0  0  0 10  0  0]
 [ 0  0  0  0 10  0]
 [ 0  0  0  0  0 10]]
1.0
n_feature=3, score=1.0
[0, 0, 0, 0, 0, 1, 0, 1, 0, 0, 0, 1]
[[10  0  0  0  0  0]
 [ 0 10  0  0  0  0]
 [ 0  0 10  0  0  0]
 [ 0  0  0 10  0  0]
 [ 0  0  0  0 10  0]
 [ 0  0  0  0  0 10]]
1.0
n_feature=3, score=1.0
[0, 0, 0, 0, 0, 1, 0, 1, 0, 0, 0, 1]
[[10  0  0  0  0  0]
 [ 0 10  0  0  0  0]
 [ 0  0 10  0  0  0]
 [ 0  0  0 10  0  0]
 [ 0  0  0  0 10  0]
 [ 0  0  0  0  0 10]]
1.0
n_feature=3, score=1.0
[0, 0, 0, 0, 0, 1, 0, 1, 0, 0, 0, 1]
[[10  0  0  0  0  0]
 [ 0 10  0  0  0  0]
 [ 0  0 10  0  0  0]
 [ 0  0  0 10  0  0]
 [ 0  0  0  0 10  0]
 [ 0  0  0  0  0 10]]
1.0
n_feature=3, score=1.0
[0, 0, 0, 0, 0, 1, 0, 1, 0, 0, 0, 1]
[[10  0  0  0  0  0]
 [ 0 10  0  0  0  0]
 [ 0  0 10  0  0  0]
 [ 0  0  0 10  0  0]
 [ 0  0  0  0 10  0]
 [ 0  0  0  0  0 10]]
1.0
n_feature=3, score=1.0
[0, 0, 0, 0, 0, 1, 0, 1, 0, 0, 0, 1]
[[10  0  0  0  0  0]
 [ 0 10  0  0  0  0]
 [ 0  0 10  0  0  0]
 [ 0  0  0 10  0  0]
 [ 0  0  0  0 10  0]
 [ 0  0  0  0  0 10]]
1.0
n_feature=3, score=1.0
[0, 0, 0, 0, 0, 1, 0, 1, 0, 0, 0, 1]
[[10  0  0  0  0  0]
 [ 0 10  0  0  0  0]
 [ 0  0 10  0  0  0]
 [ 0  0  0 10  0  0]
 [ 0  0  0  0 10  0]
 [ 0  0  0  0  0 10]]
1.0
n_feature=3, score=1.0
[0, 0, 0, 0, 0, 1, 0, 1, 0, 0, 0, 1]
[[10  0  0  0  0  0]
 [ 0 10  0  0  0  0]
 [ 0  0 10  0  0  0]
 [ 0  0  0 10  0  0]
 [ 0  0  0  0 10  0]
 [ 0  0  0  0  0 10]]
1.0
n_feature=5, score=1.0
[0, 0, 0, 0, 1, 1, 0, 1, 1, 0, 0, 1]
[[10  0  0  0  0  0]
 [ 0 10  0  0  0  0]
 [ 0  0 10  0  0  0]
 [ 0  0  0 10  0  0]
 [ 0  0  0  0 10  0]
 [ 0  0  0  0  0 10]]
1.0
n_feature=3, score=1.0
[0, 0, 0, 0, 0, 1, 0, 1, 0, 0, 0, 1]
[[10  0  0  0  0  0]
 [ 0 10  0  0  0  0]
 [ 0  0 10  0  0  0]
 [ 0  0  0 10  0  0]
 [ 0  0  0  0 10  0]
 [ 0  0  0  0  0 10]]
1.0
n_feature=3, score=1.0
[0, 0, 0, 0, 0, 1, 0, 1, 0, 0, 0, 1]
[[10  0  0  0  0  0]
 [ 0 10  0  0  0  0]
 [ 0  0 10  0  0  0]
 [ 0  0  0 10  0  0]
 [ 0  0  0  0 10  0]
 [ 0  0  0  0  0 10]]
1.0
n_feature=3, score=1.0
[0, 0, 0, 0, 0, 1, 0, 1, 0, 0, 0, 1]
[[10  0  0  0  0  0]
 [ 0 10  0  0  0  0]
 [ 0  0 10  0  0  0]
 [ 0  0  0 10  0  0]
 [ 0  0  0  0 10  0]
 [ 0  0  0  0  0 10]]
1.0
n_feature=3, score=1.0
[0, 0, 0, 0, 0, 1, 0, 1, 0, 0, 0, 1]
[[10  0  0  0  0  0]
 [ 0 10  0  0  0  0]
 [ 0  0 10  0  0  0]
 [ 0  0  0 10  0  0]
 [ 0  0  0  0 10  0]
 [ 0  0  0  0  0 10]]
1.0
n_feature=4, score=1.0
[1, 0, 0, 0, 0, 1, 0, 1, 0, 0, 0, 1]
[[10  0  0  0  0  0]
 [ 0 10  0  0  0  0]
 [ 0  0 10  0  0  0]
 [ 0  0  0 10  0  0]
 [ 0  0  0  0 10  0]
 [ 0  0  0  0  0 10]]
1.0
n_feature=3, score=1.0
[0, 0, 0, 0, 0, 1, 0, 1, 0, 0, 0, 1]
[[10  0  0  0  0  0]
 [ 0 10  0  0  0  0]
 [ 0  0 10  0  0  0]
 [ 0  0  0 10  0  0]
 [ 0  0  0  0 10  0]
 [ 0  0  0  0  0 10]]
1.0
******************************
[[0, 0, 0, 0, 0, 1, 0, 1, 0, 0, 0, 1], [0, 0, 0, 0, 0, 1, 0, 1, 0, 0, 0, 1], [0, 0, 0, 0, 0, 1, 0, 1, 0, 0, 0, 1], [0, 0, 0, 0, 0, 1, 0, 1, 0, 0, 0, 1], [0, 0, 0, 0, 0, 1, 0, 1, 0, 0, 0, 1], [0, 0, 0, 0, 0, 1, 0, 1, 0, 0, 0, 1], [0, 0, 0, 0, 0, 1, 0, 1, 0, 0, 0, 1], [0, 0, 0, 0, 1, 1, 0, 1, 1, 0, 0, 1], [0, 0, 0, 0, 0, 1, 0, 1, 0, 0, 0, 1], [0, 0, 0, 0, 0, 1, 0, 1, 0, 0, 0, 1], [0, 0, 0, 0, 0, 1, 0, 1, 0, 0, 0, 1], [0, 0, 0, 0, 0, 1, 0, 1, 0, 0, 0, 1], [0, 0, 0, 0, 0, 1, 0, 1, 0, 0, 0, 1], [1, 0, 0, 0, 0, 1, 0, 1, 0, 0, 0, 1], [0, 0, 0, 0, 0, 1, 0, 1, 0, 0, 0, 1], [0, 0, 0, 0, 0, 1, 0, 1, 0, 0, 0, 1], [0, 0, 0, 0, 0, 1, 0, 1, 0, 0, 0, 1], [0, 0, 0, 0, 0, 1, 0, 1, 0, 0, 0, 1], [0, 0, 0, 0, 0, 1, 0, 1, 0, 0, 0, 1], [0, 0, 0, 0, 0, 1, 0, 1, 0, 0, 0, 1]]
gen	nevals	avg              	std                    	min          	max      
0  	20    	[0.81165 5.7    ]	[0.1999163  1.92613603]	[0.467 2.   ]	[ 1. 10.]
1  	14    	[0.9742 6.35  ]  	[0.08095221 0.96306801]	[0.667 5.   ]	[1. 9.]  
2  	17    	[1.   6.05]      	[0.         0.66895441]	[1. 5.]      	[1. 7.]  
3  	11    	[1.  5.5]        	[0.         0.59160798]	[1. 5.]      	[1. 7.]  
4  	13    	[1.  5.1]        	[0.  0.3]              	[1. 5.]      	[1. 6.]  
5  	6     	[1. 5.]          	[0. 0.]                	[1. 5.]      	[1. 5.]  
6  	11    	[0.99165 5.     ]	[0.03639681 0.        ]	[0.833 5.   ]	[1. 5.]  
7  	9     	[1. 5.]          	[0. 0.]                	[1. 5.]      	[1. 5.]  
8  	8     	[1.   4.95]      	[0.         0.38405729]	[1. 4.]      	[1. 6.]  
9  	8     	[0.98335 4.85   ]	[0.07257567 0.4769696 ]	[0.667 4.   ]	[1. 6.]  
10 	9     	[1.   4.55]      	[0.         0.49749372]	[1. 4.]      	[1. 5.]  
11 	14    	[1.  4.2]        	[0.       0.678233]    	[1. 4.]      	[1. 7.]  
12 	11    	[1.   4.05]      	[0.         0.21794495]	[1. 4.]      	[1. 5.]  
13 	11    	[1. 4.]          	[0.         0.31622777]	[1. 3.]      	[1. 5.]  
14 	8     	[1.   3.65]      	[0.        0.4769696]  	[1. 3.]      	[1. 4.]  
15 	13    	[1.  3.3]        	[0.         0.45825757]	[1. 3.]      	[1. 4.]  
16 	9     	[1.   3.15]      	[0.        0.4769696]  	[1. 3.]      	[1. 5.]  
17 	15    	[0.97415 3.     ]	[0.11267754 0.31622777]	[0.483 2.   ]	[1. 4.]  
18 	9     	[1. 3.]          	[0. 0.]                	[1. 3.]      	[1. 3.]  
19 	10    	[1. 3.]          	[0. 0.]                	[1. 3.]      	[1. 3.]  
20 	10    	[1.   3.15]      	[0.        0.4769696]  	[1. 3.]      	[1. 5.]  
******************************
*****hall of fame*****
use_sensor_num: 3.0, score: 1.0
[0, 0, 0, 0, 0, 1, 0, 1, 0, 0, 0, 1]
[5, 7, 11]
*****hall of fame*****
use_sensor_num: 2.0, score: 0.6
[0, 1, 0, 1, 0, 0, 0, 0, 0, 0, 0, 0]
[1, 3]
elapsed_time:128.18173170089722[sec]
