60,13
Starting Genetic Algorizm By Random Forest With 13 column
n_feature=8, score=0.817
[1, 1, 1, 1, 1, 0, 1, 0, 1, 1, 0, 0, 0]
[[ 9  1  0  0  0  0]
 [ 2  8  0  0  0  0]
 [ 0  0 10  0  0  0]
 [ 0  0  0  2  7  1]
 [ 0  0  0  0 10  0]
 [ 0  0  0  0  0 10]]
0.817
n_feature=7, score=1.0
[1, 1, 1, 0, 1, 0, 0, 1, 0, 0, 0, 1, 1]
[[10  0  0  0  0  0]
 [ 0 10  0  0  0  0]
 [ 0  0 10  0  0  0]
 [ 0  0  0 10  0  0]
 [ 0  0  0  0 10  0]
 [ 0  0  0  0  0 10]]
1.0
n_feature=9, score=0.833
[1, 0, 1, 1, 1, 1, 0, 1, 1, 1, 0, 1, 0]
[[ 2  8  0  0  0  0]
 [ 1  9  0  0  0  0]
 [ 0  0 10  0  0  0]
 [ 0  0  0  9  1  0]
 [ 0  0  0  0 10  0]
 [ 0  0  0  0  0 10]]
0.833
n_feature=8, score=0.5
[1, 0, 0, 1, 0, 1, 0, 1, 1, 1, 1, 1, 0]
[[ 2  8  0  0  0  0]
 [ 1  9  0  0  0  0]
 [ 3  7  0  0  0  0]
 [ 0  0  0  9  0  1]
 [ 0  0  0  0  0 10]
 [ 0  0  0  0  0 10]]
0.5
n_feature=6, score=0.633
[0, 1, 0, 1, 1, 0, 1, 0, 1, 0, 1, 0, 0]
[[ 9  1  0  0  0  0]
 [ 2  8  0  0  0  0]
 [10  0  0  0  0  0]
 [ 0  0  0  2  7  1]
 [ 0  0  0  0 10  0]
 [ 0  0  0  1  0  9]]
0.633
n_feature=6, score=0.617
[0, 1, 1, 0, 0, 1, 1, 1, 0, 0, 1, 0, 0]
[[ 9  1  0  0  0  0]
 [ 2  8  0  0  0  0]
 [ 0  0  0  0  0 10]
 [ 2  8  0  0  0  0]
 [ 0  0  0  0 10  0]
 [ 0  0  0  0  0 10]]
0.617
n_feature=3, score=0.35
[0, 0, 0, 1, 0, 0, 0, 1, 0, 1, 0, 0, 0]
[[ 0  0 10  0  0  0]
 [ 0  1  9  0  0  0]
 [ 0  0 10  0  0  0]
 [ 0  0  0  0  0 10]
 [ 0  0  0  0  0 10]
 [ 0  0  0  0  0 10]]
0.35
n_feature=7, score=1.0
[0, 0, 0, 0, 0, 1, 1, 1, 0, 1, 1, 1, 1]
[[10  0  0  0  0  0]
 [ 0 10  0  0  0  0]
 [ 0  0 10  0  0  0]
 [ 0  0  0 10  0  0]
 [ 0  0  0  0 10  0]
 [ 0  0  0  0  0 10]]
1.0
n_feature=5, score=0.45
[1, 0, 0, 0, 0, 1, 1, 1, 0, 0, 0, 1, 0]
[[ 0  1  0  0  0  9]
 [ 1  8  0  0  0  1]
 [ 0  0  0  0  0 10]
 [ 0  0  0  9  0  1]
 [ 0 10  0  0  0  0]
 [ 0  0  0  0  0 10]]
0.45
n_feature=7, score=1.0
[1, 0, 1, 1, 0, 1, 0, 0, 0, 1, 1, 0, 1]
[[10  0  0  0  0  0]
 [ 0 10  0  0  0  0]
 [ 0  0 10  0  0  0]
 [ 0  0  0 10  0  0]
 [ 0  0  0  0 10  0]
 [ 0  0  0  0  0 10]]
1.0
n_feature=7, score=0.683
[0, 1, 1, 0, 1, 0, 1, 0, 1, 1, 1, 0, 0]
[[ 2  1  0  7  0  0]
 [ 0  8  0  2  0  0]
 [ 1  0  9  0  0  0]
 [ 0  8  0  2  0  0]
 [ 0  0  0  0 10  0]
 [ 0  0  0  0  0 10]]
0.683
n_feature=7, score=1.0
[1, 1, 0, 1, 0, 1, 0, 1, 0, 0, 1, 0, 1]
[[10  0  0  0  0  0]
 [ 0 10  0  0  0  0]
 [ 0  0 10  0  0  0]
 [ 0  0  0 10  0  0]
 [ 0  0  0  0 10  0]
 [ 0  0  0  0  0 10]]
1.0
n_feature=6, score=0.6
[0, 1, 0, 1, 0, 0, 1, 1, 1, 1, 0, 0, 0]
[[ 1  1  8  0  0  0]
 [ 0  8  2  0  0  0]
 [ 3  0  7  0  0  0]
 [ 0  0  0  0  8  2]
 [ 0  0  0  0 10  0]
 [ 0  0  0  0  0 10]]
0.6
n_feature=5, score=0.483
[1, 0, 0, 0, 0, 1, 1, 0, 0, 1, 0, 1, 0]
[[ 0  0  0  0  1  9]
 [ 1  0  0  0  8  1]
 [ 0  0  0  0  0 10]
 [ 0  0  0  9  0  1]
 [ 0  0  0  0 10  0]
 [ 0  0  0  0  0 10]]
0.483
n_feature=5, score=0.617
[0, 0, 0, 1, 0, 0, 1, 1, 1, 0, 1, 0, 0]
[[ 9  1  0  0  0  0]
 [ 2  8  0  0  0  0]
 [10  0  0  0  0  0]
 [ 0  0  0  0  8  2]
 [ 0  0  0  0 10  0]
 [ 0  0  0  0  0 10]]
0.617
n_feature=3, score=0.633
[0, 0, 0, 1, 1, 0, 0, 0, 0, 0, 0, 1, 0]
[[ 0  0 10  0  0  0]
 [ 0  0 10  0  0  0]
 [ 0  0 10  0  0  0]
 [ 0  0  0  9  1  0]
 [ 0  0  0  0 10  0]
 [ 0  0  0  0  1  9]]
0.633
n_feature=3, score=0.45
[1, 0, 0, 0, 1, 0, 0, 0, 0, 0, 0, 1, 0]
[[ 0  0  0  0 10  0]
 [ 0  0  0  0 10  0]
 [ 0  0  0  0 10  0]
 [ 0  0  0  9  1  0]
 [ 1  0  0  0  9  0]
 [ 0  0  0  0  1  9]]
0.45
n_feature=9, score=0.783
[1, 0, 1, 1, 1, 0, 1, 0, 1, 1, 1, 1, 0]
[[ 9  1  0  0  0  0]
 [ 2  8  0  0  0  0]
 [ 9  0  1  0  0  0]
 [ 1  0  0  9  0  0]
 [ 0  0  0  0 10  0]
 [ 0  0  0  0  0 10]]
0.783
n_feature=7, score=1.0
[1, 0, 0, 0, 1, 1, 0, 0, 1, 1, 0, 1, 1]
[[10  0  0  0  0  0]
 [ 0 10  0  0  0  0]
 [ 0  0 10  0  0  0]
 [ 0  0  0 10  0  0]
 [ 0  0  0  0 10  0]
 [ 0  0  0  0  0 10]]
1.0
n_feature=6, score=0.9
[0, 0, 1, 0, 1, 0, 1, 0, 1, 0, 1, 1, 0]
[[ 9  1  0  0  0  0]
 [ 2  8  0  0  0  0]
 [ 1  0  9  0  0  0]
 [ 1  0  0  9  0  0]
 [ 0  0  0  0 10  0]
 [ 0  0  1  0  0  9]]
0.9
n_feature=10, score=1.0
[1, 1, 1, 0, 1, 0, 1, 1, 1, 1, 0, 1, 1]
[[10  0  0  0  0  0]
 [ 0 10  0  0  0  0]
 [ 0  0 10  0  0  0]
 [ 0  0  0 10  0  0]
 [ 0  0  0  0 10  0]
 [ 0  0  0  0  0 10]]
1.0
n_feature=7, score=0.633
[1, 1, 0, 1, 1, 0, 1, 0, 1, 1, 0, 0, 0]
[[ 1  1  8  0  0  0]
 [ 0  8  2  0  0  0]
 [ 3  0  7  0  0  0]
 [ 0  0  0  2  7  1]
 [ 0  0  0  0 10  0]
 [ 0  0  0  0  0 10]]
0.633
n_feature=6, score=0.9
[0, 0, 1, 0, 1, 0, 1, 0, 1, 0, 1, 1, 0]
[[ 9  1  0  0  0  0]
 [ 2  8  0  0  0  0]
 [ 1  0  9  0  0  0]
 [ 1  0  0  9  0  0]
 [ 0  0  0  0 10  0]
 [ 0  0  1  0  0  9]]
0.9
n_feature=7, score=1.0
[1, 0, 0, 0, 1, 1, 0, 0, 1, 1, 1, 0, 1]
[[10  0  0  0  0  0]
 [ 0 10  0  0  0  0]
 [ 0  0 10  0  0  0]
 [ 0  0  0 10  0  0]
 [ 0  0  0  0 10  0]
 [ 0  0  0  0  0 10]]
1.0
n_feature=7, score=1.0
[1, 0, 1, 1, 0, 1, 0, 0, 0, 1, 0, 1, 1]
[[10  0  0  0  0  0]
 [ 0 10  0  0  0  0]
 [ 0  0 10  0  0  0]
 [ 0  0  0 10  0  0]
 [ 0  0  0  0 10  0]
 [ 0  0  0  0  0 10]]
1.0
n_feature=9, score=0.833
[1, 0, 1, 1, 1, 1, 0, 1, 1, 1, 0, 1, 0]
[[ 2  8  0  0  0  0]
 [ 1  9  0  0  0  0]
 [ 0  0 10  0  0  0]
 [ 0  0  0  9  1  0]
 [ 0  0  0  0 10  0]
 [ 0  0  0  0  0 10]]
0.833
n_feature=7, score=1.0
[1, 0, 1, 1, 0, 1, 0, 0, 0, 1, 1, 0, 1]
[[10  0  0  0  0  0]
 [ 0 10  0  0  0  0]
 [ 0  0 10  0  0  0]
 [ 0  0  0 10  0  0]
 [ 0  0  0  0 10  0]
 [ 0  0  0  0  0 10]]
1.0
n_feature=6, score=1.0
[0, 0, 1, 1, 0, 1, 0, 0, 1, 0, 1, 0, 1]
[[10  0  0  0  0  0]
 [ 0 10  0  0  0  0]
 [ 0  0 10  0  0  0]
 [ 0  0  0 10  0  0]
 [ 0  0  0  0 10  0]
 [ 0  0  0  0  0 10]]
1.0
n_feature=8, score=0.667
[0, 1, 1, 0, 1, 0, 1, 1, 1, 1, 1, 0, 0]
[[ 2  1  0  7  0  0]
 [ 0  8  0  2  0  0]
 [ 2  0  8  0  0  0]
 [ 0  8  0  2  0  0]
 [ 0  0  0  0 10  0]
 [ 0  0  0  0  0 10]]
0.667
n_feature=7, score=1.0
[1, 0, 1, 1, 0, 1, 0, 0, 0, 1, 1, 0, 1]
[[10  0  0  0  0  0]
 [ 0 10  0  0  0  0]
 [ 0  0 10  0  0  0]
 [ 0  0  0 10  0  0]
 [ 0  0  0  0 10  0]
 [ 0  0  0  0  0 10]]
1.0
n_feature=7, score=1.0
[1, 0, 1, 1, 0, 1, 0, 0, 0, 1, 0, 1, 1]
[[10  0  0  0  0  0]
 [ 0 10  0  0  0  0]
 [ 0  0 10  0  0  0]
 [ 0  0  0 10  0  0]
 [ 0  0  0  0 10  0]
 [ 0  0  0  0  0 10]]
1.0
n_feature=7, score=1.0
[1, 0, 1, 1, 0, 1, 0, 0, 0, 1, 0, 1, 1]
[[10  0  0  0  0  0]
 [ 0 10  0  0  0  0]
 [ 0  0 10  0  0  0]
 [ 0  0  0 10  0  0]
 [ 0  0  0  0 10  0]
 [ 0  0  0  0  0 10]]
1.0
n_feature=9, score=1.0
[1, 0, 1, 1, 1, 1, 0, 0, 1, 1, 0, 1, 1]
[[10  0  0  0  0  0]
 [ 0 10  0  0  0  0]
 [ 0  0 10  0  0  0]
 [ 0  0  0 10  0  0]
 [ 0  0  0  0 10  0]
 [ 0  0  0  0  0 10]]
1.0
n_feature=5, score=1.0
[1, 0, 0, 0, 0, 1, 0, 0, 0, 1, 0, 1, 1]
[[10  0  0  0  0  0]
 [ 0 10  0  0  0  0]
 [ 0  0 10  0  0  0]
 [ 0  0  0 10  0  0]
 [ 0  0  0  0 10  0]
 [ 0  0  0  0  0 10]]
1.0
n_feature=7, score=1.0
[1, 0, 0, 0, 1, 1, 0, 0, 1, 1, 1, 0, 1]
[[10  0  0  0  0  0]
 [ 0 10  0  0  0  0]
 [ 0  0 10  0  0  0]
 [ 0  0  0 10  0  0]
 [ 0  0  0  0 10  0]
 [ 0  0  0  0  0 10]]
1.0
n_feature=7, score=1.0
[1, 0, 1, 1, 0, 1, 0, 0, 0, 1, 1, 0, 1]
[[10  0  0  0  0  0]
 [ 0 10  0  0  0  0]
 [ 0  0 10  0  0  0]
 [ 0  0  0 10  0  0]
 [ 0  0  0  0 10  0]
 [ 0  0  0  0  0 10]]
1.0
n_feature=8, score=1.0
[1, 0, 1, 0, 1, 1, 0, 0, 1, 1, 1, 0, 1]
[[10  0  0  0  0  0]
 [ 0 10  0  0  0  0]
 [ 0  0 10  0  0  0]
 [ 0  0  0 10  0  0]
 [ 0  0  0  0 10  0]
 [ 0  0  0  0  0 10]]
1.0
n_feature=6, score=1.0
[0, 0, 1, 0, 1, 0, 1, 0, 1, 0, 1, 0, 1]
[[10  0  0  0  0  0]
 [ 0 10  0  0  0  0]
 [ 0  0 10  0  0  0]
 [ 0  0  0 10  0  0]
 [ 0  0  0  0 10  0]
 [ 0  0  0  0  0 10]]
1.0
n_feature=6, score=0.483
[1, 0, 0, 0, 1, 0, 0, 0, 1, 1, 1, 1, 0]
[[ 1  0  0  0  9  0]
 [ 0  0  0  0 10  0]
 [ 3  0  0  0  7  0]
 [ 0  0  0  9  1  0]
 [ 0  0  0  0 10  0]
 [ 0  0  0  0  1  9]]
0.483
n_feature=7, score=1.0
[1, 0, 1, 1, 0, 1, 0, 0, 1, 0, 1, 0, 1]
[[10  0  0  0  0  0]
 [ 0 10  0  0  0  0]
 [ 0  0 10  0  0  0]
 [ 0  0  0 10  0  0]
 [ 0  0  0  0 10  0]
 [ 0  0  0  0  0 10]]
1.0
n_feature=6, score=1.0
[0, 0, 0, 0, 1, 1, 0, 0, 1, 1, 1, 0, 1]
[[10  0  0  0  0  0]
 [ 0 10  0  0  0  0]
 [ 0  0 10  0  0  0]
 [ 0  0  0 10  0  0]
 [ 0  0  0  0 10  0]
 [ 0  0  0  0  0 10]]
1.0
n_feature=8, score=1.0
[1, 0, 1, 1, 0, 1, 0, 0, 1, 1, 1, 0, 1]
[[10  0  0  0  0  0]
 [ 0 10  0  0  0  0]
 [ 0  0 10  0  0  0]
 [ 0  0  0 10  0  0]
 [ 0  0  0  0 10  0]
 [ 0  0  0  0  0 10]]
1.0
n_feature=5, score=1.0
[0, 0, 0, 0, 1, 1, 0, 0, 0, 1, 1, 0, 1]
[[10  0  0  0  0  0]
 [ 0 10  0  0  0  0]
 [ 0  0 10  0  0  0]
 [ 0  0  0 10  0  0]
 [ 0  0  0  0 10  0]
 [ 0  0  0  0  0 10]]
1.0
n_feature=7, score=1.0
[1, 0, 0, 0, 1, 1, 0, 0, 1, 1, 1, 0, 1]
[[10  0  0  0  0  0]
 [ 0 10  0  0  0  0]
 [ 0  0 10  0  0  0]
 [ 0  0  0 10  0  0]
 [ 0  0  0  0 10  0]
 [ 0  0  0  0  0 10]]
1.0
n_feature=7, score=1.0
[1, 0, 0, 0, 1, 1, 0, 0, 1, 1, 0, 1, 1]
[[10  0  0  0  0  0]
 [ 0 10  0  0  0  0]
 [ 0  0 10  0  0  0]
 [ 0  0  0 10  0  0]
 [ 0  0  0  0 10  0]
 [ 0  0  0  0  0 10]]
1.0
n_feature=7, score=1.0
[1, 0, 1, 1, 0, 1, 0, 0, 1, 0, 1, 0, 1]
[[10  0  0  0  0  0]
 [ 0 10  0  0  0  0]
 [ 0  0 10  0  0  0]
 [ 0  0  0 10  0  0]
 [ 0  0  0  0 10  0]
 [ 0  0  0  0  0 10]]
1.0
n_feature=3, score=1.0
[1, 0, 0, 0, 0, 0, 0, 0, 0, 0, 0, 1, 1]
[[10  0  0  0  0  0]
 [ 0 10  0  0  0  0]
 [ 0  0 10  0  0  0]
 [ 0  0  0 10  0  0]
 [ 0  0  0  0 10  0]
 [ 0  0  0  0  0 10]]
1.0
n_feature=7, score=0.483
[1, 1, 1, 1, 0, 0, 0, 0, 0, 1, 1, 1, 0]
[[10  0  0  0  0  0]
 [10  0  0  0  0  0]
 [10  0  0  0  0  0]
 [ 0  0  0  9  0  1]
 [ 0  0  0  0  0 10]
 [ 0  0  0  0  0 10]]
0.483
n_feature=5, score=0.483
[1, 0, 0, 0, 1, 1, 0, 0, 0, 1, 0, 1, 0]
[[ 1  0  9  0  0  0]
 [ 0  0 10  0  0  0]
 [ 0  0 10  0  0  0]
 [ 0  0  1  9  0  0]
 [ 0  0 10  0  0  0]
 [ 0  0  1  0  0  9]]
0.483
n_feature=7, score=1.0
[1, 0, 0, 0, 1, 1, 0, 0, 1, 1, 0, 1, 1]
[[10  0  0  0  0  0]
 [ 0 10  0  0  0  0]
 [ 0  0 10  0  0  0]
 [ 0  0  0 10  0  0]
 [ 0  0  0  0 10  0]
 [ 0  0  0  0  0 10]]
1.0
n_feature=6, score=1.0
[1, 0, 0, 0, 1, 1, 0, 0, 1, 1, 0, 0, 1]
[[10  0  0  0  0  0]
 [ 0 10  0  0  0  0]
 [ 0  0 10  0  0  0]
 [ 0  0  0 10  0  0]
 [ 0  0  0  0 10  0]
 [ 0  0  0  0  0 10]]
1.0
n_feature=8, score=1.0
[1, 0, 1, 1, 0, 1, 0, 0, 0, 1, 1, 1, 1]
[[10  0  0  0  0  0]
 [ 0 10  0  0  0  0]
 [ 0  0 10  0  0  0]
 [ 0  0  0 10  0  0]
 [ 0  0  0  0 10  0]
 [ 0  0  0  0  0 10]]
1.0
n_feature=5, score=1.0
[1, 0, 0, 0, 0, 1, 0, 0, 0, 1, 0, 1, 1]
[[10  0  0  0  0  0]
 [ 0 10  0  0  0  0]
 [ 0  0 10  0  0  0]
 [ 0  0  0 10  0  0]
 [ 0  0  0  0 10  0]
 [ 0  0  0  0  0 10]]
1.0
n_feature=6, score=1.0
[0, 0, 1, 0, 1, 0, 1, 0, 1, 0, 1, 0, 1]
[[10  0  0  0  0  0]
 [ 0 10  0  0  0  0]
 [ 0  0 10  0  0  0]
 [ 0  0  0 10  0  0]
 [ 0  0  0  0 10  0]
 [ 0  0  0  0  0 10]]
1.0
n_feature=7, score=1.0
[1, 1, 1, 0, 1, 0, 0, 1, 0, 0, 0, 1, 1]
[[10  0  0  0  0  0]
 [ 0 10  0  0  0  0]
 [ 0  0 10  0  0  0]
 [ 0  0  0 10  0  0]
 [ 0  0  0  0 10  0]
 [ 0  0  0  0  0 10]]
1.0
n_feature=7, score=1.0
[1, 0, 0, 0, 1, 1, 0, 0, 1, 1, 1, 0, 1]
[[10  0  0  0  0  0]
 [ 0 10  0  0  0  0]
 [ 0  0 10  0  0  0]
 [ 0  0  0 10  0  0]
 [ 0  0  0  0 10  0]
 [ 0  0  0  0  0 10]]
1.0
n_feature=7, score=1.0
[1, 0, 1, 1, 0, 1, 0, 0, 0, 1, 0, 1, 1]
[[10  0  0  0  0  0]
 [ 0 10  0  0  0  0]
 [ 0  0 10  0  0  0]
 [ 0  0  0 10  0  0]
 [ 0  0  0  0 10  0]
 [ 0  0  0  0  0 10]]
1.0
n_feature=3, score=1.0
[1, 0, 0, 0, 0, 0, 0, 0, 0, 0, 1, 0, 1]
[[10  0  0  0  0  0]
 [ 0 10  0  0  0  0]
 [ 0  0 10  0  0  0]
 [ 0  0  0 10  0  0]
 [ 0  0  0  0 10  0]
 [ 0  0  0  0  0 10]]
1.0
n_feature=5, score=1.0
[1, 0, 0, 0, 0, 1, 0, 0, 0, 1, 1, 0, 1]
[[10  0  0  0  0  0]
 [ 0 10  0  0  0  0]
 [ 0  0 10  0  0  0]
 [ 0  0  0 10  0  0]
 [ 0  0  0  0 10  0]
 [ 0  0  0  0  0 10]]
1.0
n_feature=5, score=1.0
[0, 0, 0, 0, 1, 1, 0, 0, 0, 1, 0, 1, 1]
[[10  0  0  0  0  0]
 [ 0 10  0  0  0  0]
 [ 0  0 10  0  0  0]
 [ 0  0  0 10  0  0]
 [ 0  0  0  0 10  0]
 [ 0  0  0  0  0 10]]
1.0
n_feature=7, score=1.0
[1, 0, 0, 0, 1, 1, 0, 0, 1, 1, 0, 1, 1]
[[10  0  0  0  0  0]
 [ 0 10  0  0  0  0]
 [ 0  0 10  0  0  0]
 [ 0  0  0 10  0  0]
 [ 0  0  0  0 10  0]
 [ 0  0  0  0  0 10]]
1.0
n_feature=6, score=1.0
[1, 0, 0, 0, 1, 1, 0, 0, 1, 1, 0, 0, 1]
[[10  0  0  0  0  0]
 [ 0 10  0  0  0  0]
 [ 0  0 10  0  0  0]
 [ 0  0  0 10  0  0]
 [ 0  0  0  0 10  0]
 [ 0  0  0  0  0 10]]
1.0
n_feature=3, score=1.0
[1, 0, 0, 0, 0, 0, 0, 0, 0, 0, 0, 1, 1]
[[10  0  0  0  0  0]
 [ 0 10  0  0  0  0]
 [ 0  0 10  0  0  0]
 [ 0  0  0 10  0  0]
 [ 0  0  0  0 10  0]
 [ 0  0  0  0  0 10]]
1.0
n_feature=3, score=1.0
[1, 0, 0, 0, 0, 0, 0, 0, 0, 0, 0, 1, 1]
[[10  0  0  0  0  0]
 [ 0 10  0  0  0  0]
 [ 0  0 10  0  0  0]
 [ 0  0  0 10  0  0]
 [ 0  0  0  0 10  0]
 [ 0  0  0  0  0 10]]
1.0
n_feature=3, score=1.0
[1, 0, 0, 0, 0, 0, 0, 0, 0, 0, 0, 1, 1]
[[10  0  0  0  0  0]
 [ 0 10  0  0  0  0]
 [ 0  0 10  0  0  0]
 [ 0  0  0 10  0  0]
 [ 0  0  0  0 10  0]
 [ 0  0  0  0  0 10]]
1.0
n_feature=4, score=1.0
[1, 0, 0, 0, 0, 0, 0, 0, 0, 1, 1, 0, 1]
[[10  0  0  0  0  0]
 [ 0 10  0  0  0  0]
 [ 0  0 10  0  0  0]
 [ 0  0  0 10  0  0]
 [ 0  0  0  0 10  0]
 [ 0  0  0  0  0 10]]
1.0
n_feature=4, score=1.0
[0, 0, 0, 0, 1, 1, 0, 0, 0, 0, 1, 0, 1]
[[10  0  0  0  0  0]
 [ 0 10  0  0  0  0]
 [ 0  0 10  0  0  0]
 [ 0  0  0 10  0  0]
 [ 0  0  0  0 10  0]
 [ 0  0  0  0  0 10]]
1.0
n_feature=3, score=1.0
[1, 0, 0, 0, 0, 0, 0, 0, 0, 0, 0, 1, 1]
[[10  0  0  0  0  0]
 [ 0 10  0  0  0  0]
 [ 0  0 10  0  0  0]
 [ 0  0  0 10  0  0]
 [ 0  0  0  0 10  0]
 [ 0  0  0  0  0 10]]
1.0
n_feature=3, score=1.0
[1, 0, 0, 0, 0, 0, 0, 0, 0, 0, 0, 1, 1]
[[10  0  0  0  0  0]
 [ 0 10  0  0  0  0]
 [ 0  0 10  0  0  0]
 [ 0  0  0 10  0  0]
 [ 0  0  0  0 10  0]
 [ 0  0  0  0  0 10]]
1.0
n_feature=4, score=1.0
[1, 0, 0, 0, 0, 0, 0, 0, 0, 1, 1, 0, 1]
[[10  0  0  0  0  0]
 [ 0 10  0  0  0  0]
 [ 0  0 10  0  0  0]
 [ 0  0  0 10  0  0]
 [ 0  0  0  0 10  0]
 [ 0  0  0  0  0 10]]
1.0
n_feature=4, score=1.0
[0, 0, 0, 0, 1, 1, 0, 0, 0, 0, 0, 1, 1]
[[10  0  0  0  0  0]
 [ 0 10  0  0  0  0]
 [ 0  0 10  0  0  0]
 [ 0  0  0 10  0  0]
 [ 0  0  0  0 10  0]
 [ 0  0  0  0  0 10]]
1.0
n_feature=3, score=1.0
[1, 0, 0, 0, 0, 0, 0, 0, 0, 0, 0, 1, 1]
[[10  0  0  0  0  0]
 [ 0 10  0  0  0  0]
 [ 0  0 10  0  0  0]
 [ 0  0  0 10  0  0]
 [ 0  0  0  0 10  0]
 [ 0  0  0  0  0 10]]
1.0
n_feature=7, score=1.0
[1, 0, 1, 1, 0, 1, 0, 0, 0, 1, 0, 1, 1]
[[10  0  0  0  0  0]
 [ 0 10  0  0  0  0]
 [ 0  0 10  0  0  0]
 [ 0  0  0 10  0  0]
 [ 0  0  0  0 10  0]
 [ 0  0  0  0  0 10]]
1.0
n_feature=3, score=1.0
[1, 0, 0, 0, 0, 0, 0, 0, 0, 0, 0, 1, 1]
[[10  0  0  0  0  0]
 [ 0 10  0  0  0  0]
 [ 0  0 10  0  0  0]
 [ 0  0  0 10  0  0]
 [ 0  0  0  0 10  0]
 [ 0  0  0  0  0 10]]
1.0
n_feature=5, score=1.0
[1, 0, 0, 0, 0, 1, 0, 0, 0, 1, 0, 1, 1]
[[10  0  0  0  0  0]
 [ 0 10  0  0  0  0]
 [ 0  0 10  0  0  0]
 [ 0  0  0 10  0  0]
 [ 0  0  0  0 10  0]
 [ 0  0  0  0  0 10]]
1.0
n_feature=6, score=1.0
[1, 0, 0, 0, 1, 1, 0, 0, 1, 0, 0, 1, 1]
[[10  0  0  0  0  0]
 [ 0 10  0  0  0  0]
 [ 0  0 10  0  0  0]
 [ 0  0  0 10  0  0]
 [ 0  0  0  0 10  0]
 [ 0  0  0  0  0 10]]
1.0
n_feature=4, score=1.0
[1, 0, 0, 0, 0, 0, 0, 0, 0, 1, 0, 1, 1]
[[10  0  0  0  0  0]
 [ 0 10  0  0  0  0]
 [ 0  0 10  0  0  0]
 [ 0  0  0 10  0  0]
 [ 0  0  0  0 10  0]
 [ 0  0  0  0  0 10]]
1.0
n_feature=3, score=1.0
[1, 0, 0, 0, 0, 0, 0, 0, 0, 0, 0, 1, 1]
[[10  0  0  0  0  0]
 [ 0 10  0  0  0  0]
 [ 0  0 10  0  0  0]
 [ 0  0  0 10  0  0]
 [ 0  0  0  0 10  0]
 [ 0  0  0  0  0 10]]
1.0
n_feature=2, score=1.0
[0, 0, 0, 0, 0, 0, 0, 0, 0, 0, 0, 1, 1]
[[10  0  0  0  0  0]
 [ 0 10  0  0  0  0]
 [ 0  0 10  0  0  0]
 [ 0  0  0 10  0  0]
 [ 0  0  0  0 10  0]
 [ 0  0  0  0  0 10]]
1.0
n_feature=3, score=1.0
[1, 0, 0, 0, 0, 0, 0, 0, 0, 0, 0, 1, 1]
[[10  0  0  0  0  0]
 [ 0 10  0  0  0  0]
 [ 0  0 10  0  0  0]
 [ 0  0  0 10  0  0]
 [ 0  0  0  0 10  0]
 [ 0  0  0  0  0 10]]
1.0
n_feature=3, score=1.0
[1, 0, 0, 0, 0, 0, 0, 0, 0, 0, 0, 1, 1]
[[10  0  0  0  0  0]
 [ 0 10  0  0  0  0]
 [ 0  0 10  0  0  0]
 [ 0  0  0 10  0  0]
 [ 0  0  0  0 10  0]
 [ 0  0  0  0  0 10]]
1.0
n_feature=3, score=1.0
[1, 0, 0, 0, 0, 0, 0, 0, 0, 0, 0, 1, 1]
[[10  0  0  0  0  0]
 [ 0 10  0  0  0  0]
 [ 0  0 10  0  0  0]
 [ 0  0  0 10  0  0]
 [ 0  0  0  0 10  0]
 [ 0  0  0  0  0 10]]
1.0
n_feature=3, score=1.0
[1, 0, 0, 0, 0, 0, 0, 0, 0, 0, 0, 1, 1]
[[10  0  0  0  0  0]
 [ 0 10  0  0  0  0]
 [ 0  0 10  0  0  0]
 [ 0  0  0 10  0  0]
 [ 0  0  0  0 10  0]
 [ 0  0  0  0  0 10]]
1.0
n_feature=4, score=1.0
[1, 0, 0, 0, 0, 0, 0, 0, 0, 1, 1, 0, 1]
[[10  0  0  0  0  0]
 [ 0 10  0  0  0  0]
 [ 0  0 10  0  0  0]
 [ 0  0  0 10  0  0]
 [ 0  0  0  0 10  0]
 [ 0  0  0  0  0 10]]
1.0
n_feature=3, score=1.0
[1, 0, 0, 0, 0, 0, 0, 0, 0, 0, 0, 1, 1]
[[10  0  0  0  0  0]
 [ 0 10  0  0  0  0]
 [ 0  0 10  0  0  0]
 [ 0  0  0 10  0  0]
 [ 0  0  0  0 10  0]
 [ 0  0  0  0  0 10]]
1.0
n_feature=3, score=1.0
[1, 0, 0, 0, 0, 0, 0, 0, 0, 0, 1, 0, 1]
[[10  0  0  0  0  0]
 [ 0 10  0  0  0  0]
 [ 0  0 10  0  0  0]
 [ 0  0  0 10  0  0]
 [ 0  0  0  0 10  0]
 [ 0  0  0  0  0 10]]
1.0
n_feature=3, score=1.0
[1, 0, 0, 0, 0, 0, 0, 0, 0, 0, 0, 1, 1]
[[10  0  0  0  0  0]
 [ 0 10  0  0  0  0]
 [ 0  0 10  0  0  0]
 [ 0  0  0 10  0  0]
 [ 0  0  0  0 10  0]
 [ 0  0  0  0  0 10]]
1.0
n_feature=6, score=1.0
[1, 0, 0, 0, 1, 1, 0, 0, 1, 0, 0, 1, 1]
[[10  0  0  0  0  0]
 [ 0 10  0  0  0  0]
 [ 0  0 10  0  0  0]
 [ 0  0  0 10  0  0]
 [ 0  0  0  0 10  0]
 [ 0  0  0  0  0 10]]
1.0
n_feature=3, score=1.0
[1, 0, 0, 0, 0, 0, 0, 0, 0, 0, 0, 1, 1]
[[10  0  0  0  0  0]
 [ 0 10  0  0  0  0]
 [ 0  0 10  0  0  0]
 [ 0  0  0 10  0  0]
 [ 0  0  0  0 10  0]
 [ 0  0  0  0  0 10]]
1.0
n_feature=3, score=1.0
[1, 0, 0, 0, 0, 0, 0, 0, 0, 0, 0, 1, 1]
[[10  0  0  0  0  0]
 [ 0 10  0  0  0  0]
 [ 0  0 10  0  0  0]
 [ 0  0  0 10  0  0]
 [ 0  0  0  0 10  0]
 [ 0  0  0  0  0 10]]
1.0
n_feature=3, score=1.0
[1, 0, 0, 0, 0, 0, 0, 0, 0, 1, 0, 0, 1]
[[10  0  0  0  0  0]
 [ 0 10  0  0  0  0]
 [ 0  0 10  0  0  0]
 [ 0  0  0 10  0  0]
 [ 0  0  0  0 10  0]
 [ 0  0  0  0  0 10]]
1.0
n_feature=4, score=1.0
[1, 0, 0, 0, 0, 0, 0, 0, 0, 0, 1, 1, 1]
[[10  0  0  0  0  0]
 [ 0 10  0  0  0  0]
 [ 0  0 10  0  0  0]
 [ 0  0  0 10  0  0]
 [ 0  0  0  0 10  0]
 [ 0  0  0  0  0 10]]
1.0
n_feature=3, score=1.0
[1, 0, 0, 0, 0, 0, 0, 0, 0, 0, 0, 1, 1]
[[10  0  0  0  0  0]
 [ 0 10  0  0  0  0]
 [ 0  0 10  0  0  0]
 [ 0  0  0 10  0  0]
 [ 0  0  0  0 10  0]
 [ 0  0  0  0  0 10]]
1.0
n_feature=3, score=1.0
[1, 0, 0, 0, 0, 0, 0, 0, 0, 0, 0, 1, 1]
[[10  0  0  0  0  0]
 [ 0 10  0  0  0  0]
 [ 0  0 10  0  0  0]
 [ 0  0  0 10  0  0]
 [ 0  0  0  0 10  0]
 [ 0  0  0  0  0 10]]
1.0
n_feature=3, score=1.0
[1, 0, 0, 0, 0, 0, 0, 0, 0, 0, 0, 1, 1]
[[10  0  0  0  0  0]
 [ 0 10  0  0  0  0]
 [ 0  0 10  0  0  0]
 [ 0  0  0 10  0  0]
 [ 0  0  0  0 10  0]
 [ 0  0  0  0  0 10]]
1.0
n_feature=2, score=1.0
[0, 0, 0, 0, 0, 0, 0, 0, 0, 0, 0, 1, 1]
[[10  0  0  0  0  0]
 [ 0 10  0  0  0  0]
 [ 0  0 10  0  0  0]
 [ 0  0  0 10  0  0]
 [ 0  0  0  0 10  0]
 [ 0  0  0  0  0 10]]
1.0
n_feature=4, score=1.0
[0, 1, 1, 0, 0, 0, 0, 0, 0, 0, 0, 1, 1]
[[10  0  0  0  0  0]
 [ 0 10  0  0  0  0]
 [ 0  0 10  0  0  0]
 [ 0  0  0 10  0  0]
 [ 0  0  0  0 10  0]
 [ 0  0  0  0  0 10]]
1.0
n_feature=5, score=1.0
[1, 0, 0, 0, 1, 1, 0, 0, 0, 0, 0, 1, 1]
[[10  0  0  0  0  0]
 [ 0 10  0  0  0  0]
 [ 0  0 10  0  0  0]
 [ 0  0  0 10  0  0]
 [ 0  0  0  0 10  0]
 [ 0  0  0  0  0 10]]
1.0
n_feature=2, score=1.0
[0, 0, 0, 0, 0, 0, 0, 0, 0, 0, 0, 1, 1]
[[10  0  0  0  0  0]
 [ 0 10  0  0  0  0]
 [ 0  0 10  0  0  0]
 [ 0  0  0 10  0  0]
 [ 0  0  0  0 10  0]
 [ 0  0  0  0  0 10]]
1.0
n_feature=2, score=1.0
[0, 0, 0, 0, 0, 0, 0, 0, 0, 0, 0, 1, 1]
[[10  0  0  0  0  0]
 [ 0 10  0  0  0  0]
 [ 0  0 10  0  0  0]
 [ 0  0  0 10  0  0]
 [ 0  0  0  0 10  0]
 [ 0  0  0  0  0 10]]
1.0
n_feature=2, score=1.0
[0, 0, 0, 0, 0, 0, 0, 0, 0, 0, 0, 1, 1]
[[10  0  0  0  0  0]
 [ 0 10  0  0  0  0]
 [ 0  0 10  0  0  0]
 [ 0  0  0 10  0  0]
 [ 0  0  0  0 10  0]
 [ 0  0  0  0  0 10]]
1.0
n_feature=2, score=1.0
[0, 0, 0, 0, 0, 0, 0, 0, 0, 0, 0, 1, 1]
[[10  0  0  0  0  0]
 [ 0 10  0  0  0  0]
 [ 0  0 10  0  0  0]
 [ 0  0  0 10  0  0]
 [ 0  0  0  0 10  0]
 [ 0  0  0  0  0 10]]
1.0
n_feature=3, score=1.0
[1, 0, 0, 0, 0, 0, 0, 0, 0, 0, 0, 1, 1]
[[10  0  0  0  0  0]
 [ 0 10  0  0  0  0]
 [ 0  0 10  0  0  0]
 [ 0  0  0 10  0  0]
 [ 0  0  0  0 10  0]
 [ 0  0  0  0  0 10]]
1.0
n_feature=2, score=1.0
[0, 0, 0, 0, 0, 0, 0, 0, 0, 0, 0, 1, 1]
[[10  0  0  0  0  0]
 [ 0 10  0  0  0  0]
 [ 0  0 10  0  0  0]
 [ 0  0  0 10  0  0]
 [ 0  0  0  0 10  0]
 [ 0  0  0  0  0 10]]
1.0
n_feature=3, score=1.0
[0, 0, 1, 0, 0, 0, 0, 0, 0, 0, 0, 1, 1]
[[10  0  0  0  0  0]
 [ 0 10  0  0  0  0]
 [ 0  0 10  0  0  0]
 [ 0  0  0 10  0  0]
 [ 0  0  0  0 10  0]
 [ 0  0  0  0  0 10]]
1.0
n_feature=4, score=1.0
[0, 0, 1, 0, 0, 0, 0, 1, 0, 0, 0, 1, 1]
[[10  0  0  0  0  0]
 [ 0 10  0  0  0  0]
 [ 0  0 10  0  0  0]
 [ 0  0  0 10  0  0]
 [ 0  0  0  0 10  0]
 [ 0  0  0  0  0 10]]
1.0
n_feature=2, score=1.0
[0, 0, 0, 0, 0, 0, 0, 0, 0, 0, 0, 1, 1]
[[10  0  0  0  0  0]
 [ 0 10  0  0  0  0]
 [ 0  0 10  0  0  0]
 [ 0  0  0 10  0  0]
 [ 0  0  0  0 10  0]
 [ 0  0  0  0  0 10]]
1.0
n_feature=2, score=1.0
[0, 0, 0, 0, 0, 0, 0, 0, 0, 0, 0, 1, 1]
[[10  0  0  0  0  0]
 [ 0 10  0  0  0  0]
 [ 0  0 10  0  0  0]
 [ 0  0  0 10  0  0]
 [ 0  0  0  0 10  0]
 [ 0  0  0  0  0 10]]
1.0
n_feature=3, score=1.0
[1, 0, 0, 0, 0, 0, 0, 0, 0, 0, 0, 1, 1]
[[10  0  0  0  0  0]
 [ 0 10  0  0  0  0]
 [ 0  0 10  0  0  0]
 [ 0  0  0 10  0  0]
 [ 0  0  0  0 10  0]
 [ 0  0  0  0  0 10]]
1.0
n_feature=3, score=1.0
[1, 0, 0, 0, 0, 0, 0, 0, 0, 0, 0, 1, 1]
[[10  0  0  0  0  0]
 [ 0 10  0  0  0  0]
 [ 0  0 10  0  0  0]
 [ 0  0  0 10  0  0]
 [ 0  0  0  0 10  0]
 [ 0  0  0  0  0 10]]
1.0
n_feature=3, score=1.0
[1, 0, 0, 0, 0, 0, 0, 0, 0, 0, 0, 1, 1]
[[10  0  0  0  0  0]
 [ 0 10  0  0  0  0]
 [ 0  0 10  0  0  0]
 [ 0  0  0 10  0  0]
 [ 0  0  0  0 10  0]
 [ 0  0  0  0  0 10]]
1.0
n_feature=2, score=1.0
[0, 0, 0, 0, 0, 0, 0, 0, 0, 0, 0, 1, 1]
[[10  0  0  0  0  0]
 [ 0 10  0  0  0  0]
 [ 0  0 10  0  0  0]
 [ 0  0  0 10  0  0]
 [ 0  0  0  0 10  0]
 [ 0  0  0  0  0 10]]
1.0
n_feature=2, score=1.0
[0, 0, 0, 0, 0, 0, 0, 0, 0, 0, 0, 1, 1]
[[10  0  0  0  0  0]
 [ 0 10  0  0  0  0]
 [ 0  0 10  0  0  0]
 [ 0  0  0 10  0  0]
 [ 0  0  0  0 10  0]
 [ 0  0  0  0  0 10]]
1.0
n_feature=2, score=1.0
[0, 0, 0, 0, 0, 0, 0, 0, 0, 0, 0, 1, 1]
[[10  0  0  0  0  0]
 [ 0 10  0  0  0  0]
 [ 0  0 10  0  0  0]
 [ 0  0  0 10  0  0]
 [ 0  0  0  0 10  0]
 [ 0  0  0  0  0 10]]
1.0
n_feature=2, score=1.0
[0, 0, 0, 0, 0, 0, 0, 0, 0, 0, 0, 1, 1]
[[10  0  0  0  0  0]
 [ 0 10  0  0  0  0]
 [ 0  0 10  0  0  0]
 [ 0  0  0 10  0  0]
 [ 0  0  0  0 10  0]
 [ 0  0  0  0  0 10]]
1.0
n_feature=2, score=1.0
[0, 0, 0, 0, 0, 0, 0, 0, 0, 0, 0, 1, 1]
[[10  0  0  0  0  0]
 [ 0 10  0  0  0  0]
 [ 0  0 10  0  0  0]
 [ 0  0  0 10  0  0]
 [ 0  0  0  0 10  0]
 [ 0  0  0  0  0 10]]
1.0
n_feature=3, score=1.0
[1, 0, 0, 0, 0, 0, 0, 0, 0, 0, 0, 1, 1]
[[10  0  0  0  0  0]
 [ 0 10  0  0  0  0]
 [ 0  0 10  0  0  0]
 [ 0  0  0 10  0  0]
 [ 0  0  0  0 10  0]
 [ 0  0  0  0  0 10]]
1.0
n_feature=2, score=1.0
[0, 0, 0, 0, 0, 0, 0, 0, 0, 0, 0, 1, 1]
[[10  0  0  0  0  0]
 [ 0 10  0  0  0  0]
 [ 0  0 10  0  0  0]
 [ 0  0  0 10  0  0]
 [ 0  0  0  0 10  0]
 [ 0  0  0  0  0 10]]
1.0
n_feature=2, score=1.0
[0, 0, 0, 0, 0, 0, 0, 0, 0, 0, 0, 1, 1]
[[10  0  0  0  0  0]
 [ 0 10  0  0  0  0]
 [ 0  0 10  0  0  0]
 [ 0  0  0 10  0  0]
 [ 0  0  0  0 10  0]
 [ 0  0  0  0  0 10]]
1.0
n_feature=2, score=1.0
[0, 0, 0, 0, 0, 0, 0, 0, 0, 0, 0, 1, 1]
[[10  0  0  0  0  0]
 [ 0 10  0  0  0  0]
 [ 0  0 10  0  0  0]
 [ 0  0  0 10  0  0]
 [ 0  0  0  0 10  0]
 [ 0  0  0  0  0 10]]
1.0
n_feature=2, score=1.0
[0, 0, 0, 0, 0, 0, 0, 0, 0, 0, 0, 1, 1]
[[10  0  0  0  0  0]
 [ 0 10  0  0  0  0]
 [ 0  0 10  0  0  0]
 [ 0  0  0 10  0  0]
 [ 0  0  0  0 10  0]
 [ 0  0  0  0  0 10]]
1.0
n_feature=2, score=1.0
[0, 0, 0, 0, 0, 0, 0, 0, 0, 0, 0, 1, 1]
[[10  0  0  0  0  0]
 [ 0 10  0  0  0  0]
 [ 0  0 10  0  0  0]
 [ 0  0  0 10  0  0]
 [ 0  0  0  0 10  0]
 [ 0  0  0  0  0 10]]
1.0
n_feature=4, score=1.0
[0, 0, 0, 1, 0, 0, 0, 1, 0, 0, 0, 1, 1]
[[10  0  0  0  0  0]
 [ 0 10  0  0  0  0]
 [ 0  0 10  0  0  0]
 [ 0  0  0 10  0  0]
 [ 0  0  0  0 10  0]
 [ 0  0  0  0  0 10]]
1.0
n_feature=2, score=1.0
[0, 0, 0, 0, 0, 0, 0, 0, 0, 0, 0, 1, 1]
[[10  0  0  0  0  0]
 [ 0 10  0  0  0  0]
 [ 0  0 10  0  0  0]
 [ 0  0  0 10  0  0]
 [ 0  0  0  0 10  0]
 [ 0  0  0  0  0 10]]
1.0
n_feature=2, score=1.0
[0, 0, 0, 0, 0, 0, 0, 0, 0, 0, 0, 1, 1]
[[10  0  0  0  0  0]
 [ 0 10  0  0  0  0]
 [ 0  0 10  0  0  0]
 [ 0  0  0 10  0  0]
 [ 0  0  0  0 10  0]
 [ 0  0  0  0  0 10]]
1.0
n_feature=2, score=1.0
[0, 0, 0, 0, 0, 0, 0, 0, 0, 0, 0, 1, 1]
[[10  0  0  0  0  0]
 [ 0 10  0  0  0  0]
 [ 0  0 10  0  0  0]
 [ 0  0  0 10  0  0]
 [ 0  0  0  0 10  0]
 [ 0  0  0  0  0 10]]
1.0
n_feature=2, score=1.0
[0, 0, 0, 0, 0, 0, 0, 0, 0, 0, 0, 1, 1]
[[10  0  0  0  0  0]
 [ 0 10  0  0  0  0]
 [ 0  0 10  0  0  0]
 [ 0  0  0 10  0  0]
 [ 0  0  0  0 10  0]
 [ 0  0  0  0  0 10]]
1.0
n_feature=1, score=1.0
[0, 0, 0, 0, 0, 0, 0, 0, 0, 0, 0, 0, 1]
[[10  0  0  0  0  0]
 [ 0 10  0  0  0  0]
 [ 0  0 10  0  0  0]
 [ 0  0  0 10  0  0]
 [ 0  0  0  0 10  0]
 [ 0  0  0  0  0 10]]
1.0
n_feature=2, score=1.0
[0, 0, 0, 0, 0, 0, 0, 0, 0, 0, 0, 1, 1]
[[10  0  0  0  0  0]
 [ 0 10  0  0  0  0]
 [ 0  0 10  0  0  0]
 [ 0  0  0 10  0  0]
 [ 0  0  0  0 10  0]
 [ 0  0  0  0  0 10]]
1.0
n_feature=2, score=1.0
[0, 0, 0, 0, 0, 0, 0, 0, 0, 0, 0, 1, 1]
[[10  0  0  0  0  0]
 [ 0 10  0  0  0  0]
 [ 0  0 10  0  0  0]
 [ 0  0  0 10  0  0]
 [ 0  0  0  0 10  0]
 [ 0  0  0  0  0 10]]
1.0
n_feature=3, score=1.0
[0, 0, 1, 0, 0, 0, 0, 0, 0, 0, 0, 1, 1]
[[10  0  0  0  0  0]
 [ 0 10  0  0  0  0]
 [ 0  0 10  0  0  0]
 [ 0  0  0 10  0  0]
 [ 0  0  0  0 10  0]
 [ 0  0  0  0  0 10]]
1.0
n_feature=2, score=1.0
[0, 0, 0, 0, 0, 0, 0, 0, 0, 0, 0, 1, 1]
[[10  0  0  0  0  0]
 [ 0 10  0  0  0  0]
 [ 0  0 10  0  0  0]
 [ 0  0  0 10  0  0]
 [ 0  0  0  0 10  0]
 [ 0  0  0  0  0 10]]
1.0
n_feature=2, score=1.0
[0, 0, 0, 0, 0, 0, 0, 0, 0, 0, 0, 1, 1]
[[10  0  0  0  0  0]
 [ 0 10  0  0  0  0]
 [ 0  0 10  0  0  0]
 [ 0  0  0 10  0  0]
 [ 0  0  0  0 10  0]
 [ 0  0  0  0  0 10]]
1.0
n_feature=2, score=1.0
[0, 0, 0, 0, 0, 0, 0, 0, 0, 0, 0, 1, 1]
[[10  0  0  0  0  0]
 [ 0 10  0  0  0  0]
 [ 0  0 10  0  0  0]
 [ 0  0  0 10  0  0]
 [ 0  0  0  0 10  0]
 [ 0  0  0  0  0 10]]
1.0
n_feature=2, score=1.0
[0, 0, 0, 0, 0, 0, 0, 0, 0, 0, 0, 1, 1]
[[10  0  0  0  0  0]
 [ 0 10  0  0  0  0]
 [ 0  0 10  0  0  0]
 [ 0  0  0 10  0  0]
 [ 0  0  0  0 10  0]
 [ 0  0  0  0  0 10]]
1.0
n_feature=2, score=1.0
[0, 0, 0, 0, 0, 0, 0, 0, 0, 0, 0, 1, 1]
[[10  0  0  0  0  0]
 [ 0 10  0  0  0  0]
 [ 0  0 10  0  0  0]
 [ 0  0  0 10  0  0]
 [ 0  0  0  0 10  0]
 [ 0  0  0  0  0 10]]
1.0
n_feature=2, score=1.0
[0, 0, 0, 0, 0, 0, 0, 0, 0, 0, 0, 1, 1]
[[10  0  0  0  0  0]
 [ 0 10  0  0  0  0]
 [ 0  0 10  0  0  0]
 [ 0  0  0 10  0  0]
 [ 0  0  0  0 10  0]
 [ 0  0  0  0  0 10]]
1.0
n_feature=4, score=1.0
[1, 0, 0, 0, 0, 1, 0, 0, 0, 0, 0, 1, 1]
[[10  0  0  0  0  0]
 [ 0 10  0  0  0  0]
 [ 0  0 10  0  0  0]
 [ 0  0  0 10  0  0]
 [ 0  0  0  0 10  0]
 [ 0  0  0  0  0 10]]
1.0
n_feature=2, score=1.0
[0, 0, 0, 0, 0, 0, 0, 0, 0, 0, 0, 1, 1]
[[10  0  0  0  0  0]
 [ 0 10  0  0  0  0]
 [ 0  0 10  0  0  0]
 [ 0  0  0 10  0  0]
 [ 0  0  0  0 10  0]
 [ 0  0  0  0  0 10]]
1.0
n_feature=2, score=1.0
[0, 0, 0, 0, 0, 0, 0, 0, 0, 0, 0, 1, 1]
[[10  0  0  0  0  0]
 [ 0 10  0  0  0  0]
 [ 0  0 10  0  0  0]
 [ 0  0  0 10  0  0]
 [ 0  0  0  0 10  0]
 [ 0  0  0  0  0 10]]
1.0
n_feature=2, score=1.0
[0, 0, 0, 0, 0, 0, 0, 0, 0, 0, 0, 1, 1]
[[10  0  0  0  0  0]
 [ 0 10  0  0  0  0]
 [ 0  0 10  0  0  0]
 [ 0  0  0 10  0  0]
 [ 0  0  0  0 10  0]
 [ 0  0  0  0  0 10]]
1.0
n_feature=1, score=1.0
[0, 0, 0, 0, 0, 0, 0, 0, 0, 0, 0, 0, 1]
[[10  0  0  0  0  0]
 [ 0 10  0  0  0  0]
 [ 0  0 10  0  0  0]
 [ 0  0  0 10  0  0]
 [ 0  0  0  0 10  0]
 [ 0  0  0  0  0 10]]
1.0
n_feature=2, score=1.0
[0, 0, 0, 0, 0, 0, 0, 0, 0, 0, 0, 1, 1]
[[10  0  0  0  0  0]
 [ 0 10  0  0  0  0]
 [ 0  0 10  0  0  0]
 [ 0  0  0 10  0  0]
 [ 0  0  0  0 10  0]
 [ 0  0  0  0  0 10]]
1.0
n_feature=2, score=1.0
[0, 0, 0, 0, 0, 0, 0, 0, 0, 0, 0, 1, 1]
[[10  0  0  0  0  0]
 [ 0 10  0  0  0  0]
 [ 0  0 10  0  0  0]
 [ 0  0  0 10  0  0]
 [ 0  0  0  0 10  0]
 [ 0  0  0  0  0 10]]
1.0
n_feature=2, score=1.0
[0, 0, 0, 0, 0, 0, 0, 0, 0, 0, 0, 1, 1]
[[10  0  0  0  0  0]
 [ 0 10  0  0  0  0]
 [ 0  0 10  0  0  0]
 [ 0  0  0 10  0  0]
 [ 0  0  0  0 10  0]
 [ 0  0  0  0  0 10]]
1.0
n_feature=2, score=1.0
[0, 0, 0, 0, 0, 0, 0, 0, 0, 0, 0, 1, 1]
[[10  0  0  0  0  0]
 [ 0 10  0  0  0  0]
 [ 0  0 10  0  0  0]
 [ 0  0  0 10  0  0]
 [ 0  0  0  0 10  0]
 [ 0  0  0  0  0 10]]
1.0
n_feature=2, score=1.0
[0, 0, 0, 0, 0, 0, 0, 0, 0, 0, 0, 1, 1]
[[10  0  0  0  0  0]
 [ 0 10  0  0  0  0]
 [ 0  0 10  0  0  0]
 [ 0  0  0 10  0  0]
 [ 0  0  0  0 10  0]
 [ 0  0  0  0  0 10]]
1.0
n_feature=2, score=1.0
[0, 0, 0, 0, 0, 0, 0, 0, 0, 0, 0, 1, 1]
[[10  0  0  0  0  0]
 [ 0 10  0  0  0  0]
 [ 0  0 10  0  0  0]
 [ 0  0  0 10  0  0]
 [ 0  0  0  0 10  0]
 [ 0  0  0  0  0 10]]
1.0
n_feature=2, score=1.0
[0, 0, 0, 0, 0, 0, 0, 0, 0, 0, 0, 1, 1]
[[10  0  0  0  0  0]
 [ 0 10  0  0  0  0]
 [ 0  0 10  0  0  0]
 [ 0  0  0 10  0  0]
 [ 0  0  0  0 10  0]
 [ 0  0  0  0  0 10]]
1.0
n_feature=2, score=1.0
[0, 0, 0, 0, 0, 0, 0, 0, 0, 0, 0, 1, 1]
[[10  0  0  0  0  0]
 [ 0 10  0  0  0  0]
 [ 0  0 10  0  0  0]
 [ 0  0  0 10  0  0]
 [ 0  0  0  0 10  0]
 [ 0  0  0  0  0 10]]
1.0
n_feature=2, score=1.0
[0, 0, 0, 0, 0, 0, 0, 0, 0, 0, 0, 1, 1]
[[10  0  0  0  0  0]
 [ 0 10  0  0  0  0]
 [ 0  0 10  0  0  0]
 [ 0  0  0 10  0  0]
 [ 0  0  0  0 10  0]
 [ 0  0  0  0  0 10]]
1.0
n_feature=2, score=1.0
[0, 0, 0, 0, 0, 0, 0, 0, 0, 0, 0, 1, 1]
[[10  0  0  0  0  0]
 [ 0 10  0  0  0  0]
 [ 0  0 10  0  0  0]
 [ 0  0  0 10  0  0]
 [ 0  0  0  0 10  0]
 [ 0  0  0  0  0 10]]
1.0
n_feature=2, score=1.0
[0, 0, 0, 0, 0, 0, 0, 0, 0, 0, 0, 1, 1]
[[10  0  0  0  0  0]
 [ 0 10  0  0  0  0]
 [ 0  0 10  0  0  0]
 [ 0  0  0 10  0  0]
 [ 0  0  0  0 10  0]
 [ 0  0  0  0  0 10]]
1.0
n_feature=2, score=1.0
[0, 0, 0, 0, 0, 0, 0, 0, 0, 0, 0, 1, 1]
[[10  0  0  0  0  0]
 [ 0 10  0  0  0  0]
 [ 0  0 10  0  0  0]
 [ 0  0  0 10  0  0]
 [ 0  0  0  0 10  0]
 [ 0  0  0  0  0 10]]
1.0
n_feature=2, score=1.0
[0, 0, 0, 0, 0, 0, 0, 0, 0, 0, 0, 1, 1]
[[10  0  0  0  0  0]
 [ 0 10  0  0  0  0]
 [ 0  0 10  0  0  0]
 [ 0  0  0 10  0  0]
 [ 0  0  0  0 10  0]
 [ 0  0  0  0  0 10]]
1.0
n_feature=2, score=1.0
[0, 0, 0, 0, 0, 0, 0, 0, 0, 0, 0, 1, 1]
[[10  0  0  0  0  0]
 [ 0 10  0  0  0  0]
 [ 0  0 10  0  0  0]
 [ 0  0  0 10  0  0]
 [ 0  0  0  0 10  0]
 [ 0  0  0  0  0 10]]
1.0
n_feature=3, score=1.0
[1, 0, 0, 0, 0, 0, 0, 0, 0, 0, 0, 1, 1]
[[10  0  0  0  0  0]
 [ 0 10  0  0  0  0]
 [ 0  0 10  0  0  0]
 [ 0  0  0 10  0  0]
 [ 0  0  0  0 10  0]
 [ 0  0  0  0  0 10]]
1.0
n_feature=2, score=1.0
[0, 0, 0, 0, 0, 0, 0, 0, 0, 0, 0, 1, 1]
[[10  0  0  0  0  0]
 [ 0 10  0  0  0  0]
 [ 0  0 10  0  0  0]
 [ 0  0  0 10  0  0]
 [ 0  0  0  0 10  0]
 [ 0  0  0  0  0 10]]
1.0
n_feature=2, score=1.0
[0, 0, 0, 0, 0, 0, 0, 0, 0, 0, 0, 1, 1]
[[10  0  0  0  0  0]
 [ 0 10  0  0  0  0]
 [ 0  0 10  0  0  0]
 [ 0  0  0 10  0  0]
 [ 0  0  0  0 10  0]
 [ 0  0  0  0  0 10]]
1.0
n_feature=2, score=1.0
[0, 0, 0, 0, 0, 0, 0, 0, 0, 0, 0, 1, 1]
[[10  0  0  0  0  0]
 [ 0 10  0  0  0  0]
 [ 0  0 10  0  0  0]
 [ 0  0  0 10  0  0]
 [ 0  0  0  0 10  0]
 [ 0  0  0  0  0 10]]
1.0
n_feature=1, score=1.0
[0, 0, 0, 0, 0, 0, 0, 0, 0, 0, 0, 0, 1]
[[10  0  0  0  0  0]
 [ 0 10  0  0  0  0]
 [ 0  0 10  0  0  0]
 [ 0  0  0 10  0  0]
 [ 0  0  0  0 10  0]
 [ 0  0  0  0  0 10]]
1.0
n_feature=2, score=1.0
[0, 0, 0, 0, 0, 0, 0, 0, 0, 0, 0, 1, 1]
[[10  0  0  0  0  0]
 [ 0 10  0  0  0  0]
 [ 0  0 10  0  0  0]
 [ 0  0  0 10  0  0]
 [ 0  0  0  0 10  0]
 [ 0  0  0  0  0 10]]
1.0
n_feature=2, score=1.0
[0, 0, 0, 0, 0, 0, 0, 0, 0, 0, 0, 1, 1]
[[10  0  0  0  0  0]
 [ 0 10  0  0  0  0]
 [ 0  0 10  0  0  0]
 [ 0  0  0 10  0  0]
 [ 0  0  0  0 10  0]
 [ 0  0  0  0  0 10]]
1.0
n_feature=1, score=1.0
[0, 0, 0, 0, 0, 0, 0, 0, 0, 0, 0, 0, 1]
[[10  0  0  0  0  0]
 [ 0 10  0  0  0  0]
 [ 0  0 10  0  0  0]
 [ 0  0  0 10  0  0]
 [ 0  0  0  0 10  0]
 [ 0  0  0  0  0 10]]
1.0
n_feature=2, score=1.0
[0, 0, 0, 0, 0, 0, 0, 0, 0, 0, 0, 1, 1]
[[10  0  0  0  0  0]
 [ 0 10  0  0  0  0]
 [ 0  0 10  0  0  0]
 [ 0  0  0 10  0  0]
 [ 0  0  0  0 10  0]
 [ 0  0  0  0  0 10]]
1.0
n_feature=2, score=1.0
[0, 0, 0, 0, 0, 0, 0, 0, 0, 0, 0, 1, 1]
[[10  0  0  0  0  0]
 [ 0 10  0  0  0  0]
 [ 0  0 10  0  0  0]
 [ 0  0  0 10  0  0]
 [ 0  0  0  0 10  0]
 [ 0  0  0  0  0 10]]
1.0
n_feature=2, score=1.0
[0, 0, 0, 0, 0, 0, 0, 0, 0, 0, 0, 1, 1]
[[10  0  0  0  0  0]
 [ 0 10  0  0  0  0]
 [ 0  0 10  0  0  0]
 [ 0  0  0 10  0  0]
 [ 0  0  0  0 10  0]
 [ 0  0  0  0  0 10]]
1.0
n_feature=2, score=1.0
[0, 0, 0, 0, 0, 0, 0, 0, 0, 0, 0, 1, 1]
[[10  0  0  0  0  0]
 [ 0 10  0  0  0  0]
 [ 0  0 10  0  0  0]
 [ 0  0  0 10  0  0]
 [ 0  0  0  0 10  0]
 [ 0  0  0  0  0 10]]
1.0
n_feature=2, score=1.0
[0, 0, 0, 0, 0, 0, 0, 0, 0, 0, 0, 1, 1]
[[10  0  0  0  0  0]
 [ 0 10  0  0  0  0]
 [ 0  0 10  0  0  0]
 [ 0  0  0 10  0  0]
 [ 0  0  0  0 10  0]
 [ 0  0  0  0  0 10]]
1.0
n_feature=1, score=1.0
[0, 0, 0, 0, 0, 0, 0, 0, 0, 0, 0, 0, 1]
[[10  0  0  0  0  0]
 [ 0 10  0  0  0  0]
 [ 0  0 10  0  0  0]
 [ 0  0  0 10  0  0]
 [ 0  0  0  0 10  0]
 [ 0  0  0  0  0 10]]
1.0
n_feature=2, score=1.0
[0, 0, 0, 0, 0, 0, 0, 0, 0, 0, 0, 1, 1]
[[10  0  0  0  0  0]
 [ 0 10  0  0  0  0]
 [ 0  0 10  0  0  0]
 [ 0  0  0 10  0  0]
 [ 0  0  0  0 10  0]
 [ 0  0  0  0  0 10]]
1.0
n_feature=2, score=1.0
[0, 0, 0, 0, 0, 0, 0, 0, 0, 0, 0, 1, 1]
[[10  0  0  0  0  0]
 [ 0 10  0  0  0  0]
 [ 0  0 10  0  0  0]
 [ 0  0  0 10  0  0]
 [ 0  0  0  0 10  0]
 [ 0  0  0  0  0 10]]
1.0
n_feature=2, score=1.0
[0, 0, 0, 0, 0, 0, 0, 1, 0, 0, 0, 0, 1]
[[10  0  0  0  0  0]
 [ 0 10  0  0  0  0]
 [ 0  0 10  0  0  0]
 [ 0  0  0 10  0  0]
 [ 0  0  0  0 10  0]
 [ 0  0  0  0  0 10]]
1.0
n_feature=2, score=1.0
[0, 0, 0, 0, 0, 0, 0, 0, 0, 0, 0, 1, 1]
[[10  0  0  0  0  0]
 [ 0 10  0  0  0  0]
 [ 0  0 10  0  0  0]
 [ 0  0  0 10  0  0]
 [ 0  0  0  0 10  0]
 [ 0  0  0  0  0 10]]
1.0
n_feature=2, score=1.0
[0, 0, 0, 0, 0, 0, 0, 0, 0, 0, 0, 1, 1]
[[10  0  0  0  0  0]
 [ 0 10  0  0  0  0]
 [ 0  0 10  0  0  0]
 [ 0  0  0 10  0  0]
 [ 0  0  0  0 10  0]
 [ 0  0  0  0  0 10]]
1.0
n_feature=1, score=1.0
[0, 0, 0, 0, 0, 0, 0, 0, 0, 0, 0, 0, 1]
[[10  0  0  0  0  0]
 [ 0 10  0  0  0  0]
 [ 0  0 10  0  0  0]
 [ 0  0  0 10  0  0]
 [ 0  0  0  0 10  0]
 [ 0  0  0  0  0 10]]
1.0
n_feature=1, score=1.0
[0, 0, 0, 0, 0, 0, 0, 0, 0, 0, 0, 0, 1]
[[10  0  0  0  0  0]
 [ 0 10  0  0  0  0]
 [ 0  0 10  0  0  0]
 [ 0  0  0 10  0  0]
 [ 0  0  0  0 10  0]
 [ 0  0  0  0  0 10]]
1.0
n_feature=4, score=1.0
[0, 0, 0, 0, 0, 0, 1, 1, 0, 0, 0, 1, 1]
[[10  0  0  0  0  0]
 [ 0 10  0  0  0  0]
 [ 0  0 10  0  0  0]
 [ 0  0  0 10  0  0]
 [ 0  0  0  0 10  0]
 [ 0  0  0  0  0 10]]
1.0
n_feature=1, score=1.0
[0, 0, 0, 0, 0, 0, 0, 0, 0, 0, 0, 0, 1]
[[10  0  0  0  0  0]
 [ 0 10  0  0  0  0]
 [ 0  0 10  0  0  0]
 [ 0  0  0 10  0  0]
 [ 0  0  0  0 10  0]
 [ 0  0  0  0  0 10]]
1.0
n_feature=1, score=1.0
[0, 0, 0, 0, 0, 0, 0, 0, 0, 0, 0, 0, 1]
[[10  0  0  0  0  0]
 [ 0 10  0  0  0  0]
 [ 0  0 10  0  0  0]
 [ 0  0  0 10  0  0]
 [ 0  0  0  0 10  0]
 [ 0  0  0  0  0 10]]
1.0
n_feature=1, score=1.0
[0, 0, 0, 0, 0, 0, 0, 0, 0, 0, 0, 0, 1]
[[10  0  0  0  0  0]
 [ 0 10  0  0  0  0]
 [ 0  0 10  0  0  0]
 [ 0  0  0 10  0  0]
 [ 0  0  0  0 10  0]
 [ 0  0  0  0  0 10]]
1.0
n_feature=2, score=1.0
[0, 0, 0, 0, 0, 0, 0, 0, 0, 0, 0, 1, 1]
[[10  0  0  0  0  0]
 [ 0 10  0  0  0  0]
 [ 0  0 10  0  0  0]
 [ 0  0  0 10  0  0]
 [ 0  0  0  0 10  0]
 [ 0  0  0  0  0 10]]
1.0
n_feature=1, score=1.0
[0, 0, 0, 0, 0, 0, 0, 0, 0, 0, 0, 0, 1]
[[10  0  0  0  0  0]
 [ 0 10  0  0  0  0]
 [ 0  0 10  0  0  0]
 [ 0  0  0 10  0  0]
 [ 0  0  0  0 10  0]
 [ 0  0  0  0  0 10]]
1.0
n_feature=1, score=1.0
[0, 0, 0, 0, 0, 0, 0, 0, 0, 0, 0, 0, 1]
[[10  0  0  0  0  0]
 [ 0 10  0  0  0  0]
 [ 0  0 10  0  0  0]
 [ 0  0  0 10  0  0]
 [ 0  0  0  0 10  0]
 [ 0  0  0  0  0 10]]
1.0
n_feature=1, score=1.0
[0, 0, 0, 0, 0, 0, 0, 0, 0, 0, 0, 0, 1]
[[10  0  0  0  0  0]
 [ 0 10  0  0  0  0]
 [ 0  0 10  0  0  0]
 [ 0  0  0 10  0  0]
 [ 0  0  0  0 10  0]
 [ 0  0  0  0  0 10]]
1.0
n_feature=1, score=1.0
[0, 0, 0, 0, 0, 0, 0, 0, 0, 0, 0, 0, 1]
[[10  0  0  0  0  0]
 [ 0 10  0  0  0  0]
 [ 0  0 10  0  0  0]
 [ 0  0  0 10  0  0]
 [ 0  0  0  0 10  0]
 [ 0  0  0  0  0 10]]
1.0
n_feature=1, score=1.0
[0, 0, 0, 0, 0, 0, 0, 0, 0, 0, 0, 0, 1]
[[10  0  0  0  0  0]
 [ 0 10  0  0  0  0]
 [ 0  0 10  0  0  0]
 [ 0  0  0 10  0  0]
 [ 0  0  0  0 10  0]
 [ 0  0  0  0  0 10]]
1.0
n_feature=1, score=1.0
[0, 0, 0, 0, 0, 0, 0, 0, 0, 0, 0, 0, 1]
[[10  0  0  0  0  0]
 [ 0 10  0  0  0  0]
 [ 0  0 10  0  0  0]
 [ 0  0  0 10  0  0]
 [ 0  0  0  0 10  0]
 [ 0  0  0  0  0 10]]
1.0
n_feature=1, score=1.0
[0, 0, 0, 0, 0, 0, 0, 0, 0, 0, 0, 0, 1]
[[10  0  0  0  0  0]
 [ 0 10  0  0  0  0]
 [ 0  0 10  0  0  0]
 [ 0  0  0 10  0  0]
 [ 0  0  0  0 10  0]
 [ 0  0  0  0  0 10]]
1.0
n_feature=1, score=1.0
[0, 0, 0, 0, 0, 0, 0, 0, 0, 0, 0, 0, 1]
[[10  0  0  0  0  0]
 [ 0 10  0  0  0  0]
 [ 0  0 10  0  0  0]
 [ 0  0  0 10  0  0]
 [ 0  0  0  0 10  0]
 [ 0  0  0  0  0 10]]
1.0
n_feature=1, score=1.0
[0, 0, 0, 0, 0, 0, 0, 0, 0, 0, 0, 0, 1]
[[10  0  0  0  0  0]
 [ 0 10  0  0  0  0]
 [ 0  0 10  0  0  0]
 [ 0  0  0 10  0  0]
 [ 0  0  0  0 10  0]
 [ 0  0  0  0  0 10]]
1.0
n_feature=1, score=1.0
[0, 0, 0, 0, 0, 0, 0, 0, 0, 0, 0, 0, 1]
[[10  0  0  0  0  0]
 [ 0 10  0  0  0  0]
 [ 0  0 10  0  0  0]
 [ 0  0  0 10  0  0]
 [ 0  0  0  0 10  0]
 [ 0  0  0  0  0 10]]
1.0
n_feature=1, score=1.0
[0, 0, 0, 0, 0, 0, 0, 0, 0, 0, 0, 0, 1]
[[10  0  0  0  0  0]
 [ 0 10  0  0  0  0]
 [ 0  0 10  0  0  0]
 [ 0  0  0 10  0  0]
 [ 0  0  0  0 10  0]
 [ 0  0  0  0  0 10]]
1.0
n_feature=3, score=1.0
[1, 0, 0, 0, 0, 0, 0, 0, 0, 0, 1, 0, 1]
[[10  0  0  0  0  0]
 [ 0 10  0  0  0  0]
 [ 0  0 10  0  0  0]
 [ 0  0  0 10  0  0]
 [ 0  0  0  0 10  0]
 [ 0  0  0  0  0 10]]
1.0
n_feature=2, score=1.0
[0, 0, 0, 0, 0, 0, 0, 0, 0, 1, 0, 0, 1]
[[10  0  0  0  0  0]
 [ 0 10  0  0  0  0]
 [ 0  0 10  0  0  0]
 [ 0  0  0 10  0  0]
 [ 0  0  0  0 10  0]
 [ 0  0  0  0  0 10]]
1.0
n_feature=1, score=1.0
[0, 0, 0, 0, 0, 0, 0, 0, 0, 0, 0, 0, 1]
[[10  0  0  0  0  0]
 [ 0 10  0  0  0  0]
 [ 0  0 10  0  0  0]
 [ 0  0  0 10  0  0]
 [ 0  0  0  0 10  0]
 [ 0  0  0  0  0 10]]
1.0
n_feature=2, score=1.0
[0, 0, 0, 0, 1, 0, 0, 0, 0, 0, 0, 0, 1]
[[10  0  0  0  0  0]
 [ 0 10  0  0  0  0]
 [ 0  0 10  0  0  0]
 [ 0  0  0 10  0  0]
 [ 0  0  0  0 10  0]
 [ 0  0  0  0  0 10]]
1.0
n_feature=1, score=1.0
[0, 0, 0, 0, 0, 0, 0, 0, 0, 0, 0, 0, 1]
[[10  0  0  0  0  0]
 [ 0 10  0  0  0  0]
 [ 0  0 10  0  0  0]
 [ 0  0  0 10  0  0]
 [ 0  0  0  0 10  0]
 [ 0  0  0  0  0 10]]
1.0
n_feature=1, score=1.0
[0, 0, 0, 0, 0, 0, 0, 0, 0, 0, 0, 0, 1]
[[10  0  0  0  0  0]
 [ 0 10  0  0  0  0]
 [ 0  0 10  0  0  0]
 [ 0  0  0 10  0  0]
 [ 0  0  0  0 10  0]
 [ 0  0  0  0  0 10]]
1.0
n_feature=1, score=1.0
[0, 0, 0, 0, 0, 0, 0, 0, 0, 0, 0, 0, 1]
[[10  0  0  0  0  0]
 [ 0 10  0  0  0  0]
 [ 0  0 10  0  0  0]
 [ 0  0  0 10  0  0]
 [ 0  0  0  0 10  0]
 [ 0  0  0  0  0 10]]
1.0
n_feature=1, score=1.0
[0, 0, 0, 0, 0, 0, 0, 0, 0, 0, 0, 0, 1]
[[10  0  0  0  0  0]
 [ 0 10  0  0  0  0]
 [ 0  0 10  0  0  0]
 [ 0  0  0 10  0  0]
 [ 0  0  0  0 10  0]
 [ 0  0  0  0  0 10]]
1.0
n_feature=1, score=1.0
[0, 0, 0, 0, 0, 0, 0, 0, 0, 0, 0, 0, 1]
[[10  0  0  0  0  0]
 [ 0 10  0  0  0  0]
 [ 0  0 10  0  0  0]
 [ 0  0  0 10  0  0]
 [ 0  0  0  0 10  0]
 [ 0  0  0  0  0 10]]
1.0
n_feature=1, score=1.0
[0, 0, 0, 0, 0, 0, 0, 0, 0, 0, 0, 0, 1]
[[10  0  0  0  0  0]
 [ 0 10  0  0  0  0]
 [ 0  0 10  0  0  0]
 [ 0  0  0 10  0  0]
 [ 0  0  0  0 10  0]
 [ 0  0  0  0  0 10]]
1.0
n_feature=1, score=1.0
[0, 0, 0, 0, 0, 0, 0, 0, 0, 0, 0, 0, 1]
[[10  0  0  0  0  0]
 [ 0 10  0  0  0  0]
 [ 0  0 10  0  0  0]
 [ 0  0  0 10  0  0]
 [ 0  0  0  0 10  0]
 [ 0  0  0  0  0 10]]
1.0
n_feature=1, score=1.0
[0, 0, 0, 0, 0, 0, 0, 0, 0, 0, 0, 0, 1]
[[10  0  0  0  0  0]
 [ 0 10  0  0  0  0]
 [ 0  0 10  0  0  0]
 [ 0  0  0 10  0  0]
 [ 0  0  0  0 10  0]
 [ 0  0  0  0  0 10]]
1.0
n_feature=1, score=1.0
[0, 0, 0, 0, 0, 0, 0, 0, 0, 0, 0, 0, 1]
[[10  0  0  0  0  0]
 [ 0 10  0  0  0  0]
 [ 0  0 10  0  0  0]
 [ 0  0  0 10  0  0]
 [ 0  0  0  0 10  0]
 [ 0  0  0  0  0 10]]
1.0
n_feature=1, score=1.0
[0, 0, 0, 0, 0, 0, 0, 0, 0, 0, 0, 0, 1]
[[10  0  0  0  0  0]
 [ 0 10  0  0  0  0]
 [ 0  0 10  0  0  0]
 [ 0  0  0 10  0  0]
 [ 0  0  0  0 10  0]
 [ 0  0  0  0  0 10]]
1.0
n_feature=1, score=1.0
[0, 0, 0, 0, 0, 0, 0, 0, 0, 0, 0, 0, 1]
[[10  0  0  0  0  0]
 [ 0 10  0  0  0  0]
 [ 0  0 10  0  0  0]
 [ 0  0  0 10  0  0]
 [ 0  0  0  0 10  0]
 [ 0  0  0  0  0 10]]
1.0
n_feature=1, score=1.0
[0, 0, 0, 0, 0, 0, 0, 0, 0, 0, 0, 0, 1]
[[10  0  0  0  0  0]
 [ 0 10  0  0  0  0]
 [ 0  0 10  0  0  0]
 [ 0  0  0 10  0  0]
 [ 0  0  0  0 10  0]
 [ 0  0  0  0  0 10]]
1.0
n_feature=2, score=1.0
[1, 0, 0, 0, 0, 0, 0, 0, 0, 0, 0, 0, 1]
[[10  0  0  0  0  0]
 [ 0 10  0  0  0  0]
 [ 0  0 10  0  0  0]
 [ 0  0  0 10  0  0]
 [ 0  0  0  0 10  0]
 [ 0  0  0  0  0 10]]
1.0
n_feature=1, score=1.0
[0, 0, 0, 0, 0, 0, 0, 0, 0, 0, 0, 0, 1]
[[10  0  0  0  0  0]
 [ 0 10  0  0  0  0]
 [ 0  0 10  0  0  0]
 [ 0  0  0 10  0  0]
 [ 0  0  0  0 10  0]
 [ 0  0  0  0  0 10]]
1.0
n_feature=2, score=1.0
[1, 0, 0, 0, 0, 0, 0, 0, 0, 0, 0, 0, 1]
[[10  0  0  0  0  0]
 [ 0 10  0  0  0  0]
 [ 0  0 10  0  0  0]
 [ 0  0  0 10  0  0]
 [ 0  0  0  0 10  0]
 [ 0  0  0  0  0 10]]
1.0
n_feature=1, score=1.0
[0, 0, 0, 0, 0, 0, 0, 0, 0, 0, 0, 0, 1]
[[10  0  0  0  0  0]
 [ 0 10  0  0  0  0]
 [ 0  0 10  0  0  0]
 [ 0  0  0 10  0  0]
 [ 0  0  0  0 10  0]
 [ 0  0  0  0  0 10]]
1.0
n_feature=1, score=1.0
[0, 0, 0, 0, 0, 0, 0, 0, 0, 0, 0, 0, 1]
[[10  0  0  0  0  0]
 [ 0 10  0  0  0  0]
 [ 0  0 10  0  0  0]
 [ 0  0  0 10  0  0]
 [ 0  0  0  0 10  0]
 [ 0  0  0  0  0 10]]
1.0
n_feature=1, score=1.0
[0, 0, 0, 0, 0, 0, 0, 0, 0, 0, 0, 0, 1]
[[10  0  0  0  0  0]
 [ 0 10  0  0  0  0]
 [ 0  0 10  0  0  0]
 [ 0  0  0 10  0  0]
 [ 0  0  0  0 10  0]
 [ 0  0  0  0  0 10]]
1.0
n_feature=1, score=1.0
[0, 0, 0, 0, 0, 0, 0, 0, 0, 0, 0, 0, 1]
[[10  0  0  0  0  0]
 [ 0 10  0  0  0  0]
 [ 0  0 10  0  0  0]
 [ 0  0  0 10  0  0]
 [ 0  0  0  0 10  0]
 [ 0  0  0  0  0 10]]
1.0
n_feature=1, score=1.0
[0, 0, 0, 0, 0, 0, 0, 0, 0, 0, 0, 0, 1]
[[10  0  0  0  0  0]
 [ 0 10  0  0  0  0]
 [ 0  0 10  0  0  0]
 [ 0  0  0 10  0  0]
 [ 0  0  0  0 10  0]
 [ 0  0  0  0  0 10]]
1.0
n_feature=1, score=1.0
[0, 0, 0, 0, 0, 0, 0, 0, 0, 0, 0, 0, 1]
[[10  0  0  0  0  0]
 [ 0 10  0  0  0  0]
 [ 0  0 10  0  0  0]
 [ 0  0  0 10  0  0]
 [ 0  0  0  0 10  0]
 [ 0  0  0  0  0 10]]
1.0
n_feature=1, score=1.0
[0, 0, 0, 0, 0, 0, 0, 0, 0, 0, 0, 0, 1]
[[10  0  0  0  0  0]
 [ 0 10  0  0  0  0]
 [ 0  0 10  0  0  0]
 [ 0  0  0 10  0  0]
 [ 0  0  0  0 10  0]
 [ 0  0  0  0  0 10]]
1.0
n_feature=1, score=1.0
[0, 0, 0, 0, 0, 0, 0, 0, 0, 0, 0, 0, 1]
[[10  0  0  0  0  0]
 [ 0 10  0  0  0  0]
 [ 0  0 10  0  0  0]
 [ 0  0  0 10  0  0]
 [ 0  0  0  0 10  0]
 [ 0  0  0  0  0 10]]
1.0
n_feature=1, score=1.0
[0, 0, 0, 0, 0, 0, 0, 0, 0, 0, 0, 0, 1]
[[10  0  0  0  0  0]
 [ 0 10  0  0  0  0]
 [ 0  0 10  0  0  0]
 [ 0  0  0 10  0  0]
 [ 0  0  0  0 10  0]
 [ 0  0  0  0  0 10]]
1.0
n_feature=1, score=1.0
[0, 0, 0, 0, 0, 0, 0, 0, 0, 0, 0, 0, 1]
[[10  0  0  0  0  0]
 [ 0 10  0  0  0  0]
 [ 0  0 10  0  0  0]
 [ 0  0  0 10  0  0]
 [ 0  0  0  0 10  0]
 [ 0  0  0  0  0 10]]
1.0
n_feature=1, score=1.0
[0, 0, 0, 0, 0, 0, 0, 0, 0, 0, 0, 0, 1]
[[10  0  0  0  0  0]
 [ 0 10  0  0  0  0]
 [ 0  0 10  0  0  0]
 [ 0  0  0 10  0  0]
 [ 0  0  0  0 10  0]
 [ 0  0  0  0  0 10]]
1.0
n_feature=1, score=1.0
[0, 0, 0, 0, 0, 0, 0, 0, 0, 0, 0, 0, 1]
[[10  0  0  0  0  0]
 [ 0 10  0  0  0  0]
 [ 0  0 10  0  0  0]
 [ 0  0  0 10  0  0]
 [ 0  0  0  0 10  0]
 [ 0  0  0  0  0 10]]
1.0
n_feature=1, score=1.0
[0, 0, 0, 0, 0, 0, 0, 0, 0, 0, 0, 0, 1]
[[10  0  0  0  0  0]
 [ 0 10  0  0  0  0]
 [ 0  0 10  0  0  0]
 [ 0  0  0 10  0  0]
 [ 0  0  0  0 10  0]
 [ 0  0  0  0  0 10]]
1.0
n_feature=1, score=1.0
[0, 0, 0, 0, 0, 0, 0, 0, 0, 0, 0, 0, 1]
[[10  0  0  0  0  0]
 [ 0 10  0  0  0  0]
 [ 0  0 10  0  0  0]
 [ 0  0  0 10  0  0]
 [ 0  0  0  0 10  0]
 [ 0  0  0  0  0 10]]
1.0
n_feature=1, score=1.0
[0, 0, 0, 0, 0, 0, 0, 0, 0, 0, 0, 0, 1]
[[10  0  0  0  0  0]
 [ 0 10  0  0  0  0]
 [ 0  0 10  0  0  0]
 [ 0  0  0 10  0  0]
 [ 0  0  0  0 10  0]
 [ 0  0  0  0  0 10]]
1.0
n_feature=1, score=1.0
[0, 0, 0, 0, 0, 0, 0, 0, 0, 0, 0, 0, 1]
[[10  0  0  0  0  0]
 [ 0 10  0  0  0  0]
 [ 0  0 10  0  0  0]
 [ 0  0  0 10  0  0]
 [ 0  0  0  0 10  0]
 [ 0  0  0  0  0 10]]
1.0
n_feature=1, score=1.0
[0, 0, 0, 0, 0, 0, 0, 0, 0, 0, 0, 0, 1]
[[10  0  0  0  0  0]
 [ 0 10  0  0  0  0]
 [ 0  0 10  0  0  0]
 [ 0  0  0 10  0  0]
 [ 0  0  0  0 10  0]
 [ 0  0  0  0  0 10]]
1.0
n_feature=1, score=1.0
[0, 0, 0, 0, 0, 0, 0, 0, 0, 0, 0, 0, 1]
[[10  0  0  0  0  0]
 [ 0 10  0  0  0  0]
 [ 0  0 10  0  0  0]
 [ 0  0  0 10  0  0]
 [ 0  0  0  0 10  0]
 [ 0  0  0  0  0 10]]
1.0
n_feature=1, score=1.0
[0, 0, 0, 0, 0, 0, 0, 0, 0, 0, 0, 0, 1]
[[10  0  0  0  0  0]
 [ 0 10  0  0  0  0]
 [ 0  0 10  0  0  0]
 [ 0  0  0 10  0  0]
 [ 0  0  0  0 10  0]
 [ 0  0  0  0  0 10]]
1.0
n_feature=1, score=1.0
[0, 0, 0, 0, 0, 0, 0, 0, 0, 0, 0, 0, 1]
[[10  0  0  0  0  0]
 [ 0 10  0  0  0  0]
 [ 0  0 10  0  0  0]
 [ 0  0  0 10  0  0]
 [ 0  0  0  0 10  0]
 [ 0  0  0  0  0 10]]
1.0
n_feature=1, score=1.0
[0, 0, 0, 0, 0, 0, 0, 0, 0, 0, 0, 0, 1]
[[10  0  0  0  0  0]
 [ 0 10  0  0  0  0]
 [ 0  0 10  0  0  0]
 [ 0  0  0 10  0  0]
 [ 0  0  0  0 10  0]
 [ 0  0  0  0  0 10]]
1.0
n_feature=2, score=1.0
[1, 0, 0, 0, 0, 0, 0, 0, 0, 0, 0, 0, 1]
[[10  0  0  0  0  0]
 [ 0 10  0  0  0  0]
 [ 0  0 10  0  0  0]
 [ 0  0  0 10  0  0]
 [ 0  0  0  0 10  0]
 [ 0  0  0  0  0 10]]
1.0
n_feature=2, score=1.0
[0, 0, 1, 0, 0, 0, 0, 0, 0, 0, 0, 0, 1]
[[10  0  0  0  0  0]
 [ 0 10  0  0  0  0]
 [ 0  0 10  0  0  0]
 [ 0  0  0 10  0  0]
 [ 0  0  0  0 10  0]
 [ 0  0  0  0  0 10]]
1.0
n_feature=2, score=1.0
[0, 0, 0, 0, 0, 0, 0, 0, 0, 1, 0, 0, 1]
[[10  0  0  0  0  0]
 [ 0 10  0  0  0  0]
 [ 0  0 10  0  0  0]
 [ 0  0  0 10  0  0]
 [ 0  0  0  0 10  0]
 [ 0  0  0  0  0 10]]
1.0
n_feature=1, score=1.0
[0, 0, 0, 0, 0, 0, 0, 0, 0, 0, 0, 0, 1]
[[10  0  0  0  0  0]
 [ 0 10  0  0  0  0]
 [ 0  0 10  0  0  0]
 [ 0  0  0 10  0  0]
 [ 0  0  0  0 10  0]
 [ 0  0  0  0  0 10]]
1.0
n_feature=1, score=1.0
[0, 0, 0, 0, 0, 0, 0, 0, 0, 0, 0, 0, 1]
[[10  0  0  0  0  0]
 [ 0 10  0  0  0  0]
 [ 0  0 10  0  0  0]
 [ 0  0  0 10  0  0]
 [ 0  0  0  0 10  0]
 [ 0  0  0  0  0 10]]
1.0
n_feature=1, score=1.0
[0, 0, 0, 0, 0, 0, 0, 0, 0, 0, 0, 0, 1]
[[10  0  0  0  0  0]
 [ 0 10  0  0  0  0]
 [ 0  0 10  0  0  0]
 [ 0  0  0 10  0  0]
 [ 0  0  0  0 10  0]
 [ 0  0  0  0  0 10]]
1.0
n_feature=1, score=1.0
[0, 0, 0, 0, 0, 0, 0, 0, 0, 0, 0, 0, 1]
[[10  0  0  0  0  0]
 [ 0 10  0  0  0  0]
 [ 0  0 10  0  0  0]
 [ 0  0  0 10  0  0]
 [ 0  0  0  0 10  0]
 [ 0  0  0  0  0 10]]
1.0
n_feature=1, score=1.0
[0, 0, 0, 0, 0, 0, 0, 0, 0, 0, 0, 0, 1]
[[10  0  0  0  0  0]
 [ 0 10  0  0  0  0]
 [ 0  0 10  0  0  0]
 [ 0  0  0 10  0  0]
 [ 0  0  0  0 10  0]
 [ 0  0  0  0  0 10]]
1.0
n_feature=1, score=1.0
[0, 0, 0, 0, 0, 0, 0, 0, 0, 0, 0, 0, 1]
[[10  0  0  0  0  0]
 [ 0 10  0  0  0  0]
 [ 0  0 10  0  0  0]
 [ 0  0  0 10  0  0]
 [ 0  0  0  0 10  0]
 [ 0  0  0  0  0 10]]
1.0
n_feature=1, score=1.0
[0, 0, 0, 0, 0, 0, 0, 0, 0, 0, 0, 0, 1]
[[10  0  0  0  0  0]
 [ 0 10  0  0  0  0]
 [ 0  0 10  0  0  0]
 [ 0  0  0 10  0  0]
 [ 0  0  0  0 10  0]
 [ 0  0  0  0  0 10]]
1.0
n_feature=1, score=1.0
[0, 0, 0, 0, 0, 0, 0, 0, 0, 0, 0, 0, 1]
[[10  0  0  0  0  0]
 [ 0 10  0  0  0  0]
 [ 0  0 10  0  0  0]
 [ 0  0  0 10  0  0]
 [ 0  0  0  0 10  0]
 [ 0  0  0  0  0 10]]
1.0
n_feature=1, score=1.0
[0, 0, 0, 0, 0, 0, 0, 0, 0, 0, 0, 0, 1]
[[10  0  0  0  0  0]
 [ 0 10  0  0  0  0]
 [ 0  0 10  0  0  0]
 [ 0  0  0 10  0  0]
 [ 0  0  0  0 10  0]
 [ 0  0  0  0  0 10]]
1.0
n_feature=1, score=1.0
[0, 0, 0, 0, 0, 0, 0, 0, 0, 0, 0, 0, 1]
[[10  0  0  0  0  0]
 [ 0 10  0  0  0  0]
 [ 0  0 10  0  0  0]
 [ 0  0  0 10  0  0]
 [ 0  0  0  0 10  0]
 [ 0  0  0  0  0 10]]
1.0
n_feature=1, score=1.0
[0, 0, 0, 0, 0, 0, 0, 0, 0, 0, 0, 0, 1]
[[10  0  0  0  0  0]
 [ 0 10  0  0  0  0]
 [ 0  0 10  0  0  0]
 [ 0  0  0 10  0  0]
 [ 0  0  0  0 10  0]
 [ 0  0  0  0  0 10]]
1.0
n_feature=1, score=1.0
[0, 0, 0, 0, 0, 0, 0, 0, 0, 0, 0, 0, 1]
[[10  0  0  0  0  0]
 [ 0 10  0  0  0  0]
 [ 0  0 10  0  0  0]
 [ 0  0  0 10  0  0]
 [ 0  0  0  0 10  0]
 [ 0  0  0  0  0 10]]
1.0
n_feature=1, score=1.0
[0, 0, 0, 0, 0, 0, 0, 0, 0, 0, 0, 0, 1]
[[10  0  0  0  0  0]
 [ 0 10  0  0  0  0]
 [ 0  0 10  0  0  0]
 [ 0  0  0 10  0  0]
 [ 0  0  0  0 10  0]
 [ 0  0  0  0  0 10]]
1.0
n_feature=1, score=1.0
[0, 0, 0, 0, 0, 0, 0, 0, 0, 0, 0, 0, 1]
[[10  0  0  0  0  0]
 [ 0 10  0  0  0  0]
 [ 0  0 10  0  0  0]
 [ 0  0  0 10  0  0]
 [ 0  0  0  0 10  0]
 [ 0  0  0  0  0 10]]
1.0
n_feature=1, score=1.0
[0, 0, 0, 0, 0, 0, 0, 0, 0, 0, 0, 0, 1]
[[10  0  0  0  0  0]
 [ 0 10  0  0  0  0]
 [ 0  0 10  0  0  0]
 [ 0  0  0 10  0  0]
 [ 0  0  0  0 10  0]
 [ 0  0  0  0  0 10]]
1.0
n_feature=1, score=1.0
[0, 0, 0, 0, 0, 0, 0, 0, 0, 0, 0, 0, 1]
[[10  0  0  0  0  0]
 [ 0 10  0  0  0  0]
 [ 0  0 10  0  0  0]
 [ 0  0  0 10  0  0]
 [ 0  0  0  0 10  0]
 [ 0  0  0  0  0 10]]
1.0
n_feature=1, score=1.0
[0, 0, 0, 0, 0, 0, 0, 0, 0, 0, 0, 0, 1]
[[10  0  0  0  0  0]
 [ 0 10  0  0  0  0]
 [ 0  0 10  0  0  0]
 [ 0  0  0 10  0  0]
 [ 0  0  0  0 10  0]
 [ 0  0  0  0  0 10]]
1.0
n_feature=1, score=1.0
[0, 0, 0, 0, 0, 0, 0, 0, 0, 0, 0, 0, 1]
[[10  0  0  0  0  0]
 [ 0 10  0  0  0  0]
 [ 0  0 10  0  0  0]
 [ 0  0  0 10  0  0]
 [ 0  0  0  0 10  0]
 [ 0  0  0  0  0 10]]
1.0
n_feature=1, score=1.0
[0, 0, 0, 0, 0, 0, 0, 0, 0, 0, 0, 0, 1]
[[10  0  0  0  0  0]
 [ 0 10  0  0  0  0]
 [ 0  0 10  0  0  0]
 [ 0  0  0 10  0  0]
 [ 0  0  0  0 10  0]
 [ 0  0  0  0  0 10]]
1.0
n_feature=1, score=1.0
[0, 0, 0, 0, 0, 0, 0, 0, 0, 0, 0, 0, 1]
[[10  0  0  0  0  0]
 [ 0 10  0  0  0  0]
 [ 0  0 10  0  0  0]
 [ 0  0  0 10  0  0]
 [ 0  0  0  0 10  0]
 [ 0  0  0  0  0 10]]
1.0
n_feature=1, score=1.0
[0, 0, 0, 0, 0, 0, 0, 0, 0, 0, 0, 0, 1]
[[10  0  0  0  0  0]
 [ 0 10  0  0  0  0]
 [ 0  0 10  0  0  0]
 [ 0  0  0 10  0  0]
 [ 0  0  0  0 10  0]
 [ 0  0  0  0  0 10]]
1.0
n_feature=1, score=1.0
[0, 0, 0, 0, 0, 0, 0, 0, 0, 0, 0, 0, 1]
[[10  0  0  0  0  0]
 [ 0 10  0  0  0  0]
 [ 0  0 10  0  0  0]
 [ 0  0  0 10  0  0]
 [ 0  0  0  0 10  0]
 [ 0  0  0  0  0 10]]
1.0
******************************
[[0, 0, 0, 0, 0, 0, 0, 0, 0, 0, 0, 0, 1], [0, 0, 0, 0, 0, 0, 0, 0, 0, 0, 0, 0, 1], [0, 0, 0, 0, 0, 0, 0, 0, 0, 0, 0, 0, 1], [0, 0, 0, 0, 0, 0, 0, 0, 0, 0, 0, 0, 1], [0, 0, 0, 0, 0, 0, 0, 0, 0, 0, 0, 0, 1], [0, 0, 0, 0, 0, 0, 0, 0, 0, 0, 0, 0, 1], [0, 0, 0, 0, 0, 0, 0, 0, 0, 0, 0, 0, 1], [0, 0, 0, 0, 0, 0, 0, 0, 0, 0, 0, 0, 1], [0, 0, 0, 0, 0, 0, 0, 0, 0, 0, 0, 0, 1], [0, 0, 0, 0, 0, 0, 0, 0, 0, 0, 0, 0, 1], [0, 0, 0, 0, 0, 0, 0, 0, 0, 0, 0, 0, 1], [0, 0, 0, 0, 0, 0, 0, 0, 0, 0, 0, 0, 1], [0, 0, 0, 0, 0, 0, 0, 0, 0, 0, 0, 0, 1], [0, 0, 0, 0, 0, 0, 0, 0, 0, 0, 0, 0, 1], [0, 0, 0, 0, 0, 0, 0, 0, 0, 0, 0, 0, 1], [0, 0, 0, 0, 0, 0, 0, 0, 0, 0, 0, 0, 1], [0, 0, 0, 0, 0, 0, 0, 0, 0, 0, 0, 0, 1], [0, 0, 0, 0, 0, 0, 0, 0, 0, 0, 0, 0, 1], [0, 0, 0, 0, 0, 0, 0, 0, 0, 0, 0, 0, 1], [0, 0, 0, 0, 0, 0, 0, 0, 0, 0, 0, 0, 1]]
gen	nevals	avg              	std                    	min          	max      
0  	20    	[0.71745 6.2    ]	[0.21092783 1.74928557]	[0.35 3.  ]  	[1. 9.]  
1  	10    	[0.90085 7.25   ]	[0.13007854 1.13468057]	[0.617 5.   ]	[ 1. 10.]
2  	11    	[0.96915 6.85   ]	[0.11363418 0.79214898]	[0.483 5.   ]	[1. 9.]  
3  	15    	[0.9483 6.5   ]  	[0.1551   1.161895]    	[0.483 3.   ]	[1. 8.]  
4  	7     	[1.  5.3]        	[0.         1.55241747]	[1. 3.]      	[1. 7.]  
5  	14    	[1.  4.1]        	[0.         1.13578167]	[1. 3.]      	[1. 7.]  
6  	11    	[1.   3.45]      	[0.         0.92059763]	[1. 2.]      	[1. 6.]  
7  	10    	[1. 3.]          	[0.         0.70710678]	[1. 2.]      	[1. 5.]  
8  	12    	[1.  2.6]        	[0.         0.58309519]	[1. 2.]      	[1. 4.]  
9  	11    	[1.  2.2]        	[0.  0.4]              	[1. 2.]      	[1. 3.]  
10 	14    	[1.  2.1]        	[0.         0.53851648]	[1. 1.]      	[1. 4.]  
11 	13    	[1.   2.05]      	[0.         0.49749372]	[1. 1.]      	[1. 4.]  
12 	18    	[1.   1.95]      	[0.         0.38405729]	[1. 1.]      	[1. 3.]  
13 	6     	[1.  1.7]        	[0.         0.45825757]	[1. 1.]      	[1. 2.]  
14 	14    	[1.   1.35]      	[0.         0.72629195]	[1. 1.]      	[1. 4.]  
15 	15    	[1.  1.2]        	[0.         0.50990195]	[1. 1.]      	[1. 3.]  
16 	12    	[1.  1.1]        	[0.  0.3]              	[1. 1.]      	[1. 2.]  
17 	11    	[1. 1.]          	[0. 0.]                	[1. 1.]      	[1. 1.]  
18 	12    	[1.   1.15]      	[0.         0.35707142]	[1. 1.]      	[1. 2.]  
19 	8     	[1. 1.]          	[0. 0.]                	[1. 1.]      	[1. 1.]  
20 	14    	[1. 1.]          	[0. 0.]                	[1. 1.]      	[1. 1.]  
******************************
*****hall of fame*****
use_sensor_num: 1.0, score: 1.0
[0, 0, 0, 0, 0, 0, 0, 0, 0, 0, 0, 0, 1]
[12]
elapsed_time:144.4913923740387[sec]
