60,10
Starting Genetic Algorizm By Random Forest With 10 column
n_feature=8, score=0.767
[1, 1, 1, 1, 1, 0, 1, 0, 1, 1]
[[6 0 1 0 2 1]
 [0 8 0 0 2 0]
 [2 0 8 0 0 0]
 [2 0 0 7 0 1]
 [0 0 0 2 8 0]
 [0 0 1 0 0 9]]
0.767
n_feature=4, score=0.35
[0, 0, 0, 1, 1, 1, 0, 1, 0, 0]
[[ 0  0  9  1  0  0]
 [ 0  1  9  0  0  0]
 [ 0  0 10  0  0  0]
 [ 0  0  0 10  0  0]
 [ 0  0  4  6  0  0]
 [ 0  0  1  9  0  0]]
0.35
n_feature=6, score=0.733
[1, 0, 0, 0, 1, 1, 1, 0, 1, 1]
[[3 0 1 0 3 3]
 [0 8 0 0 2 0]
 [1 1 8 0 0 0]
 [2 0 0 7 0 1]
 [0 0 0 1 9 0]
 [0 0 1 0 0 9]]
0.733
n_feature=7, score=0.7
[1, 1, 0, 1, 1, 1, 0, 1, 0, 1]
[[ 5  1  0  0  3  1]
 [ 0  8  0  0  2  0]
 [ 1  0  5  0  0  4]
 [ 1  0  0  7  0  2]
 [ 0  0  0  3  7  0]
 [ 0  0  0  0  0 10]]
0.7
n_feature=6, score=0.7
[0, 0, 1, 0, 1, 0, 1, 1, 1, 1]
[[ 3  0  1  0  3  3]
 [ 0  8  0  0  2  0]
 [ 0  0 10  0  0  0]
 [ 2  0  0  7  0  1]
 [ 0  0  0  5  5  0]
 [ 0  0  1  0  0  9]]
0.7
n_feature=5, score=0.567
[1, 0, 0, 1, 0, 1, 1, 0, 1, 0]
[[ 0  0  0  0  2  8]
 [ 0  1  0  9  0  0]
 [ 1  0  8  1  0  0]
 [ 1  0  0  8  0  1]
 [ 0  0  0  0  7  3]
 [ 0  0  0  0  0 10]]
0.567
n_feature=4, score=0.45
[1, 0, 1, 0, 0, 0, 1, 1, 0, 0]
[[ 0  0  3  0  5  2]
 [ 0  4  0  0  6  0]
 [ 0  0  9  0  0  1]
 [ 1  3  1  0  5  0]
 [ 0  0  0  0 10  0]
 [ 0  0  5  0  1  4]]
0.45
n_feature=4, score=0.517
[1, 1, 1, 0, 0, 1, 0, 0, 0, 0]
[[ 0  0  0  4  1  5]
 [ 0  4  0  6  0  0]
 [ 0  0  5  0  0  5]
 [ 0  3  0  5  0  2]
 [ 0  0  0  3  7  0]
 [ 0  0  0  0  0 10]]
0.517
n_feature=3, score=0.333
[0, 1, 0, 0, 0, 1, 0, 1, 0, 0]
[[ 0  4  0  0  1  5]
 [ 0 10  0  0  0  0]
 [ 0  0  0  0  0 10]
 [ 0  8  0  0  0  2]
 [ 0 10  0  0  0  0]
 [ 0  0  0  0  0 10]]
0.333
n_feature=3, score=0.5
[0, 0, 0, 0, 0, 0, 1, 1, 1, 0]
[[ 1  0  3  0  2  4]
 [ 0 10  0  0  0  0]
 [ 0  1  9  0  0  0]
 [ 0  8  2  0  0  0]
 [ 0  2  0  0  5  3]
 [ 0  0  5  0  0  5]]
0.5
n_feature=6, score=0.7
[1, 1, 1, 1, 1, 0, 0, 0, 0, 1]
[[ 7  0  0  0  2  1]
 [ 2  6  0  0  2  0]
 [ 1  0  5  0  0  4]
 [ 1  0  0  7  0  2]
 [ 0  0  0  3  7  0]
 [ 0  0  0  0  0 10]]
0.7
n_feature=5, score=0.617
[1, 1, 0, 0, 0, 1, 0, 1, 0, 1]
[[ 0  3  0  5  1  1]
 [ 0  8  0  2  0  0]
 [ 0  0  5  1  0  4]
 [ 0  1  0  7  0  2]
 [ 0  0  0  3  7  0]
 [ 0  0  0  0  0 10]]
0.617
n_feature=5, score=0.45
[1, 0, 1, 0, 0, 0, 1, 1, 0, 1]
[[ 0  0  1  3  3  3]
 [ 0  4  0  0  2  4]
 [ 0  0  8  1  0  1]
 [ 0  0  1  0  7  2]
 [ 0  0  0  0 10  0]
 [ 0  0  5  0  0  5]]
0.45
n_feature=6, score=0.75
[0, 1, 1, 0, 1, 0, 1, 0, 1, 1]
[[ 6  0  1  0  2  1]
 [ 0  8  0  0  2  0]
 [ 0  0 10  0  0  0]
 [ 2  0  0  7  0  1]
 [ 0  0  0  5  5  0]
 [ 0  0  1  0  0  9]]
0.75
n_feature=5, score=0.717
[1, 0, 0, 1, 1, 0, 1, 0, 1, 0]
[[ 0  0  3  0  0  7]
 [ 0 10  0  0  0  0]
 [ 0  1  9  0  0  0]
 [ 0  0  0  9  0  1]
 [ 0  0  0  1  6  3]
 [ 0  0  1  0  0  9]]
0.717
n_feature=5, score=0.5
[1, 0, 0, 1, 0, 1, 0, 1, 0, 1]
[[ 0  0  0  5  1  4]
 [ 0  1  0  2  0  7]
 [ 0  0  5  1  0  4]
 [ 0  0  0  7  0  3]
 [ 0  0  0  3  7  0]
 [ 0  0  0  0  0 10]]
0.5
n_feature=5, score=0.533
[0, 0, 1, 1, 1, 1, 0, 0, 0, 1]
[[0 0 3 0 6 1]
 [0 3 5 0 2 0]
 [0 0 9 0 1 0]
 [0 0 0 7 0 3]
 [0 0 0 6 4 0]
 [0 0 1 0 0 9]]
0.533
n_feature=3, score=0.517
[0, 0, 0, 0, 1, 1, 0, 0, 1, 0]
[[ 1  0  1  0  1  7]
 [ 0 10  0  0  0  0]
 [ 1  7  0  0  0  2]
 [ 0  0  0  9  0  1]
 [ 2  1  0  2  1  4]
 [ 0  0  0  0  0 10]]
0.517
n_feature=4, score=0.65
[1, 0, 0, 0, 0, 1, 0, 0, 1, 1]
[[ 0  0  1  0  5  4]
 [ 0  8  0  2  0  0]
 [ 0  3  5  1  0  1]
 [ 0  2  0  7  0  1]
 [ 0  0  0  1  9  0]
 [ 0  0  0  0  0 10]]
0.65
n_feature=4, score=0.583
[1, 0, 1, 0, 0, 0, 0, 0, 1, 1]
[[ 0  0  0  0  6  4]
 [ 4  4  0  2  0  0]
 [ 3  0  5  1  0  1]
 [ 2  0  0  7  0  1]
 [ 0  0  0  1  9  0]
 [ 0  0  0  0  0 10]]
0.583
n_feature=5, score=0.7
[0, 1, 0, 0, 1, 1, 0, 1, 0, 1]
[[5 2 1 0 2 0]
 [0 8 0 0 2 0]
 [1 0 9 0 0 0]
 [1 0 0 7 0 2]
 [0 0 0 6 4 0]
 [0 0 1 0 0 9]]
0.7
n_feature=7, score=0.717
[1, 0, 1, 0, 1, 0, 1, 1, 1, 1]
[[3 0 1 0 3 3]
 [0 8 0 0 2 0]
 [1 1 8 0 0 0]
 [2 0 0 7 0 1]
 [0 0 0 2 8 0]
 [0 0 1 0 0 9]]
0.717
n_feature=5, score=0.75
[1, 1, 0, 0, 0, 1, 0, 0, 1, 1]
[[ 6  1  0  0  2  1]
 [ 0  8  0  2  0  0]
 [ 3  0  5  1  0  1]
 [ 1  1  0  7  0  1]
 [ 0  0  0  1  9  0]
 [ 0  0  0  0  0 10]]
0.75
n_feature=6, score=0.733
[0, 1, 1, 0, 1, 0, 1, 1, 0, 1]
[[ 6  0  1  0  2  1]
 [ 0  8  0  0  2  0]
 [ 0  0 10  0  0  0]
 [ 1  0  0  7  0  2]
 [ 0  0  0  6  4  0]
 [ 0  0  1  0  0  9]]
0.733
n_feature=7, score=0.767
[1, 1, 1, 0, 1, 0, 1, 0, 1, 1]
[[6 0 1 0 2 1]
 [0 8 0 0 2 0]
 [2 0 8 0 0 0]
 [2 0 0 7 0 1]
 [0 0 0 2 8 0]
 [0 0 1 0 0 9]]
0.767
n_feature=5, score=0.717
[1, 0, 0, 1, 1, 0, 1, 0, 1, 0]
[[ 0  0  3  0  0  7]
 [ 0 10  0  0  0  0]
 [ 0  1  9  0  0  0]
 [ 0  0  0  9  0  1]
 [ 0  0  0  1  6  3]
 [ 0  0  1  0  0  9]]
0.717
n_feature=4, score=0.583
[1, 0, 1, 0, 0, 0, 0, 0, 1, 1]
[[ 0  0  0  0  6  4]
 [ 4  4  0  2  0  0]
 [ 3  0  5  1  0  1]
 [ 2  0  0  7  0  1]
 [ 0  0  0  1  9  0]
 [ 0  0  0  0  0 10]]
0.583
n_feature=10, score=0.75
[1, 1, 1, 1, 1, 1, 1, 1, 1, 1]
[[5 0 1 0 2 2]
 [0 8 0 0 2 0]
 [2 0 8 0 0 0]
 [2 0 0 7 0 1]
 [0 0 0 2 8 0]
 [0 0 1 0 0 9]]
0.75
n_feature=5, score=0.733
[1, 0, 0, 0, 1, 0, 1, 0, 1, 1]
[[3 0 1 0 3 3]
 [0 8 0 0 2 0]
 [2 0 8 0 0 0]
 [2 0 0 7 0 1]
 [0 0 0 1 9 0]
 [0 0 1 0 0 9]]
0.733
n_feature=3, score=0.45
[1, 0, 0, 0, 0, 1, 0, 0, 1, 0]
[[ 2  0  1  0  0  7]
 [ 0 10  0  0  0  0]
 [ 1  4  5  0  0  0]
 [ 0  9  0  0  0  1]
 [ 1  1  7  0  0  1]
 [ 0  0  0  0  0 10]]
0.45
n_feature=5, score=0.733
[0, 1, 1, 0, 1, 0, 1, 0, 0, 1]
[[ 6  0  1  0  2  1]
 [ 0  8  0  0  2  0]
 [ 0  0 10  0  0  0]
 [ 1  0  0  7  0  2]
 [ 0  0  0  6  4  0]
 [ 0  0  1  0  0  9]]
0.733
n_feature=6, score=0.533
[0, 0, 1, 1, 1, 1, 0, 0, 1, 1]
[[ 0  0  0  0  6  4]
 [ 0  3  5  0  2  0]
 [ 0  0  7  0  1  2]
 [ 2  0  0  7  0  1]
 [ 0  0  0  5  5  0]
 [ 0  0  0  0  0 10]]
0.533
n_feature=5, score=0.717
[1, 0, 0, 0, 1, 1, 1, 0, 0, 1]
[[3 2 1 0 3 1]
 [0 8 0 0 2 0]
 [1 1 8 0 0 0]
 [0 0 0 7 0 3]
 [0 0 0 2 8 0]
 [0 0 1 0 0 9]]
0.717
n_feature=7, score=0.75
[0, 1, 1, 0, 1, 0, 1, 1, 1, 1]
[[ 6  0  1  0  2  1]
 [ 0  8  0  0  2  0]
 [ 0  0 10  0  0  0]
 [ 2  0  0  7  0  1]
 [ 0  0  0  5  5  0]
 [ 0  0  1  0  0  9]]
0.75
n_feature=6, score=0.733
[0, 1, 1, 0, 1, 0, 1, 1, 0, 1]
[[ 6  0  1  0  2  1]
 [ 0  8  0  0  2  0]
 [ 0  0 10  0  0  0]
 [ 1  0  0  7  0  2]
 [ 0  0  0  6  4  0]
 [ 0  0  1  0  0  9]]
0.733
n_feature=6, score=0.733
[0, 1, 1, 0, 1, 0, 1, 1, 0, 1]
[[ 6  0  1  0  2  1]
 [ 0  8  0  0  2  0]
 [ 0  0 10  0  0  0]
 [ 1  0  0  7  0  2]
 [ 0  0  0  6  4  0]
 [ 0  0  1  0  0  9]]
0.733
n_feature=5, score=0.7
[0, 1, 0, 0, 1, 1, 0, 1, 0, 1]
[[5 2 1 0 2 0]
 [0 8 0 0 2 0]
 [1 0 9 0 0 0]
 [1 0 0 7 0 2]
 [0 0 0 6 4 0]
 [0 0 1 0 0 9]]
0.7
n_feature=5, score=0.733
[1, 0, 0, 0, 1, 0, 1, 0, 1, 1]
[[3 0 1 0 3 3]
 [0 8 0 0 2 0]
 [2 0 8 0 0 0]
 [2 0 0 7 0 1]
 [0 0 0 1 9 0]
 [0 0 1 0 0 9]]
0.733
n_feature=6, score=0.75
[0, 1, 1, 0, 1, 0, 1, 0, 1, 1]
[[ 6  0  1  0  2  1]
 [ 0  8  0  0  2  0]
 [ 0  0 10  0  0  0]
 [ 2  0  0  7  0  1]
 [ 0  0  0  5  5  0]
 [ 0  0  1  0  0  9]]
0.75
n_feature=5, score=0.75
[1, 1, 0, 0, 0, 1, 0, 0, 1, 1]
[[ 6  1  0  0  2  1]
 [ 0  8  0  2  0  0]
 [ 3  0  5  1  0  1]
 [ 1  1  0  7  0  1]
 [ 0  0  0  1  9  0]
 [ 0  0  0  0  0 10]]
0.75
n_feature=6, score=0.733
[1, 0, 0, 0, 1, 1, 1, 0, 1, 1]
[[3 0 1 0 3 3]
 [0 8 0 0 2 0]
 [1 1 8 0 0 0]
 [2 0 0 7 0 1]
 [0 0 0 1 9 0]
 [0 0 1 0 0 9]]
0.733
n_feature=8, score=0.75
[0, 1, 1, 0, 1, 1, 1, 1, 1, 1]
[[ 6  0  1  0  2  1]
 [ 0  8  0  0  2  0]
 [ 0  0 10  0  0  0]
 [ 2  0  0  7  0  1]
 [ 0  0  0  5  5  0]
 [ 0  0  1  0  0  9]]
0.75
n_feature=8, score=0.767
[1, 1, 1, 1, 1, 0, 1, 0, 1, 1]
[[6 0 1 0 2 1]
 [0 8 0 0 2 0]
 [2 0 8 0 0 0]
 [2 0 0 7 0 1]
 [0 0 0 2 8 0]
 [0 0 1 0 0 9]]
0.767
n_feature=5, score=0.617
[1, 0, 0, 0, 1, 1, 0, 1, 0, 1]
[[0 3 0 0 6 1]
 [0 8 0 0 2 0]
 [0 4 5 0 1 0]
 [0 0 0 7 0 3]
 [0 0 0 2 8 0]
 [0 1 0 0 0 9]]
0.617
n_feature=6, score=0.75
[0, 1, 1, 0, 1, 0, 1, 0, 1, 1]
[[ 6  0  1  0  2  1]
 [ 0  8  0  0  2  0]
 [ 0  0 10  0  0  0]
 [ 2  0  0  7  0  1]
 [ 0  0  0  5  5  0]
 [ 0  0  1  0  0  9]]
0.75
n_feature=8, score=0.767
[1, 1, 1, 1, 1, 0, 1, 0, 1, 1]
[[6 0 1 0 2 1]
 [0 8 0 0 2 0]
 [2 0 8 0 0 0]
 [2 0 0 7 0 1]
 [0 0 0 2 8 0]
 [0 0 1 0 0 9]]
0.767
n_feature=8, score=0.767
[1, 1, 1, 1, 1, 0, 1, 0, 1, 1]
[[6 0 1 0 2 1]
 [0 8 0 0 2 0]
 [2 0 8 0 0 0]
 [2 0 0 7 0 1]
 [0 0 0 2 8 0]
 [0 0 1 0 0 9]]
0.767
n_feature=5, score=0.733
[0, 1, 1, 0, 1, 0, 0, 0, 1, 1]
[[ 7  0  0  0  2  1]
 [ 0  8  0  0  2  0]
 [ 1  0  7  0  0  2]
 [ 2  0  0  7  0  1]
 [ 0  0  0  5  5  0]
 [ 0  0  0  0  0 10]]
0.733
n_feature=6, score=0.767
[1, 1, 0, 0, 0, 1, 1, 0, 1, 1]
[[ 4  1  1  1  2  1]
 [ 0  8  0  2  0  0]
 [ 1  0  8  1  0  0]
 [ 1  1  0  7  0  1]
 [ 0  0  0  1  9  0]
 [ 0  0  0  0  0 10]]
0.767
n_feature=6, score=0.75
[1, 1, 0, 0, 1, 0, 1, 0, 1, 1]
[[5 1 1 0 2 1]
 [0 8 0 0 2 0]
 [2 0 8 0 0 0]
 [2 0 0 7 0 1]
 [0 0 0 2 8 0]
 [0 0 1 0 0 9]]
0.75
n_feature=5, score=0.767
[0, 1, 1, 0, 0, 1, 0, 0, 1, 1]
[[ 7  0  0  0  2  1]
 [ 0  8  0  2  0  0]
 [ 0  0  6  1  0  3]
 [ 0  1  1  7  0  1]
 [ 0  0  0  2  8  0]
 [ 0  0  0  0  0 10]]
0.767
n_feature=7, score=0.767
[1, 1, 1, 0, 1, 0, 1, 0, 1, 1]
[[6 0 1 0 2 1]
 [0 8 0 0 2 0]
 [2 0 8 0 0 0]
 [2 0 0 7 0 1]
 [0 0 0 2 8 0]
 [0 0 1 0 0 9]]
0.767
n_feature=8, score=0.767
[1, 1, 1, 1, 1, 0, 1, 0, 1, 1]
[[6 0 1 0 2 1]
 [0 8 0 0 2 0]
 [2 0 8 0 0 0]
 [2 0 0 7 0 1]
 [0 0 0 2 8 0]
 [0 0 1 0 0 9]]
0.767
n_feature=8, score=0.767
[1, 1, 1, 1, 1, 0, 1, 0, 1, 1]
[[6 0 1 0 2 1]
 [0 8 0 0 2 0]
 [2 0 8 0 0 0]
 [2 0 0 7 0 1]
 [0 0 0 2 8 0]
 [0 0 1 0 0 9]]
0.767
n_feature=7, score=0.767
[1, 1, 1, 0, 1, 0, 1, 0, 1, 1]
[[6 0 1 0 2 1]
 [0 8 0 0 2 0]
 [2 0 8 0 0 0]
 [2 0 0 7 0 1]
 [0 0 0 2 8 0]
 [0 0 1 0 0 9]]
0.767
n_feature=8, score=0.767
[1, 1, 1, 1, 1, 0, 1, 0, 1, 1]
[[6 0 1 0 2 1]
 [0 8 0 0 2 0]
 [2 0 8 0 0 0]
 [2 0 0 7 0 1]
 [0 0 0 2 8 0]
 [0 0 1 0 0 9]]
0.767
n_feature=7, score=0.767
[1, 1, 1, 0, 1, 0, 1, 0, 1, 1]
[[6 0 1 0 2 1]
 [0 8 0 0 2 0]
 [2 0 8 0 0 0]
 [2 0 0 7 0 1]
 [0 0 0 2 8 0]
 [0 0 1 0 0 9]]
0.767
n_feature=7, score=0.767
[1, 1, 1, 0, 1, 0, 1, 0, 1, 1]
[[6 0 1 0 2 1]
 [0 8 0 0 2 0]
 [2 0 8 0 0 0]
 [2 0 0 7 0 1]
 [0 0 0 2 8 0]
 [0 0 1 0 0 9]]
0.767
n_feature=5, score=0.75
[1, 1, 0, 0, 0, 1, 0, 0, 1, 1]
[[ 6  1  0  0  2  1]
 [ 0  8  0  2  0  0]
 [ 3  0  5  1  0  1]
 [ 1  1  0  7  0  1]
 [ 0  0  0  1  9  0]
 [ 0  0  0  0  0 10]]
0.75
n_feature=9, score=0.767
[1, 1, 1, 1, 1, 1, 1, 0, 1, 1]
[[6 0 1 0 2 1]
 [0 8 0 0 2 0]
 [2 0 8 0 0 0]
 [2 0 0 7 0 1]
 [0 0 0 2 8 0]
 [0 0 1 0 0 9]]
0.767
n_feature=5, score=0.783
[1, 1, 0, 0, 0, 0, 1, 0, 1, 1]
[[ 4  1  1  1  2  1]
 [ 0  8  0  2  0  0]
 [ 1  0  8  1  0  0]
 [ 1  1  0  7  0  1]
 [ 0  0  0  0 10  0]
 [ 0  0  0  0  0 10]]
0.783
n_feature=7, score=0.767
[1, 1, 1, 0, 1, 0, 1, 0, 1, 1]
[[6 0 1 0 2 1]
 [0 8 0 0 2 0]
 [2 0 8 0 0 0]
 [2 0 0 7 0 1]
 [0 0 0 2 8 0]
 [0 0 1 0 0 9]]
0.767
n_feature=7, score=0.767
[1, 1, 1, 0, 1, 0, 1, 0, 1, 1]
[[6 0 1 0 2 1]
 [0 8 0 0 2 0]
 [2 0 8 0 0 0]
 [2 0 0 7 0 1]
 [0 0 0 2 8 0]
 [0 0 1 0 0 9]]
0.767
n_feature=7, score=0.767
[1, 1, 1, 0, 1, 0, 1, 0, 1, 1]
[[6 0 1 0 2 1]
 [0 8 0 0 2 0]
 [2 0 8 0 0 0]
 [2 0 0 7 0 1]
 [0 0 0 2 8 0]
 [0 0 1 0 0 9]]
0.767
n_feature=8, score=0.767
[1, 1, 1, 1, 1, 0, 1, 0, 1, 1]
[[6 0 1 0 2 1]
 [0 8 0 0 2 0]
 [2 0 8 0 0 0]
 [2 0 0 7 0 1]
 [0 0 0 2 8 0]
 [0 0 1 0 0 9]]
0.767
n_feature=7, score=0.767
[1, 1, 1, 0, 1, 0, 1, 0, 1, 1]
[[6 0 1 0 2 1]
 [0 8 0 0 2 0]
 [2 0 8 0 0 0]
 [2 0 0 7 0 1]
 [0 0 0 2 8 0]
 [0 0 1 0 0 9]]
0.767
n_feature=7, score=0.767
[1, 1, 1, 0, 1, 0, 1, 0, 1, 1]
[[6 0 1 0 2 1]
 [0 8 0 0 2 0]
 [2 0 8 0 0 0]
 [2 0 0 7 0 1]
 [0 0 0 2 8 0]
 [0 0 1 0 0 9]]
0.767
n_feature=5, score=0.783
[1, 1, 0, 0, 0, 0, 1, 0, 1, 1]
[[ 4  1  1  1  2  1]
 [ 0  8  0  2  0  0]
 [ 1  0  8  1  0  0]
 [ 1  1  0  7  0  1]
 [ 0  0  0  0 10  0]
 [ 0  0  0  0  0 10]]
0.783
n_feature=6, score=0.767
[1, 1, 0, 0, 0, 1, 1, 0, 1, 1]
[[ 4  1  1  1  2  1]
 [ 0  8  0  2  0  0]
 [ 1  0  8  1  0  0]
 [ 1  1  0  7  0  1]
 [ 0  0  0  1  9  0]
 [ 0  0  0  0  0 10]]
0.767
n_feature=7, score=0.767
[1, 1, 1, 0, 1, 0, 1, 0, 1, 1]
[[6 0 1 0 2 1]
 [0 8 0 0 2 0]
 [2 0 8 0 0 0]
 [2 0 0 7 0 1]
 [0 0 0 2 8 0]
 [0 0 1 0 0 9]]
0.767
n_feature=7, score=0.767
[1, 1, 1, 0, 1, 0, 1, 0, 1, 1]
[[6 0 1 0 2 1]
 [0 8 0 0 2 0]
 [2 0 8 0 0 0]
 [2 0 0 7 0 1]
 [0 0 0 2 8 0]
 [0 0 1 0 0 9]]
0.767
n_feature=8, score=0.783
[1, 1, 1, 0, 0, 1, 1, 1, 1, 1]
[[ 5  0  1  1  2  1]
 [ 0  8  0  1  1  0]
 [ 1  0  8  1  0  0]
 [ 1  1  0  7  0  1]
 [ 0  0  0  0 10  0]
 [ 0  0  1  0  0  9]]
0.783
n_feature=6, score=0.75
[1, 1, 0, 0, 1, 0, 1, 0, 1, 1]
[[5 1 1 0 2 1]
 [0 8 0 0 2 0]
 [2 0 8 0 0 0]
 [2 0 0 7 0 1]
 [0 0 0 2 8 0]
 [0 0 1 0 0 9]]
0.75
n_feature=7, score=0.767
[1, 1, 1, 0, 1, 0, 1, 0, 1, 1]
[[6 0 1 0 2 1]
 [0 8 0 0 2 0]
 [2 0 8 0 0 0]
 [2 0 0 7 0 1]
 [0 0 0 2 8 0]
 [0 0 1 0 0 9]]
0.767
n_feature=7, score=0.767
[1, 1, 1, 0, 1, 0, 1, 0, 1, 1]
[[6 0 1 0 2 1]
 [0 8 0 0 2 0]
 [2 0 8 0 0 0]
 [2 0 0 7 0 1]
 [0 0 0 2 8 0]
 [0 0 1 0 0 9]]
0.767
n_feature=6, score=0.767
[1, 1, 0, 0, 0, 1, 1, 0, 1, 1]
[[ 4  1  1  1  2  1]
 [ 0  8  0  2  0  0]
 [ 1  0  8  1  0  0]
 [ 1  1  0  7  0  1]
 [ 0  0  0  1  9  0]
 [ 0  0  0  0  0 10]]
0.767
n_feature=7, score=0.767
[1, 1, 1, 0, 1, 0, 1, 0, 1, 1]
[[6 0 1 0 2 1]
 [0 8 0 0 2 0]
 [2 0 8 0 0 0]
 [2 0 0 7 0 1]
 [0 0 0 2 8 0]
 [0 0 1 0 0 9]]
0.767
n_feature=7, score=0.533
[1, 1, 1, 0, 0, 1, 1, 1, 0, 1]
[[ 1  1  1  4  2  1]
 [ 0  8  0  0  2  0]
 [ 0  0  8  1  0  1]
 [ 1  0  1  0  7  1]
 [ 0  0  0  0 10  0]
 [ 0  0  5  0  0  5]]
0.533
n_feature=6, score=0.767
[1, 1, 0, 0, 0, 1, 1, 0, 1, 1]
[[ 4  1  1  1  2  1]
 [ 0  8  0  2  0  0]
 [ 1  0  8  1  0  0]
 [ 1  1  0  7  0  1]
 [ 0  0  0  1  9  0]
 [ 0  0  0  0  0 10]]
0.767
n_feature=7, score=0.783
[1, 1, 0, 0, 0, 1, 1, 1, 1, 1]
[[ 4  1  1  1  2  1]
 [ 0  8  0  2  0  0]
 [ 1  0  8  1  0  0]
 [ 1  1  0  7  0  1]
 [ 0  0  0  0 10  0]
 [ 0  0  0  0  0 10]]
0.783
n_feature=7, score=0.8
[1, 1, 1, 0, 0, 1, 1, 0, 1, 1]
[[ 5  0  1  1  2  1]
 [ 0  8  0  2  0  0]
 [ 1  0  8  1  0  0]
 [ 1  1  0  7  0  1]
 [ 0  0  0  0 10  0]
 [ 0  0  0  0  0 10]]
0.8
n_feature=6, score=0.75
[1, 1, 0, 0, 1, 0, 1, 0, 1, 1]
[[5 1 1 0 2 1]
 [0 8 0 0 2 0]
 [2 0 8 0 0 0]
 [2 0 0 7 0 1]
 [0 0 0 2 8 0]
 [0 0 1 0 0 9]]
0.75
n_feature=7, score=0.8
[1, 1, 1, 0, 0, 1, 1, 0, 1, 1]
[[ 5  0  1  1  2  1]
 [ 0  8  0  2  0  0]
 [ 1  0  8  1  0  0]
 [ 1  1  0  7  0  1]
 [ 0  0  0  0 10  0]
 [ 0  0  0  0  0 10]]
0.8
n_feature=6, score=0.767
[1, 1, 0, 0, 0, 1, 1, 0, 1, 1]
[[ 4  1  1  1  2  1]
 [ 0  8  0  2  0  0]
 [ 1  0  8  1  0  0]
 [ 1  1  0  7  0  1]
 [ 0  0  0  1  9  0]
 [ 0  0  0  0  0 10]]
0.767
n_feature=8, score=0.783
[1, 1, 1, 0, 0, 1, 1, 1, 1, 1]
[[ 5  0  1  1  2  1]
 [ 0  8  0  1  1  0]
 [ 1  0  8  1  0  0]
 [ 1  1  0  7  0  1]
 [ 0  0  0  0 10  0]
 [ 0  0  1  0  0  9]]
0.783
n_feature=6, score=0.767
[1, 1, 0, 0, 0, 1, 1, 0, 1, 1]
[[ 4  1  1  1  2  1]
 [ 0  8  0  2  0  0]
 [ 1  0  8  1  0  0]
 [ 1  1  0  7  0  1]
 [ 0  0  0  1  9  0]
 [ 0  0  0  0  0 10]]
0.767
n_feature=6, score=0.767
[1, 1, 0, 0, 0, 1, 1, 0, 1, 1]
[[ 4  1  1  1  2  1]
 [ 0  8  0  2  0  0]
 [ 1  0  8  1  0  0]
 [ 1  1  0  7  0  1]
 [ 0  0  0  1  9  0]
 [ 0  0  0  0  0 10]]
0.767
n_feature=8, score=0.783
[1, 1, 1, 0, 0, 1, 1, 1, 1, 1]
[[ 5  0  1  1  2  1]
 [ 0  8  0  1  1  0]
 [ 1  0  8  1  0  0]
 [ 1  1  0  7  0  1]
 [ 0  0  0  0 10  0]
 [ 0  0  1  0  0  9]]
0.783
n_feature=8, score=0.783
[1, 1, 1, 0, 0, 1, 1, 1, 1, 1]
[[ 5  0  1  1  2  1]
 [ 0  8  0  1  1  0]
 [ 1  0  8  1  0  0]
 [ 1  1  0  7  0  1]
 [ 0  0  0  0 10  0]
 [ 0  0  1  0  0  9]]
0.783
n_feature=7, score=0.8
[1, 1, 1, 0, 0, 1, 1, 0, 1, 1]
[[ 5  0  1  1  2  1]
 [ 0  8  0  2  0  0]
 [ 1  0  8  1  0  0]
 [ 1  1  0  7  0  1]
 [ 0  0  0  0 10  0]
 [ 0  0  0  0  0 10]]
0.8
n_feature=5, score=0.783
[1, 1, 0, 0, 0, 0, 1, 0, 1, 1]
[[ 4  1  1  1  2  1]
 [ 0  8  0  2  0  0]
 [ 1  0  8  1  0  0]
 [ 1  1  0  7  0  1]
 [ 0  0  0  0 10  0]
 [ 0  0  0  0  0 10]]
0.783
n_feature=5, score=0.783
[1, 1, 0, 0, 0, 0, 1, 0, 1, 1]
[[ 4  1  1  1  2  1]
 [ 0  8  0  2  0  0]
 [ 1  0  8  1  0  0]
 [ 1  1  0  7  0  1]
 [ 0  0  0  0 10  0]
 [ 0  0  0  0  0 10]]
0.783
n_feature=6, score=0.767
[1, 1, 0, 0, 0, 1, 1, 0, 1, 1]
[[ 4  1  1  1  2  1]
 [ 0  8  0  2  0  0]
 [ 1  0  8  1  0  0]
 [ 1  1  0  7  0  1]
 [ 0  0  0  1  9  0]
 [ 0  0  0  0  0 10]]
0.767
n_feature=7, score=0.8
[1, 1, 1, 0, 0, 1, 1, 0, 1, 1]
[[ 5  0  1  1  2  1]
 [ 0  8  0  2  0  0]
 [ 1  0  8  1  0  0]
 [ 1  1  0  7  0  1]
 [ 0  0  0  0 10  0]
 [ 0  0  0  0  0 10]]
0.8
n_feature=5, score=0.783
[1, 1, 0, 0, 0, 0, 1, 0, 1, 1]
[[ 4  1  1  1  2  1]
 [ 0  8  0  2  0  0]
 [ 1  0  8  1  0  0]
 [ 1  1  0  7  0  1]
 [ 0  0  0  0 10  0]
 [ 0  0  0  0  0 10]]
0.783
n_feature=5, score=0.783
[1, 1, 0, 0, 0, 0, 1, 0, 1, 1]
[[ 4  1  1  1  2  1]
 [ 0  8  0  2  0  0]
 [ 1  0  8  1  0  0]
 [ 1  1  0  7  0  1]
 [ 0  0  0  0 10  0]
 [ 0  0  0  0  0 10]]
0.783
n_feature=5, score=0.783
[1, 1, 0, 0, 0, 0, 1, 0, 1, 1]
[[ 4  1  1  1  2  1]
 [ 0  8  0  2  0  0]
 [ 1  0  8  1  0  0]
 [ 1  1  0  7  0  1]
 [ 0  0  0  0 10  0]
 [ 0  0  0  0  0 10]]
0.783
n_feature=9, score=0.767
[1, 1, 1, 0, 1, 1, 1, 1, 1, 1]
[[6 0 1 0 2 1]
 [0 8 0 0 2 0]
 [2 0 8 0 0 0]
 [2 0 0 7 0 1]
 [0 0 0 2 8 0]
 [0 0 1 0 0 9]]
0.767
n_feature=7, score=0.8
[1, 1, 1, 0, 0, 1, 1, 0, 1, 1]
[[ 5  0  1  1  2  1]
 [ 0  8  0  2  0  0]
 [ 1  0  8  1  0  0]
 [ 1  1  0  7  0  1]
 [ 0  0  0  0 10  0]
 [ 0  0  0  0  0 10]]
0.8
n_feature=6, score=0.767
[1, 1, 0, 0, 0, 1, 1, 0, 1, 1]
[[ 4  1  1  1  2  1]
 [ 0  8  0  2  0  0]
 [ 1  0  8  1  0  0]
 [ 1  1  0  7  0  1]
 [ 0  0  0  1  9  0]
 [ 0  0  0  0  0 10]]
0.767
n_feature=7, score=0.783
[1, 1, 0, 0, 0, 1, 1, 1, 1, 1]
[[ 4  1  1  1  2  1]
 [ 0  8  0  2  0  0]
 [ 1  0  8  1  0  0]
 [ 1  1  0  7  0  1]
 [ 0  0  0  0 10  0]
 [ 0  0  0  0  0 10]]
0.783
n_feature=5, score=0.783
[1, 1, 0, 0, 0, 0, 1, 0, 1, 1]
[[ 4  1  1  1  2  1]
 [ 0  8  0  2  0  0]
 [ 1  0  8  1  0  0]
 [ 1  1  0  7  0  1]
 [ 0  0  0  0 10  0]
 [ 0  0  0  0  0 10]]
0.783
n_feature=5, score=0.783
[1, 1, 0, 0, 0, 0, 1, 0, 1, 1]
[[ 4  1  1  1  2  1]
 [ 0  8  0  2  0  0]
 [ 1  0  8  1  0  0]
 [ 1  1  0  7  0  1]
 [ 0  0  0  0 10  0]
 [ 0  0  0  0  0 10]]
0.783
n_feature=8, score=0.783
[1, 1, 1, 0, 0, 1, 1, 1, 1, 1]
[[ 5  0  1  1  2  1]
 [ 0  8  0  1  1  0]
 [ 1  0  8  1  0  0]
 [ 1  1  0  7  0  1]
 [ 0  0  0  0 10  0]
 [ 0  0  1  0  0  9]]
0.783
n_feature=6, score=0.767
[1, 1, 0, 0, 0, 1, 1, 0, 1, 1]
[[ 4  1  1  1  2  1]
 [ 0  8  0  2  0  0]
 [ 1  0  8  1  0  0]
 [ 1  1  0  7  0  1]
 [ 0  0  0  1  9  0]
 [ 0  0  0  0  0 10]]
0.767
n_feature=6, score=0.767
[1, 1, 0, 0, 0, 1, 1, 0, 1, 1]
[[ 4  1  1  1  2  1]
 [ 0  8  0  2  0  0]
 [ 1  0  8  1  0  0]
 [ 1  1  0  7  0  1]
 [ 0  0  0  1  9  0]
 [ 0  0  0  0  0 10]]
0.767
n_feature=6, score=0.767
[1, 1, 1, 0, 0, 1, 0, 0, 1, 1]
[[ 7  0  0  0  2  1]
 [ 0  8  0  2  0  0]
 [ 3  0  5  1  0  1]
 [ 1  1  0  7  0  1]
 [ 0  0  0  1  9  0]
 [ 0  0  0  0  0 10]]
0.767
n_feature=6, score=0.767
[1, 1, 0, 0, 0, 1, 1, 0, 1, 1]
[[ 4  1  1  1  2  1]
 [ 0  8  0  2  0  0]
 [ 1  0  8  1  0  0]
 [ 1  1  0  7  0  1]
 [ 0  0  0  1  9  0]
 [ 0  0  0  0  0 10]]
0.767
n_feature=6, score=0.767
[1, 1, 0, 0, 0, 1, 1, 0, 1, 1]
[[ 4  1  1  1  2  1]
 [ 0  8  0  2  0  0]
 [ 1  0  8  1  0  0]
 [ 1  1  0  7  0  1]
 [ 0  0  0  1  9  0]
 [ 0  0  0  0  0 10]]
0.767
n_feature=5, score=0.783
[1, 1, 0, 0, 0, 0, 1, 0, 1, 1]
[[ 4  1  1  1  2  1]
 [ 0  8  0  2  0  0]
 [ 1  0  8  1  0  0]
 [ 1  1  0  7  0  1]
 [ 0  0  0  0 10  0]
 [ 0  0  0  0  0 10]]
0.783
n_feature=5, score=0.783
[1, 1, 0, 0, 0, 0, 1, 0, 1, 1]
[[ 4  1  1  1  2  1]
 [ 0  8  0  2  0  0]
 [ 1  0  8  1  0  0]
 [ 1  1  0  7  0  1]
 [ 0  0  0  0 10  0]
 [ 0  0  0  0  0 10]]
0.783
n_feature=7, score=0.8
[1, 1, 1, 0, 0, 1, 1, 0, 1, 1]
[[ 5  0  1  1  2  1]
 [ 0  8  0  2  0  0]
 [ 1  0  8  1  0  0]
 [ 1  1  0  7  0  1]
 [ 0  0  0  0 10  0]
 [ 0  0  0  0  0 10]]
0.8
n_feature=7, score=0.8
[1, 1, 1, 0, 0, 1, 1, 0, 1, 1]
[[ 5  0  1  1  2  1]
 [ 0  8  0  2  0  0]
 [ 1  0  8  1  0  0]
 [ 1  1  0  7  0  1]
 [ 0  0  0  0 10  0]
 [ 0  0  0  0  0 10]]
0.8
n_feature=7, score=0.8
[1, 1, 1, 0, 0, 1, 1, 0, 1, 1]
[[ 5  0  1  1  2  1]
 [ 0  8  0  2  0  0]
 [ 1  0  8  1  0  0]
 [ 1  1  0  7  0  1]
 [ 0  0  0  0 10  0]
 [ 0  0  0  0  0 10]]
0.8
n_feature=5, score=0.783
[1, 1, 0, 0, 0, 0, 1, 0, 1, 1]
[[ 4  1  1  1  2  1]
 [ 0  8  0  2  0  0]
 [ 1  0  8  1  0  0]
 [ 1  1  0  7  0  1]
 [ 0  0  0  0 10  0]
 [ 0  0  0  0  0 10]]
0.783
n_feature=5, score=0.783
[1, 1, 0, 0, 0, 0, 1, 0, 1, 1]
[[ 4  1  1  1  2  1]
 [ 0  8  0  2  0  0]
 [ 1  0  8  1  0  0]
 [ 1  1  0  7  0  1]
 [ 0  0  0  0 10  0]
 [ 0  0  0  0  0 10]]
0.783
n_feature=5, score=0.783
[1, 1, 0, 0, 0, 0, 1, 0, 1, 1]
[[ 4  1  1  1  2  1]
 [ 0  8  0  2  0  0]
 [ 1  0  8  1  0  0]
 [ 1  1  0  7  0  1]
 [ 0  0  0  0 10  0]
 [ 0  0  0  0  0 10]]
0.783
n_feature=6, score=0.75
[1, 1, 0, 0, 1, 0, 1, 0, 1, 1]
[[5 1 1 0 2 1]
 [0 8 0 0 2 0]
 [2 0 8 0 0 0]
 [2 0 0 7 0 1]
 [0 0 0 2 8 0]
 [0 0 1 0 0 9]]
0.75
n_feature=5, score=0.783
[1, 1, 0, 0, 0, 0, 1, 0, 1, 1]
[[ 4  1  1  1  2  1]
 [ 0  8  0  2  0  0]
 [ 1  0  8  1  0  0]
 [ 1  1  0  7  0  1]
 [ 0  0  0  0 10  0]
 [ 0  0  0  0  0 10]]
0.783
n_feature=5, score=0.783
[1, 1, 0, 0, 0, 0, 1, 0, 1, 1]
[[ 4  1  1  1  2  1]
 [ 0  8  0  2  0  0]
 [ 1  0  8  1  0  0]
 [ 1  1  0  7  0  1]
 [ 0  0  0  0 10  0]
 [ 0  0  0  0  0 10]]
0.783
n_feature=6, score=0.7
[1, 0, 1, 0, 0, 1, 1, 0, 1, 1]
[[ 0  0  0  3  3  4]
 [ 0  8  0  2  0  0]
 [ 1  0  8  1  0  0]
 [ 1  1  0  7  0  1]
 [ 0  0  0  1  9  0]
 [ 0  0  0  0  0 10]]
0.7
n_feature=4, score=0.717
[0, 1, 0, 0, 0, 0, 1, 0, 1, 1]
[[ 4  1  1  1  2  1]
 [ 0  8  0  0  2  0]
 [ 0  0  9  1  0  0]
 [ 0  1  2  7  0  0]
 [ 0  0  0  0 10  0]
 [ 0  0  5  0  0  5]]
0.717
n_feature=7, score=0.8
[1, 1, 1, 0, 0, 1, 1, 0, 1, 1]
[[ 5  0  1  1  2  1]
 [ 0  8  0  2  0  0]
 [ 1  0  8  1  0  0]
 [ 1  1  0  7  0  1]
 [ 0  0  0  0 10  0]
 [ 0  0  0  0  0 10]]
0.8
n_feature=7, score=0.8
[1, 1, 1, 0, 0, 1, 1, 0, 1, 1]
[[ 5  0  1  1  2  1]
 [ 0  8  0  2  0  0]
 [ 1  0  8  1  0  0]
 [ 1  1  0  7  0  1]
 [ 0  0  0  0 10  0]
 [ 0  0  0  0  0 10]]
0.8
n_feature=7, score=0.8
[1, 1, 1, 0, 0, 1, 1, 0, 1, 1]
[[ 5  0  1  1  2  1]
 [ 0  8  0  2  0  0]
 [ 1  0  8  1  0  0]
 [ 1  1  0  7  0  1]
 [ 0  0  0  0 10  0]
 [ 0  0  0  0  0 10]]
0.8
n_feature=8, score=0.65
[1, 1, 1, 1, 0, 0, 1, 1, 1, 1]
[[ 5  0  1  1  2  1]
 [ 0  8  0  0  2  0]
 [ 1  0  8  1  0  0]
 [ 0  1  2  3  4  0]
 [ 0  0  0  0 10  0]
 [ 0  0  5  0  0  5]]
0.65
n_feature=6, score=0.767
[1, 1, 0, 0, 0, 1, 1, 0, 1, 1]
[[ 4  1  1  1  2  1]
 [ 0  8  0  2  0  0]
 [ 1  0  8  1  0  0]
 [ 1  1  0  7  0  1]
 [ 0  0  0  1  9  0]
 [ 0  0  0  0  0 10]]
0.767
n_feature=6, score=0.783
[1, 1, 1, 0, 0, 0, 1, 0, 1, 1]
[[ 5  0  1  1  2  1]
 [ 0  8  0  0  2  0]
 [ 1  0  8  1  0  0]
 [ 1  1  0  7  0  1]
 [ 0  0  0  0 10  0]
 [ 0  0  1  0  0  9]]
0.783
n_feature=6, score=0.783
[1, 1, 1, 0, 0, 0, 1, 0, 1, 1]
[[ 5  0  1  1  2  1]
 [ 0  8  0  0  2  0]
 [ 1  0  8  1  0  0]
 [ 1  1  0  7  0  1]
 [ 0  0  0  0 10  0]
 [ 0  0  1  0  0  9]]
0.783
n_feature=6, score=0.767
[1, 1, 0, 0, 0, 1, 1, 0, 1, 1]
[[ 4  1  1  1  2  1]
 [ 0  8  0  2  0  0]
 [ 1  0  8  1  0  0]
 [ 1  1  0  7  0  1]
 [ 0  0  0  1  9  0]
 [ 0  0  0  0  0 10]]
0.767
n_feature=7, score=0.8
[1, 1, 1, 0, 0, 1, 1, 0, 1, 1]
[[ 5  0  1  1  2  1]
 [ 0  8  0  2  0  0]
 [ 1  0  8  1  0  0]
 [ 1  1  0  7  0  1]
 [ 0  0  0  0 10  0]
 [ 0  0  0  0  0 10]]
0.8
n_feature=5, score=0.783
[1, 1, 0, 0, 0, 0, 1, 0, 1, 1]
[[ 4  1  1  1  2  1]
 [ 0  8  0  2  0  0]
 [ 1  0  8  1  0  0]
 [ 1  1  0  7  0  1]
 [ 0  0  0  0 10  0]
 [ 0  0  0  0  0 10]]
0.783
n_feature=7, score=0.8
[1, 1, 1, 0, 0, 1, 1, 0, 1, 1]
[[ 5  0  1  1  2  1]
 [ 0  8  0  2  0  0]
 [ 1  0  8  1  0  0]
 [ 1  1  0  7  0  1]
 [ 0  0  0  0 10  0]
 [ 0  0  0  0  0 10]]
0.8
n_feature=5, score=0.783
[1, 1, 0, 0, 0, 0, 1, 0, 1, 1]
[[ 4  1  1  1  2  1]
 [ 0  8  0  2  0  0]
 [ 1  0  8  1  0  0]
 [ 1  1  0  7  0  1]
 [ 0  0  0  0 10  0]
 [ 0  0  0  0  0 10]]
0.783
n_feature=8, score=0.783
[1, 1, 1, 1, 0, 1, 1, 0, 1, 1]
[[ 5  0  1  1  2  1]
 [ 0  8  0  2  0  0]
 [ 1  0  8  1  0  0]
 [ 1  1  0  7  0  1]
 [ 0  0  0  0 10  0]
 [ 0  0  1  0  0  9]]
0.783
n_feature=7, score=0.8
[1, 1, 1, 0, 0, 1, 1, 0, 1, 1]
[[ 5  0  1  1  2  1]
 [ 0  8  0  2  0  0]
 [ 1  0  8  1  0  0]
 [ 1  1  0  7  0  1]
 [ 0  0  0  0 10  0]
 [ 0  0  0  0  0 10]]
0.8
n_feature=7, score=0.633
[1, 1, 1, 0, 0, 1, 1, 1, 1, 0]
[[ 0  0  2  0  4  4]
 [ 0  4  0  5  1  0]
 [ 1  0  9  0  0  0]
 [ 1  3  0  5  0  1]
 [ 0  0  0  0 10  0]
 [ 0  0  0  0  0 10]]
0.633
n_feature=7, score=0.8
[1, 1, 1, 0, 0, 1, 1, 0, 1, 1]
[[ 5  0  1  1  2  1]
 [ 0  8  0  2  0  0]
 [ 1  0  8  1  0  0]
 [ 1  1  0  7  0  1]
 [ 0  0  0  0 10  0]
 [ 0  0  0  0  0 10]]
0.8
n_feature=7, score=0.8
[1, 1, 1, 0, 0, 1, 1, 0, 1, 1]
[[ 5  0  1  1  2  1]
 [ 0  8  0  2  0  0]
 [ 1  0  8  1  0  0]
 [ 1  1  0  7  0  1]
 [ 0  0  0  0 10  0]
 [ 0  0  0  0  0 10]]
0.8
n_feature=7, score=0.8
[1, 1, 1, 0, 0, 1, 1, 0, 1, 1]
[[ 5  0  1  1  2  1]
 [ 0  8  0  2  0  0]
 [ 1  0  8  1  0  0]
 [ 1  1  0  7  0  1]
 [ 0  0  0  0 10  0]
 [ 0  0  0  0  0 10]]
0.8
n_feature=7, score=0.8
[1, 1, 1, 0, 0, 1, 1, 0, 1, 1]
[[ 5  0  1  1  2  1]
 [ 0  8  0  2  0  0]
 [ 1  0  8  1  0  0]
 [ 1  1  0  7  0  1]
 [ 0  0  0  0 10  0]
 [ 0  0  0  0  0 10]]
0.8
n_feature=7, score=0.8
[1, 1, 1, 0, 0, 1, 1, 0, 1, 1]
[[ 5  0  1  1  2  1]
 [ 0  8  0  2  0  0]
 [ 1  0  8  1  0  0]
 [ 1  1  0  7  0  1]
 [ 0  0  0  0 10  0]
 [ 0  0  0  0  0 10]]
0.8
n_feature=6, score=0.767
[1, 1, 1, 0, 0, 1, 0, 0, 1, 1]
[[ 7  0  0  0  2  1]
 [ 0  8  0  2  0  0]
 [ 3  0  5  1  0  1]
 [ 1  1  0  7  0  1]
 [ 0  0  0  1  9  0]
 [ 0  0  0  0  0 10]]
0.767
n_feature=8, score=0.783
[1, 1, 1, 0, 0, 1, 1, 1, 1, 1]
[[ 5  0  1  1  2  1]
 [ 0  8  0  1  1  0]
 [ 1  0  8  1  0  0]
 [ 1  1  0  7  0  1]
 [ 0  0  0  0 10  0]
 [ 0  0  1  0  0  9]]
0.783
n_feature=7, score=0.8
[1, 1, 1, 0, 0, 1, 1, 0, 1, 1]
[[ 5  0  1  1  2  1]
 [ 0  8  0  2  0  0]
 [ 1  0  8  1  0  0]
 [ 1  1  0  7  0  1]
 [ 0  0  0  0 10  0]
 [ 0  0  0  0  0 10]]
0.8
n_feature=7, score=0.8
[1, 1, 1, 0, 0, 1, 1, 0, 1, 1]
[[ 5  0  1  1  2  1]
 [ 0  8  0  2  0  0]
 [ 1  0  8  1  0  0]
 [ 1  1  0  7  0  1]
 [ 0  0  0  0 10  0]
 [ 0  0  0  0  0 10]]
0.8
n_feature=7, score=0.8
[1, 1, 1, 0, 0, 1, 1, 0, 1, 1]
[[ 5  0  1  1  2  1]
 [ 0  8  0  2  0  0]
 [ 1  0  8  1  0  0]
 [ 1  1  0  7  0  1]
 [ 0  0  0  0 10  0]
 [ 0  0  0  0  0 10]]
0.8
n_feature=9, score=0.767
[1, 1, 1, 1, 0, 1, 1, 1, 1, 1]
[[ 4  0  1  1  3  1]
 [ 0  8  0  0  2  0]
 [ 1  0  8  1  0  0]
 [ 0  1  1  7  0  1]
 [ 0  0  0  0 10  0]
 [ 0  0  1  0  0  9]]
0.767
n_feature=7, score=0.8
[1, 1, 1, 0, 0, 1, 1, 0, 1, 1]
[[ 5  0  1  1  2  1]
 [ 0  8  0  2  0  0]
 [ 1  0  8  1  0  0]
 [ 1  1  0  7  0  1]
 [ 0  0  0  0 10  0]
 [ 0  0  0  0  0 10]]
0.8
n_feature=7, score=0.8
[1, 1, 1, 0, 0, 1, 1, 0, 1, 1]
[[ 5  0  1  1  2  1]
 [ 0  8  0  2  0  0]
 [ 1  0  8  1  0  0]
 [ 1  1  0  7  0  1]
 [ 0  0  0  0 10  0]
 [ 0  0  0  0  0 10]]
0.8
n_feature=7, score=0.8
[1, 1, 1, 0, 0, 1, 1, 0, 1, 1]
[[ 5  0  1  1  2  1]
 [ 0  8  0  2  0  0]
 [ 1  0  8  1  0  0]
 [ 1  1  0  7  0  1]
 [ 0  0  0  0 10  0]
 [ 0  0  0  0  0 10]]
0.8
n_feature=6, score=0.767
[1, 1, 1, 0, 0, 1, 0, 0, 1, 1]
[[ 7  0  0  0  2  1]
 [ 0  8  0  2  0  0]
 [ 3  0  5  1  0  1]
 [ 1  1  0  7  0  1]
 [ 0  0  0  1  9  0]
 [ 0  0  0  0  0 10]]
0.767
n_feature=7, score=0.8
[1, 1, 1, 0, 0, 1, 1, 0, 1, 1]
[[ 5  0  1  1  2  1]
 [ 0  8  0  2  0  0]
 [ 1  0  8  1  0  0]
 [ 1  1  0  7  0  1]
 [ 0  0  0  0 10  0]
 [ 0  0  0  0  0 10]]
0.8
n_feature=4, score=0.567
[1, 0, 0, 0, 0, 1, 1, 0, 0, 1]
[[0 2 1 5 1 1]
 [0 8 0 2 0 0]
 [0 0 8 1 0 1]
 [0 1 1 7 0 1]
 [0 0 0 3 7 0]
 [0 1 5 0 0 4]]
0.567
n_feature=6, score=0.783
[1, 1, 1, 0, 0, 0, 1, 0, 1, 1]
[[ 5  0  1  1  2  1]
 [ 0  8  0  0  2  0]
 [ 1  0  8  1  0  0]
 [ 1  1  0  7  0  1]
 [ 0  0  0  0 10  0]
 [ 0  0  1  0  0  9]]
0.783
n_feature=7, score=0.8
[1, 1, 1, 0, 0, 1, 1, 0, 1, 1]
[[ 5  0  1  1  2  1]
 [ 0  8  0  2  0  0]
 [ 1  0  8  1  0  0]
 [ 1  1  0  7  0  1]
 [ 0  0  0  0 10  0]
 [ 0  0  0  0  0 10]]
0.8
n_feature=7, score=0.8
[1, 1, 1, 0, 0, 1, 1, 0, 1, 1]
[[ 5  0  1  1  2  1]
 [ 0  8  0  2  0  0]
 [ 1  0  8  1  0  0]
 [ 1  1  0  7  0  1]
 [ 0  0  0  0 10  0]
 [ 0  0  0  0  0 10]]
0.8
n_feature=7, score=0.8
[1, 1, 1, 0, 0, 1, 1, 0, 1, 1]
[[ 5  0  1  1  2  1]
 [ 0  8  0  2  0  0]
 [ 1  0  8  1  0  0]
 [ 1  1  0  7  0  1]
 [ 0  0  0  0 10  0]
 [ 0  0  0  0  0 10]]
0.8
n_feature=6, score=0.7
[1, 0, 1, 0, 0, 1, 1, 0, 1, 1]
[[ 0  0  0  3  3  4]
 [ 0  8  0  2  0  0]
 [ 1  0  8  1  0  0]
 [ 1  1  0  7  0  1]
 [ 0  0  0  1  9  0]
 [ 0  0  0  0  0 10]]
0.7
n_feature=7, score=0.8
[1, 1, 1, 0, 0, 1, 1, 0, 1, 1]
[[ 5  0  1  1  2  1]
 [ 0  8  0  2  0  0]
 [ 1  0  8  1  0  0]
 [ 1  1  0  7  0  1]
 [ 0  0  0  0 10  0]
 [ 0  0  0  0  0 10]]
0.8
n_feature=7, score=0.8
[1, 1, 1, 0, 0, 1, 1, 0, 1, 1]
[[ 5  0  1  1  2  1]
 [ 0  8  0  2  0  0]
 [ 1  0  8  1  0  0]
 [ 1  1  0  7  0  1]
 [ 0  0  0  0 10  0]
 [ 0  0  0  0  0 10]]
0.8
n_feature=5, score=0.517
[1, 1, 0, 0, 0, 1, 1, 0, 0, 1]
[[ 0  2  1  4  2  1]
 [ 0  8  0  0  2  0]
 [ 0  0  8  1  0  1]
 [ 0  1  1  0  7  1]
 [ 0  0  0  0 10  0]
 [ 0  0  5  0  0  5]]
0.517
n_feature=7, score=0.8
[1, 1, 1, 0, 0, 1, 1, 0, 1, 1]
[[ 5  0  1  1  2  1]
 [ 0  8  0  2  0  0]
 [ 1  0  8  1  0  0]
 [ 1  1  0  7  0  1]
 [ 0  0  0  0 10  0]
 [ 0  0  0  0  0 10]]
0.8
n_feature=7, score=0.8
[1, 1, 1, 0, 0, 1, 1, 0, 1, 1]
[[ 5  0  1  1  2  1]
 [ 0  8  0  2  0  0]
 [ 1  0  8  1  0  0]
 [ 1  1  0  7  0  1]
 [ 0  0  0  0 10  0]
 [ 0  0  0  0  0 10]]
0.8
n_feature=7, score=0.8
[1, 1, 1, 0, 0, 1, 1, 0, 1, 1]
[[ 5  0  1  1  2  1]
 [ 0  8  0  2  0  0]
 [ 1  0  8  1  0  0]
 [ 1  1  0  7  0  1]
 [ 0  0  0  0 10  0]
 [ 0  0  0  0  0 10]]
0.8
n_feature=7, score=0.8
[1, 1, 1, 0, 0, 1, 1, 0, 1, 1]
[[ 5  0  1  1  2  1]
 [ 0  8  0  2  0  0]
 [ 1  0  8  1  0  0]
 [ 1  1  0  7  0  1]
 [ 0  0  0  0 10  0]
 [ 0  0  0  0  0 10]]
0.8
n_feature=7, score=0.8
[1, 1, 1, 0, 0, 1, 1, 0, 1, 1]
[[ 5  0  1  1  2  1]
 [ 0  8  0  2  0  0]
 [ 1  0  8  1  0  0]
 [ 1  1  0  7  0  1]
 [ 0  0  0  0 10  0]
 [ 0  0  0  0  0 10]]
0.8
n_feature=7, score=0.8
[1, 1, 1, 0, 0, 1, 1, 0, 1, 1]
[[ 5  0  1  1  2  1]
 [ 0  8  0  2  0  0]
 [ 1  0  8  1  0  0]
 [ 1  1  0  7  0  1]
 [ 0  0  0  0 10  0]
 [ 0  0  0  0  0 10]]
0.8
n_feature=7, score=0.8
[1, 1, 1, 0, 0, 1, 1, 0, 1, 1]
[[ 5  0  1  1  2  1]
 [ 0  8  0  2  0  0]
 [ 1  0  8  1  0  0]
 [ 1  1  0  7  0  1]
 [ 0  0  0  0 10  0]
 [ 0  0  0  0  0 10]]
0.8
n_feature=7, score=0.8
[1, 1, 1, 0, 0, 1, 1, 0, 1, 1]
[[ 5  0  1  1  2  1]
 [ 0  8  0  2  0  0]
 [ 1  0  8  1  0  0]
 [ 1  1  0  7  0  1]
 [ 0  0  0  0 10  0]
 [ 0  0  0  0  0 10]]
0.8
n_feature=7, score=0.8
[1, 1, 1, 0, 0, 1, 1, 0, 1, 1]
[[ 5  0  1  1  2  1]
 [ 0  8  0  2  0  0]
 [ 1  0  8  1  0  0]
 [ 1  1  0  7  0  1]
 [ 0  0  0  0 10  0]
 [ 0  0  0  0  0 10]]
0.8
n_feature=7, score=0.683
[1, 0, 1, 1, 0, 1, 1, 0, 1, 1]
[[ 0  0  0  3  3  4]
 [ 2  6  0  2  0  0]
 [ 1  0  8  1  0  0]
 [ 2  0  0  7  0  1]
 [ 0  0  0  0 10  0]
 [ 0  0  0  0  0 10]]
0.683
n_feature=7, score=0.8
[1, 1, 1, 0, 0, 1, 1, 0, 1, 1]
[[ 5  0  1  1  2  1]
 [ 0  8  0  2  0  0]
 [ 1  0  8  1  0  0]
 [ 1  1  0  7  0  1]
 [ 0  0  0  0 10  0]
 [ 0  0  0  0  0 10]]
0.8
n_feature=7, score=0.8
[1, 1, 1, 0, 0, 1, 1, 0, 1, 1]
[[ 5  0  1  1  2  1]
 [ 0  8  0  2  0  0]
 [ 1  0  8  1  0  0]
 [ 1  1  0  7  0  1]
 [ 0  0  0  0 10  0]
 [ 0  0  0  0  0 10]]
0.8
n_feature=7, score=0.8
[1, 1, 1, 0, 0, 1, 1, 0, 1, 1]
[[ 5  0  1  1  2  1]
 [ 0  8  0  2  0  0]
 [ 1  0  8  1  0  0]
 [ 1  1  0  7  0  1]
 [ 0  0  0  0 10  0]
 [ 0  0  0  0  0 10]]
0.8
n_feature=7, score=0.8
[1, 1, 1, 0, 0, 1, 1, 0, 1, 1]
[[ 5  0  1  1  2  1]
 [ 0  8  0  2  0  0]
 [ 1  0  8  1  0  0]
 [ 1  1  0  7  0  1]
 [ 0  0  0  0 10  0]
 [ 0  0  0  0  0 10]]
0.8
n_feature=6, score=0.65
[1, 1, 1, 0, 0, 1, 1, 0, 1, 0]
[[ 1  0  1  0  4  4]
 [ 0  4  0  6  0  0]
 [ 1  0  9  0  0  0]
 [ 1  3  0  5  0  1]
 [ 0  0  0  0 10  0]
 [ 0  0  0  0  0 10]]
0.65
n_feature=8, score=0.767
[1, 1, 1, 0, 1, 1, 1, 0, 1, 1]
[[6 0 1 0 2 1]
 [0 8 0 0 2 0]
 [2 0 8 0 0 0]
 [2 0 0 7 0 1]
 [0 0 0 2 8 0]
 [0 0 1 0 0 9]]
0.767
n_feature=7, score=0.8
[1, 1, 1, 0, 0, 1, 1, 0, 1, 1]
[[ 5  0  1  1  2  1]
 [ 0  8  0  2  0  0]
 [ 1  0  8  1  0  0]
 [ 1  1  0  7  0  1]
 [ 0  0  0  0 10  0]
 [ 0  0  0  0  0 10]]
0.8
n_feature=7, score=0.8
[1, 1, 1, 0, 0, 1, 1, 0, 1, 1]
[[ 5  0  1  1  2  1]
 [ 0  8  0  2  0  0]
 [ 1  0  8  1  0  0]
 [ 1  1  0  7  0  1]
 [ 0  0  0  0 10  0]
 [ 0  0  0  0  0 10]]
0.8
n_feature=7, score=0.8
[1, 1, 1, 0, 0, 1, 1, 0, 1, 1]
[[ 5  0  1  1  2  1]
 [ 0  8  0  2  0  0]
 [ 1  0  8  1  0  0]
 [ 1  1  0  7  0  1]
 [ 0  0  0  0 10  0]
 [ 0  0  0  0  0 10]]
0.8
n_feature=7, score=0.8
[1, 1, 1, 0, 0, 1, 1, 0, 1, 1]
[[ 5  0  1  1  2  1]
 [ 0  8  0  2  0  0]
 [ 1  0  8  1  0  0]
 [ 1  1  0  7  0  1]
 [ 0  0  0  0 10  0]
 [ 0  0  0  0  0 10]]
0.8
n_feature=7, score=0.8
[1, 1, 1, 0, 0, 1, 1, 0, 1, 1]
[[ 5  0  1  1  2  1]
 [ 0  8  0  2  0  0]
 [ 1  0  8  1  0  0]
 [ 1  1  0  7  0  1]
 [ 0  0  0  0 10  0]
 [ 0  0  0  0  0 10]]
0.8
n_feature=7, score=0.8
[1, 1, 1, 0, 0, 1, 1, 0, 1, 1]
[[ 5  0  1  1  2  1]
 [ 0  8  0  2  0  0]
 [ 1  0  8  1  0  0]
 [ 1  1  0  7  0  1]
 [ 0  0  0  0 10  0]
 [ 0  0  0  0  0 10]]
0.8
n_feature=7, score=0.8
[1, 1, 1, 0, 0, 1, 1, 0, 1, 1]
[[ 5  0  1  1  2  1]
 [ 0  8  0  2  0  0]
 [ 1  0  8  1  0  0]
 [ 1  1  0  7  0  1]
 [ 0  0  0  0 10  0]
 [ 0  0  0  0  0 10]]
0.8
n_feature=7, score=0.75
[1, 1, 1, 0, 1, 1, 1, 0, 0, 1]
[[6 0 1 0 2 1]
 [0 8 0 0 2 0]
 [1 0 8 0 0 1]
 [1 0 0 7 0 2]
 [0 0 0 3 7 0]
 [0 0 1 0 0 9]]
0.75
n_feature=7, score=0.8
[1, 1, 1, 0, 0, 1, 1, 0, 1, 1]
[[ 5  0  1  1  2  1]
 [ 0  8  0  2  0  0]
 [ 1  0  8  1  0  0]
 [ 1  1  0  7  0  1]
 [ 0  0  0  0 10  0]
 [ 0  0  0  0  0 10]]
0.8
n_feature=7, score=0.8
[1, 1, 1, 0, 0, 1, 1, 0, 1, 1]
[[ 5  0  1  1  2  1]
 [ 0  8  0  2  0  0]
 [ 1  0  8  1  0  0]
 [ 1  1  0  7  0  1]
 [ 0  0  0  0 10  0]
 [ 0  0  0  0  0 10]]
0.8
n_feature=7, score=0.8
[1, 1, 1, 0, 0, 1, 1, 0, 1, 1]
[[ 5  0  1  1  2  1]
 [ 0  8  0  2  0  0]
 [ 1  0  8  1  0  0]
 [ 1  1  0  7  0  1]
 [ 0  0  0  0 10  0]
 [ 0  0  0  0  0 10]]
0.8
n_feature=7, score=0.8
[1, 1, 1, 0, 0, 1, 1, 0, 1, 1]
[[ 5  0  1  1  2  1]
 [ 0  8  0  2  0  0]
 [ 1  0  8  1  0  0]
 [ 1  1  0  7  0  1]
 [ 0  0  0  0 10  0]
 [ 0  0  0  0  0 10]]
0.8
n_feature=7, score=0.8
[1, 1, 1, 0, 0, 1, 1, 0, 1, 1]
[[ 5  0  1  1  2  1]
 [ 0  8  0  2  0  0]
 [ 1  0  8  1  0  0]
 [ 1  1  0  7  0  1]
 [ 0  0  0  0 10  0]
 [ 0  0  0  0  0 10]]
0.8
n_feature=7, score=0.8
[1, 1, 1, 0, 0, 1, 1, 0, 1, 1]
[[ 5  0  1  1  2  1]
 [ 0  8  0  2  0  0]
 [ 1  0  8  1  0  0]
 [ 1  1  0  7  0  1]
 [ 0  0  0  0 10  0]
 [ 0  0  0  0  0 10]]
0.8
n_feature=7, score=0.8
[1, 1, 1, 0, 0, 1, 1, 0, 1, 1]
[[ 5  0  1  1  2  1]
 [ 0  8  0  2  0  0]
 [ 1  0  8  1  0  0]
 [ 1  1  0  7  0  1]
 [ 0  0  0  0 10  0]
 [ 0  0  0  0  0 10]]
0.8
n_feature=7, score=0.8
[1, 1, 1, 0, 0, 1, 1, 0, 1, 1]
[[ 5  0  1  1  2  1]
 [ 0  8  0  2  0  0]
 [ 1  0  8  1  0  0]
 [ 1  1  0  7  0  1]
 [ 0  0  0  0 10  0]
 [ 0  0  0  0  0 10]]
0.8
n_feature=5, score=0.65
[0, 0, 1, 0, 0, 1, 1, 0, 1, 1]
[[ 0  0  1  2  4  3]
 [ 0  8  0  1  1  0]
 [ 0  0  9  1  0  0]
 [ 0  1  2  7  0  0]
 [ 0  0  0  0 10  0]
 [ 0  0  5  0  0  5]]
0.65
n_feature=7, score=0.8
[1, 1, 1, 0, 0, 1, 1, 0, 1, 1]
[[ 5  0  1  1  2  1]
 [ 0  8  0  2  0  0]
 [ 1  0  8  1  0  0]
 [ 1  1  0  7  0  1]
 [ 0  0  0  0 10  0]
 [ 0  0  0  0  0 10]]
0.8
n_feature=7, score=0.8
[1, 1, 1, 0, 0, 1, 1, 0, 1, 1]
[[ 5  0  1  1  2  1]
 [ 0  8  0  2  0  0]
 [ 1  0  8  1  0  0]
 [ 1  1  0  7  0  1]
 [ 0  0  0  0 10  0]
 [ 0  0  0  0  0 10]]
0.8
n_feature=7, score=0.8
[1, 1, 1, 0, 0, 1, 1, 0, 1, 1]
[[ 5  0  1  1  2  1]
 [ 0  8  0  2  0  0]
 [ 1  0  8  1  0  0]
 [ 1  1  0  7  0  1]
 [ 0  0  0  0 10  0]
 [ 0  0  0  0  0 10]]
0.8
n_feature=7, score=0.8
[1, 1, 1, 0, 0, 1, 1, 0, 1, 1]
[[ 5  0  1  1  2  1]
 [ 0  8  0  2  0  0]
 [ 1  0  8  1  0  0]
 [ 1  1  0  7  0  1]
 [ 0  0  0  0 10  0]
 [ 0  0  0  0  0 10]]
0.8
n_feature=7, score=0.8
[1, 1, 1, 0, 0, 1, 1, 0, 1, 1]
[[ 5  0  1  1  2  1]
 [ 0  8  0  2  0  0]
 [ 1  0  8  1  0  0]
 [ 1  1  0  7  0  1]
 [ 0  0  0  0 10  0]
 [ 0  0  0  0  0 10]]
0.8
n_feature=7, score=0.8
[1, 1, 1, 0, 0, 1, 1, 0, 1, 1]
[[ 5  0  1  1  2  1]
 [ 0  8  0  2  0  0]
 [ 1  0  8  1  0  0]
 [ 1  1  0  7  0  1]
 [ 0  0  0  0 10  0]
 [ 0  0  0  0  0 10]]
0.8
n_feature=7, score=0.8
[1, 1, 1, 0, 0, 1, 1, 0, 1, 1]
[[ 5  0  1  1  2  1]
 [ 0  8  0  2  0  0]
 [ 1  0  8  1  0  0]
 [ 1  1  0  7  0  1]
 [ 0  0  0  0 10  0]
 [ 0  0  0  0  0 10]]
0.8
n_feature=7, score=0.8
[1, 1, 1, 0, 0, 1, 1, 0, 1, 1]
[[ 5  0  1  1  2  1]
 [ 0  8  0  2  0  0]
 [ 1  0  8  1  0  0]
 [ 1  1  0  7  0  1]
 [ 0  0  0  0 10  0]
 [ 0  0  0  0  0 10]]
0.8
n_feature=7, score=0.8
[1, 1, 1, 0, 0, 1, 1, 0, 1, 1]
[[ 5  0  1  1  2  1]
 [ 0  8  0  2  0  0]
 [ 1  0  8  1  0  0]
 [ 1  1  0  7  0  1]
 [ 0  0  0  0 10  0]
 [ 0  0  0  0  0 10]]
0.8
n_feature=7, score=0.8
[1, 1, 1, 0, 0, 1, 1, 0, 1, 1]
[[ 5  0  1  1  2  1]
 [ 0  8  0  2  0  0]
 [ 1  0  8  1  0  0]
 [ 1  1  0  7  0  1]
 [ 0  0  0  0 10  0]
 [ 0  0  0  0  0 10]]
0.8
n_feature=7, score=0.8
[1, 1, 1, 0, 0, 1, 1, 0, 1, 1]
[[ 5  0  1  1  2  1]
 [ 0  8  0  2  0  0]
 [ 1  0  8  1  0  0]
 [ 1  1  0  7  0  1]
 [ 0  0  0  0 10  0]
 [ 0  0  0  0  0 10]]
0.8
n_feature=6, score=0.783
[1, 1, 1, 0, 0, 0, 1, 0, 1, 1]
[[ 5  0  1  1  2  1]
 [ 0  8  0  0  2  0]
 [ 1  0  8  1  0  0]
 [ 1  1  0  7  0  1]
 [ 0  0  0  0 10  0]
 [ 0  0  1  0  0  9]]
0.783
n_feature=7, score=0.8
[1, 1, 1, 0, 0, 1, 1, 0, 1, 1]
[[ 5  0  1  1  2  1]
 [ 0  8  0  2  0  0]
 [ 1  0  8  1  0  0]
 [ 1  1  0  7  0  1]
 [ 0  0  0  0 10  0]
 [ 0  0  0  0  0 10]]
0.8
n_feature=7, score=0.8
[1, 1, 1, 0, 0, 1, 1, 0, 1, 1]
[[ 5  0  1  1  2  1]
 [ 0  8  0  2  0  0]
 [ 1  0  8  1  0  0]
 [ 1  1  0  7  0  1]
 [ 0  0  0  0 10  0]
 [ 0  0  0  0  0 10]]
0.8
n_feature=7, score=0.8
[1, 1, 1, 0, 0, 1, 1, 0, 1, 1]
[[ 5  0  1  1  2  1]
 [ 0  8  0  2  0  0]
 [ 1  0  8  1  0  0]
 [ 1  1  0  7  0  1]
 [ 0  0  0  0 10  0]
 [ 0  0  0  0  0 10]]
0.8
n_feature=7, score=0.8
[1, 1, 1, 0, 0, 1, 1, 0, 1, 1]
[[ 5  0  1  1  2  1]
 [ 0  8  0  2  0  0]
 [ 1  0  8  1  0  0]
 [ 1  1  0  7  0  1]
 [ 0  0  0  0 10  0]
 [ 0  0  0  0  0 10]]
0.8
n_feature=7, score=0.8
[1, 1, 1, 0, 0, 1, 1, 0, 1, 1]
[[ 5  0  1  1  2  1]
 [ 0  8  0  2  0  0]
 [ 1  0  8  1  0  0]
 [ 1  1  0  7  0  1]
 [ 0  0  0  0 10  0]
 [ 0  0  0  0  0 10]]
0.8
n_feature=7, score=0.8
[1, 1, 1, 0, 0, 1, 1, 0, 1, 1]
[[ 5  0  1  1  2  1]
 [ 0  8  0  2  0  0]
 [ 1  0  8  1  0  0]
 [ 1  1  0  7  0  1]
 [ 0  0  0  0 10  0]
 [ 0  0  0  0  0 10]]
0.8
n_feature=7, score=0.8
[1, 1, 1, 0, 0, 1, 1, 0, 1, 1]
[[ 5  0  1  1  2  1]
 [ 0  8  0  2  0  0]
 [ 1  0  8  1  0  0]
 [ 1  1  0  7  0  1]
 [ 0  0  0  0 10  0]
 [ 0  0  0  0  0 10]]
0.8
n_feature=7, score=0.8
[1, 1, 1, 0, 0, 1, 1, 0, 1, 1]
[[ 5  0  1  1  2  1]
 [ 0  8  0  2  0  0]
 [ 1  0  8  1  0  0]
 [ 1  1  0  7  0  1]
 [ 0  0  0  0 10  0]
 [ 0  0  0  0  0 10]]
0.8
n_feature=7, score=0.8
[1, 1, 1, 0, 0, 1, 1, 0, 1, 1]
[[ 5  0  1  1  2  1]
 [ 0  8  0  2  0  0]
 [ 1  0  8  1  0  0]
 [ 1  1  0  7  0  1]
 [ 0  0  0  0 10  0]
 [ 0  0  0  0  0 10]]
0.8
n_feature=7, score=0.8
[1, 1, 1, 0, 0, 1, 1, 0, 1, 1]
[[ 5  0  1  1  2  1]
 [ 0  8  0  2  0  0]
 [ 1  0  8  1  0  0]
 [ 1  1  0  7  0  1]
 [ 0  0  0  0 10  0]
 [ 0  0  0  0  0 10]]
0.8
n_feature=8, score=0.783
[1, 1, 1, 0, 0, 1, 1, 1, 1, 1]
[[ 5  0  1  1  2  1]
 [ 0  8  0  1  1  0]
 [ 1  0  8  1  0  0]
 [ 1  1  0  7  0  1]
 [ 0  0  0  0 10  0]
 [ 0  0  1  0  0  9]]
0.783
n_feature=7, score=0.8
[1, 1, 1, 0, 0, 1, 1, 0, 1, 1]
[[ 5  0  1  1  2  1]
 [ 0  8  0  2  0  0]
 [ 1  0  8  1  0  0]
 [ 1  1  0  7  0  1]
 [ 0  0  0  0 10  0]
 [ 0  0  0  0  0 10]]
0.8
n_feature=7, score=0.8
[1, 1, 1, 0, 0, 1, 1, 0, 1, 1]
[[ 5  0  1  1  2  1]
 [ 0  8  0  2  0  0]
 [ 1  0  8  1  0  0]
 [ 1  1  0  7  0  1]
 [ 0  0  0  0 10  0]
 [ 0  0  0  0  0 10]]
0.8
n_feature=7, score=0.8
[1, 1, 1, 0, 0, 1, 1, 0, 1, 1]
[[ 5  0  1  1  2  1]
 [ 0  8  0  2  0  0]
 [ 1  0  8  1  0  0]
 [ 1  1  0  7  0  1]
 [ 0  0  0  0 10  0]
 [ 0  0  0  0  0 10]]
0.8
n_feature=7, score=0.8
[1, 1, 1, 0, 0, 1, 1, 0, 1, 1]
[[ 5  0  1  1  2  1]
 [ 0  8  0  2  0  0]
 [ 1  0  8  1  0  0]
 [ 1  1  0  7  0  1]
 [ 0  0  0  0 10  0]
 [ 0  0  0  0  0 10]]
0.8
n_feature=7, score=0.8
[1, 1, 1, 0, 0, 1, 1, 0, 1, 1]
[[ 5  0  1  1  2  1]
 [ 0  8  0  2  0  0]
 [ 1  0  8  1  0  0]
 [ 1  1  0  7  0  1]
 [ 0  0  0  0 10  0]
 [ 0  0  0  0  0 10]]
0.8
n_feature=7, score=0.8
[1, 1, 1, 0, 0, 1, 1, 0, 1, 1]
[[ 5  0  1  1  2  1]
 [ 0  8  0  2  0  0]
 [ 1  0  8  1  0  0]
 [ 1  1  0  7  0  1]
 [ 0  0  0  0 10  0]
 [ 0  0  0  0  0 10]]
0.8
n_feature=8, score=0.783
[1, 1, 1, 0, 0, 1, 1, 1, 1, 1]
[[ 5  0  1  1  2  1]
 [ 0  8  0  1  1  0]
 [ 1  0  8  1  0  0]
 [ 1  1  0  7  0  1]
 [ 0  0  0  0 10  0]
 [ 0  0  1  0  0  9]]
0.783
n_feature=7, score=0.8
[1, 1, 1, 0, 0, 1, 1, 0, 1, 1]
[[ 5  0  1  1  2  1]
 [ 0  8  0  2  0  0]
 [ 1  0  8  1  0  0]
 [ 1  1  0  7  0  1]
 [ 0  0  0  0 10  0]
 [ 0  0  0  0  0 10]]
0.8
n_feature=7, score=0.8
[1, 1, 1, 0, 0, 1, 1, 0, 1, 1]
[[ 5  0  1  1  2  1]
 [ 0  8  0  2  0  0]
 [ 1  0  8  1  0  0]
 [ 1  1  0  7  0  1]
 [ 0  0  0  0 10  0]
 [ 0  0  0  0  0 10]]
0.8
n_feature=7, score=0.8
[1, 1, 1, 0, 0, 1, 1, 0, 1, 1]
[[ 5  0  1  1  2  1]
 [ 0  8  0  2  0  0]
 [ 1  0  8  1  0  0]
 [ 1  1  0  7  0  1]
 [ 0  0  0  0 10  0]
 [ 0  0  0  0  0 10]]
0.8
n_feature=7, score=0.8
[1, 1, 1, 0, 0, 1, 1, 0, 1, 1]
[[ 5  0  1  1  2  1]
 [ 0  8  0  2  0  0]
 [ 1  0  8  1  0  0]
 [ 1  1  0  7  0  1]
 [ 0  0  0  0 10  0]
 [ 0  0  0  0  0 10]]
0.8
n_feature=7, score=0.8
[1, 1, 1, 0, 0, 1, 1, 0, 1, 1]
[[ 5  0  1  1  2  1]
 [ 0  8  0  2  0  0]
 [ 1  0  8  1  0  0]
 [ 1  1  0  7  0  1]
 [ 0  0  0  0 10  0]
 [ 0  0  0  0  0 10]]
0.8
n_feature=7, score=0.8
[1, 1, 1, 0, 0, 1, 1, 0, 1, 1]
[[ 5  0  1  1  2  1]
 [ 0  8  0  2  0  0]
 [ 1  0  8  1  0  0]
 [ 1  1  0  7  0  1]
 [ 0  0  0  0 10  0]
 [ 0  0  0  0  0 10]]
0.8
n_feature=7, score=0.8
[1, 1, 1, 0, 0, 1, 1, 0, 1, 1]
[[ 5  0  1  1  2  1]
 [ 0  8  0  2  0  0]
 [ 1  0  8  1  0  0]
 [ 1  1  0  7  0  1]
 [ 0  0  0  0 10  0]
 [ 0  0  0  0  0 10]]
0.8
n_feature=7, score=0.8
[1, 1, 1, 0, 0, 1, 1, 0, 1, 1]
[[ 5  0  1  1  2  1]
 [ 0  8  0  2  0  0]
 [ 1  0  8  1  0  0]
 [ 1  1  0  7  0  1]
 [ 0  0  0  0 10  0]
 [ 0  0  0  0  0 10]]
0.8
n_feature=7, score=0.8
[1, 1, 1, 0, 0, 1, 1, 0, 1, 1]
[[ 5  0  1  1  2  1]
 [ 0  8  0  2  0  0]
 [ 1  0  8  1  0  0]
 [ 1  1  0  7  0  1]
 [ 0  0  0  0 10  0]
 [ 0  0  0  0  0 10]]
0.8
n_feature=7, score=0.8
[1, 1, 1, 0, 0, 1, 1, 0, 1, 1]
[[ 5  0  1  1  2  1]
 [ 0  8  0  2  0  0]
 [ 1  0  8  1  0  0]
 [ 1  1  0  7  0  1]
 [ 0  0  0  0 10  0]
 [ 0  0  0  0  0 10]]
0.8
n_feature=7, score=0.8
[1, 1, 1, 0, 0, 1, 1, 0, 1, 1]
[[ 5  0  1  1  2  1]
 [ 0  8  0  2  0  0]
 [ 1  0  8  1  0  0]
 [ 1  1  0  7  0  1]
 [ 0  0  0  0 10  0]
 [ 0  0  0  0  0 10]]
0.8
n_feature=7, score=0.8
[1, 1, 1, 0, 0, 1, 1, 0, 1, 1]
[[ 5  0  1  1  2  1]
 [ 0  8  0  2  0  0]
 [ 1  0  8  1  0  0]
 [ 1  1  0  7  0  1]
 [ 0  0  0  0 10  0]
 [ 0  0  0  0  0 10]]
0.8
n_feature=7, score=0.8
[1, 1, 1, 0, 0, 1, 1, 0, 1, 1]
[[ 5  0  1  1  2  1]
 [ 0  8  0  2  0  0]
 [ 1  0  8  1  0  0]
 [ 1  1  0  7  0  1]
 [ 0  0  0  0 10  0]
 [ 0  0  0  0  0 10]]
0.8
n_feature=6, score=0.667
[0, 1, 1, 0, 0, 1, 1, 0, 1, 1]
[[ 5  0  1  1  2  1]
 [ 0  8  0  0  2  0]
 [ 0  0  9  1  0  0]
 [ 0  1  2  3  4  0]
 [ 0  0  0  0 10  0]
 [ 0  0  5  0  0  5]]
0.667
n_feature=7, score=0.8
[1, 1, 1, 0, 0, 1, 1, 0, 1, 1]
[[ 5  0  1  1  2  1]
 [ 0  8  0  2  0  0]
 [ 1  0  8  1  0  0]
 [ 1  1  0  7  0  1]
 [ 0  0  0  0 10  0]
 [ 0  0  0  0  0 10]]
0.8
n_feature=7, score=0.8
[1, 1, 1, 0, 0, 1, 1, 0, 1, 1]
[[ 5  0  1  1  2  1]
 [ 0  8  0  2  0  0]
 [ 1  0  8  1  0  0]
 [ 1  1  0  7  0  1]
 [ 0  0  0  0 10  0]
 [ 0  0  0  0  0 10]]
0.8
n_feature=7, score=0.8
[1, 1, 1, 0, 0, 1, 1, 0, 1, 1]
[[ 5  0  1  1  2  1]
 [ 0  8  0  2  0  0]
 [ 1  0  8  1  0  0]
 [ 1  1  0  7  0  1]
 [ 0  0  0  0 10  0]
 [ 0  0  0  0  0 10]]
0.8
n_feature=8, score=0.783
[1, 1, 1, 0, 0, 1, 1, 1, 1, 1]
[[ 5  0  1  1  2  1]
 [ 0  8  0  1  1  0]
 [ 1  0  8  1  0  0]
 [ 1  1  0  7  0  1]
 [ 0  0  0  0 10  0]
 [ 0  0  1  0  0  9]]
0.783
n_feature=7, score=0.8
[1, 1, 1, 0, 0, 1, 1, 0, 1, 1]
[[ 5  0  1  1  2  1]
 [ 0  8  0  2  0  0]
 [ 1  0  8  1  0  0]
 [ 1  1  0  7  0  1]
 [ 0  0  0  0 10  0]
 [ 0  0  0  0  0 10]]
0.8
n_feature=6, score=0.65
[1, 1, 1, 0, 0, 1, 1, 0, 1, 0]
[[ 1  0  1  0  4  4]
 [ 0  4  0  6  0  0]
 [ 1  0  9  0  0  0]
 [ 1  3  0  5  0  1]
 [ 0  0  0  0 10  0]
 [ 0  0  0  0  0 10]]
0.65
n_feature=7, score=0.8
[1, 1, 1, 0, 0, 1, 1, 0, 1, 1]
[[ 5  0  1  1  2  1]
 [ 0  8  0  2  0  0]
 [ 1  0  8  1  0  0]
 [ 1  1  0  7  0  1]
 [ 0  0  0  0 10  0]
 [ 0  0  0  0  0 10]]
0.8
n_feature=7, score=0.8
[1, 1, 1, 0, 0, 1, 1, 0, 1, 1]
[[ 5  0  1  1  2  1]
 [ 0  8  0  2  0  0]
 [ 1  0  8  1  0  0]
 [ 1  1  0  7  0  1]
 [ 0  0  0  0 10  0]
 [ 0  0  0  0  0 10]]
0.8
n_feature=7, score=0.8
[1, 1, 1, 0, 0, 1, 1, 0, 1, 1]
[[ 5  0  1  1  2  1]
 [ 0  8  0  2  0  0]
 [ 1  0  8  1  0  0]
 [ 1  1  0  7  0  1]
 [ 0  0  0  0 10  0]
 [ 0  0  0  0  0 10]]
0.8
n_feature=6, score=0.667
[0, 1, 1, 0, 0, 1, 1, 0, 1, 1]
[[ 5  0  1  1  2  1]
 [ 0  8  0  0  2  0]
 [ 0  0  9  1  0  0]
 [ 0  1  2  3  4  0]
 [ 0  0  0  0 10  0]
 [ 0  0  5  0  0  5]]
0.667
n_feature=6, score=0.783
[1, 1, 1, 0, 0, 0, 1, 0, 1, 1]
[[ 5  0  1  1  2  1]
 [ 0  8  0  0  2  0]
 [ 1  0  8  1  0  0]
 [ 1  1  0  7  0  1]
 [ 0  0  0  0 10  0]
 [ 0  0  1  0  0  9]]
0.783
n_feature=7, score=0.8
[1, 1, 1, 0, 0, 1, 1, 0, 1, 1]
[[ 5  0  1  1  2  1]
 [ 0  8  0  2  0  0]
 [ 1  0  8  1  0  0]
 [ 1  1  0  7  0  1]
 [ 0  0  0  0 10  0]
 [ 0  0  0  0  0 10]]
0.8
n_feature=7, score=0.8
[1, 1, 1, 0, 0, 1, 1, 0, 1, 1]
[[ 5  0  1  1  2  1]
 [ 0  8  0  2  0  0]
 [ 1  0  8  1  0  0]
 [ 1  1  0  7  0  1]
 [ 0  0  0  0 10  0]
 [ 0  0  0  0  0 10]]
0.8
n_feature=7, score=0.8
[1, 1, 1, 0, 0, 1, 1, 0, 1, 1]
[[ 5  0  1  1  2  1]
 [ 0  8  0  2  0  0]
 [ 1  0  8  1  0  0]
 [ 1  1  0  7  0  1]
 [ 0  0  0  0 10  0]
 [ 0  0  0  0  0 10]]
0.8
n_feature=7, score=0.8
[1, 1, 1, 0, 0, 1, 1, 0, 1, 1]
[[ 5  0  1  1  2  1]
 [ 0  8  0  2  0  0]
 [ 1  0  8  1  0  0]
 [ 1  1  0  7  0  1]
 [ 0  0  0  0 10  0]
 [ 0  0  0  0  0 10]]
0.8
n_feature=6, score=0.617
[0, 1, 0, 1, 0, 1, 1, 0, 1, 1]
[[ 5  0  1  1  2  1]
 [ 0  8  0  0  2  0]
 [ 0  0  9  1  0  0]
 [ 0  1  2  0  7  0]
 [ 0  0  0  0 10  0]
 [ 0  0  5  0  0  5]]
0.617
******************************
[[1, 1, 1, 0, 0, 1, 1, 0, 1, 1], [1, 1, 1, 0, 0, 1, 1, 0, 1, 1], [1, 1, 1, 0, 0, 1, 1, 0, 1, 1], [1, 1, 1, 0, 0, 1, 1, 1, 1, 1], [1, 1, 1, 0, 0, 1, 1, 0, 1, 1], [1, 1, 1, 0, 0, 1, 1, 0, 1, 0], [1, 1, 1, 0, 0, 1, 1, 0, 1, 1], [1, 1, 1, 0, 0, 1, 1, 0, 1, 1], [1, 1, 1, 0, 0, 1, 1, 0, 1, 1], [0, 1, 1, 0, 0, 1, 1, 0, 1, 1], [1, 1, 1, 0, 0, 1, 1, 0, 1, 1], [1, 1, 1, 0, 0, 1, 1, 0, 1, 1], [1, 1, 1, 0, 0, 0, 1, 0, 1, 1], [1, 1, 1, 0, 0, 1, 1, 0, 1, 1], [1, 1, 1, 0, 0, 1, 1, 0, 1, 1], [1, 1, 1, 0, 0, 1, 1, 0, 1, 1], [1, 1, 1, 0, 0, 1, 1, 0, 1, 1], [1, 1, 1, 0, 0, 1, 1, 0, 1, 1], [0, 1, 0, 1, 0, 1, 1, 0, 1, 1], [1, 1, 1, 0, 0, 1, 1, 0, 1, 1]]
gen	nevals	avg              	std                    	min          	max            
0  	20    	[0.5817 4.9   ]  	[0.12772866 1.3       ]	[0.333 3.   ]	[0.767 8.   ]  
1  	12    	[0.70245 5.95   ]	[0.08107372 1.4309088 ]	[0.45 3.  ]  	[ 0.767 10.   ]
2  	13    	[0.7375 6.15  ]  	[0.03198828 1.31434394]	[0.617 5.   ]	[ 0.767 10.   ]
3  	12    	[0.7602 6.75  ]  	[0.00991262 1.08972474]	[0.733 5.   ]	[0.767 8.   ]  
4  	10    	[0.76695 7.     ]	[0.00521991 0.9486833 ]	[0.75 5.  ]  	[0.783 9.   ]  
5  	10    	[0.76775 6.6    ]	[0.00628391 0.86023253]	[0.75 5.  ]  	[0.783 9.   ]  
6  	12    	[0.76415 6.55   ]	[0.05436384 0.97339612]	[0.533 5.   ]	[0.8 8. ]      
7  	20    	[0.77915 6.1    ]	[0.01144236 1.09087121]	[0.767 5.   ]	[0.8 9. ]      
8  	9     	[0.7865 5.95  ]  	[0.012496   1.02347447]	[0.75 5.  ]  	[0.8 8. ]      
9  	14    	[0.77495 6.25   ]	[0.03921157 0.99373035]	[0.65 4.  ]  	[0.8 8. ]      
10 	8     	[0.7874 6.8   ]  	[0.03616545 0.6       ]	[0.633 5.   ]	[0.8 8. ]      
11 	11    	[0.795 7.   ]    	[0.01062073 0.70710678]	[0.767 5.   ]	[0.8 9. ]      
12 	10    	[0.78085 6.7    ]	[0.05400581 0.71414284]	[0.567 4.   ]	[0.8 7. ]      
13 	12    	[0.78 6.9 ]      	[0.06548969 0.43588989]	[0.517 5.   ]	[0.8 7. ]      
14 	11    	[0.79085 7.     ]	[0.03310177 0.31622777]	[0.65 6.  ]  	[0.8 8. ]      
15 	8     	[0.7975 7.    ]  	[0.01089725 0.        ]	[0.75 7.  ]  	[0.8 7. ]      
16 	10    	[0.7925 6.9   ]  	[0.03269174 0.43588989]	[0.65 5.  ]  	[0.8 7. ]      
17 	13    	[0.79915 6.95   ]	[0.00370506 0.21794495]	[0.783 6.   ]	[0.8 7. ]      
18 	15    	[0.7983 7.1   ]  	[0.0051 0.3   ]        	[0.783 7.   ]	[0.8 8. ]      
19 	9     	[0.79335 6.95   ]	[0.02898668 0.21794495]	[0.667 6.   ]	[0.8 7. ]      
20 	16    	[0.775 6.85 ]    	[0.05556798 0.4769696 ]	[0.617 6.   ]	[0.8 8. ]      
******************************
*****hall of fame*****
use_sensor_num: 7.0, score: 0.8
[1, 1, 1, 0, 0, 1, 1, 0, 1, 1]
[0, 1, 2, 5, 6, 8, 9]
*****hall of fame*****
use_sensor_num: 5.0, score: 0.783
[1, 1, 0, 0, 0, 0, 1, 0, 1, 1]
[0, 1, 6, 8, 9]
*****hall of fame*****
use_sensor_num: 4.0, score: 0.717
[0, 1, 0, 0, 0, 0, 1, 0, 1, 1]
[1, 6, 8, 9]
*****hall of fame*****
use_sensor_num: 3.0, score: 0.517
[0, 0, 0, 0, 1, 1, 0, 0, 1, 0]
[4, 5, 8]
elapsed_time:120.2290313243866[sec]
