60,13
Starting Genetic Algorizm By Random Forest With 13 column
n_feature=8, score=0.933
[1, 1, 1, 1, 1, 0, 1, 0, 1, 1, 0, 0, 0]
[[ 7  0  0  0  3  0]
 [ 0 10  0  0  0  0]
 [ 0  0 10  0  0  0]
 [ 1  0  0  9  0  0]
 [ 0  0  0  0 10  0]
 [ 0  0  0  0  0 10]]
0.933
n_feature=7, score=0.617
[1, 1, 1, 0, 1, 0, 0, 1, 0, 0, 0, 1, 1]
[[ 4  0  0  2  2  2]
 [ 0 10  0  0  0  0]
 [ 1  0  0  1  8  0]
 [ 0  5  0  3  0  2]
 [ 0  0  0  0 10  0]
 [ 0  0  0  0  0 10]]
0.617
n_feature=9, score=0.817
[1, 0, 1, 1, 1, 1, 0, 1, 1, 1, 0, 1, 0]
[[ 1  0  0  3  6  0]
 [ 0 10  0  0  0  0]
 [ 0  0 10  0  0  0]
 [ 0  0  0  9  0  1]
 [ 0  0  0  1  9  0]
 [ 0  0  0  0  0 10]]
0.817
n_feature=8, score=0.733
[1, 0, 0, 1, 0, 1, 0, 1, 1, 1, 1, 1, 0]
[[ 1  0  1  7  0  1]
 [ 0 10  0  0  0  0]
 [ 0  0  6  0  0  4]
 [ 0  0  0  9  0  1]
 [ 0  0  0  2  8  0]
 [ 0  0  0  0  0 10]]
0.733
n_feature=6, score=0.917
[0, 1, 0, 1, 1, 0, 1, 0, 1, 0, 1, 0, 0]
[[ 5  0  2  0  3  0]
 [ 0 10  0  0  0  0]
 [ 0  0 10  0  0  0]
 [ 0  0  0 10  0  0]
 [ 0  0  0  0 10  0]
 [ 0  0  0  0  0 10]]
0.917
n_feature=6, score=0.717
[0, 1, 1, 0, 0, 1, 1, 1, 0, 0, 1, 0, 0]
[[ 2  0  3  0  3  2]
 [ 0 10  0  0  0  0]
 [ 0  0  6  0  0  4]
 [ 0  5  0  5  0  0]
 [ 0  0  0  0 10  0]
 [ 0  0  0  0  0 10]]
0.717
n_feature=3, score=0.75
[0, 0, 0, 1, 0, 0, 0, 1, 0, 1, 0, 0, 0]
[[ 0  0  0  0  9  1]
 [ 0 10  0  0  0  0]
 [ 0  0 10  0  0  0]
 [ 0  0  1  5  4  0]
 [ 0  0  0  0 10  0]
 [ 0  0  0  0  0 10]]
0.75
n_feature=7, score=0.767
[0, 0, 0, 0, 0, 1, 1, 1, 0, 1, 1, 1, 1]
[[ 6  0  2  1  1  0]
 [ 0 10  0  0  0  0]
 [ 1  0  9  0  0  0]
 [ 1  0  0  2  7  0]
 [ 0  0  0  1  9  0]
 [ 0  0  0  0  0 10]]
0.767
n_feature=5, score=0.617
[1, 0, 0, 0, 0, 1, 1, 1, 0, 0, 0, 1, 0]
[[ 0  0  0  4  0  6]
 [ 0 10  0  0  0  0]
 [ 0  0  5  0  0  5]
 [ 0  5  0  5  0  0]
 [ 0  0  0  3  7  0]
 [ 0  0  0  0  0 10]]
0.617
n_feature=7, score=0.783
[1, 0, 1, 1, 0, 1, 0, 0, 0, 1, 1, 0, 1]
[[ 6  0  1  2  0  1]
 [ 0 10  0  0  0  0]
 [ 0  5  5  0  0  0]
 [ 1  0  0  8  0  1]
 [ 0  0  0  2  8  0]
 [ 0  0  0  0  0 10]]
0.783
n_feature=7, score=0.85
[0, 1, 1, 0, 1, 0, 1, 0, 1, 1, 1, 0, 0]
[[ 5  0  3  0  2  0]
 [ 0 10  0  0  0  0]
 [ 3  0  7  0  0  0]
 [ 1  0  0  9  0  0]
 [ 0  0  0  0 10  0]
 [ 0  0  0  0  0 10]]
0.85
n_feature=7, score=0.7
[1, 1, 0, 1, 0, 1, 0, 1, 0, 0, 1, 0, 1]
[[ 4  0  1  0  2  3]
 [ 0 10  0  0  0  0]
 [ 0  0  5  1  4  0]
 [ 2  5  0  3  0  0]
 [ 0  0  0  0 10  0]
 [ 0  0  0  0  0 10]]
0.7
n_feature=6, score=0.933
[0, 1, 0, 1, 0, 0, 1, 1, 1, 1, 0, 0, 0]
[[ 7  0  0  0  3  0]
 [ 0 10  0  0  0  0]
 [ 0  0 10  0  0  0]
 [ 1  0  0  9  0  0]
 [ 0  0  0  0 10  0]
 [ 0  0  0  0  0 10]]
0.933
n_feature=5, score=0.783
[1, 0, 0, 0, 0, 1, 1, 0, 0, 1, 0, 1, 0]
[[ 6  1  0  3  0  0]
 [ 0 10  0  0  0  0]
 [ 0  0  5  0  0  5]
 [ 0  1  0  9  0  0]
 [ 0  0  0  3  7  0]
 [ 0  0  0  0  0 10]]
0.783
n_feature=5, score=0.65
[0, 0, 0, 1, 0, 0, 1, 1, 1, 0, 1, 0, 0]
[[ 3  0  1  3  0  3]
 [ 0 10  0  0  0  0]
 [ 0  0  7  0  0  3]
 [ 0  1  0  9  0  0]
 [ 0  0  0 10  0  0]
 [ 0  0  0  0  0 10]]
0.65
n_feature=3, score=0.417
[0, 0, 0, 1, 1, 0, 0, 0, 0, 0, 0, 1, 0]
[[ 0  0  1  0  7  2]
 [ 0  0 10  0  0  0]
 [ 0  0 10  0  0  0]
 [ 0  0  0  0  4  6]
 [ 0  0  0  0  5  5]
 [ 0  0  0  0  0 10]]
0.417
n_feature=3, score=0.5
[1, 0, 0, 0, 1, 0, 0, 0, 0, 0, 0, 1, 0]
[[ 0  8  0  0  0  2]
 [ 0 10  0  0  0  0]
 [ 0  5  5  0  0  0]
 [ 0  4  0  0  0  6]
 [ 0  1  3  0  5  1]
 [ 0  0  0  0  0 10]]
0.5
n_feature=9, score=0.833
[1, 0, 1, 1, 1, 0, 1, 0, 1, 1, 1, 1, 0]
[[ 5  0  1  2  2  0]
 [ 0 10  0  0  0  0]
 [ 3  0  7  0  0  0]
 [ 1  0  0  9  0  0]
 [ 0  0  0  1  9  0]
 [ 0  0  0  0  0 10]]
0.833
n_feature=7, score=0.783
[1, 0, 0, 0, 1, 1, 0, 0, 1, 1, 0, 1, 1]
[[ 6  0  0  1  3  0]
 [ 0  9  1  0  0  0]
 [ 0  0 10  0  0  0]
 [ 1  0  0  4  4  1]
 [ 0  0  0  2  8  0]
 [ 0  0  0  0  0 10]]
0.783
n_feature=6, score=0.633
[0, 0, 1, 0, 1, 0, 1, 0, 1, 0, 1, 1, 0]
[[ 1  0  3  0  5  1]
 [ 0 10  0  0  0  0]
 [ 1  0  6  0  3  0]
 [ 0  0  0  6  4  0]
 [ 0  0  0  5  5  0]
 [ 0  0  0  0  0 10]]
0.633
n_feature=5, score=0.85
[1, 1, 1, 1, 1, 0, 0, 0, 0, 0, 0, 0, 0]
[[ 5  1  0  3  0  1]
 [ 0 10  0  0  0  0]
 [ 0  1  9  0  0  0]
 [ 0  1  0  9  0  0]
 [ 1  0  0  0  8  1]
 [ 0  0  0  0  0 10]]
0.85
n_feature=7, score=0.933
[1, 1, 0, 1, 1, 0, 1, 0, 1, 1, 0, 0, 0]
[[ 7  0  0  0  3  0]
 [ 0 10  0  0  0  0]
 [ 0  0 10  0  0  0]
 [ 1  0  0  9  0  0]
 [ 0  0  0  0 10  0]
 [ 0  0  0  0  0 10]]
0.933
n_feature=6, score=0.917
[0, 1, 0, 1, 1, 0, 1, 0, 1, 0, 1, 0, 0]
[[ 5  0  2  0  3  0]
 [ 0 10  0  0  0  0]
 [ 0  0 10  0  0  0]
 [ 0  0  0 10  0  0]
 [ 0  0  0  0 10  0]
 [ 0  0  0  0  0 10]]
0.917
n_feature=10, score=0.783
[1, 0, 1, 1, 1, 1, 0, 1, 1, 1, 1, 1, 0]
[[ 3  0  1  3  3  0]
 [ 0 10  0  0  0  0]
 [ 4  0  6  0  0  0]
 [ 0  0  0  9  0  1]
 [ 0  0  0  1  9  0]
 [ 0  0  0  0  0 10]]
0.783
n_feature=8, score=0.85
[1, 0, 1, 1, 1, 0, 1, 0, 1, 1, 0, 1, 0]
[[ 3  0  0  3  4  0]
 [ 0 10  0  0  0  0]
 [ 0  0 10  0  0  0]
 [ 1  0  0  9  0  0]
 [ 0  0  0  1  9  0]
 [ 0  0  0  0  0 10]]
0.85
n_feature=7, score=0.817
[1, 0, 1, 0, 1, 0, 1, 0, 1, 1, 1, 0, 0]
[[ 4  0  2  1  3  0]
 [ 0 10  0  0  0  0]
 [ 3  0  7  0  0  0]
 [ 0  0  0  9  0  1]
 [ 0  0  0  1  9  0]
 [ 0  0  0  0  0 10]]
0.817
n_feature=7, score=0.867
[0, 1, 1, 1, 0, 1, 0, 0, 0, 1, 1, 0, 1]
[[ 4  0  0  3  2  1]
 [ 0 10  0  0  0  0]
 [ 0  1  9  0  0  0]
 [ 0  1  0  9  0  0]
 [ 0  0  0  0 10  0]
 [ 0  0  0  0  0 10]]
0.867
n_feature=5, score=0.867
[1, 1, 0, 1, 0, 0, 1, 1, 0, 0, 0, 0, 0]
[[ 4  0  1  0  3  2]
 [ 0 10  0  0  0  0]
 [ 0  0 10  0  0  0]
 [ 1  1  0  8  0  0]
 [ 0  0  0  0 10  0]
 [ 0  0  0  0  0 10]]
0.867
n_feature=8, score=0.85
[0, 1, 1, 0, 1, 0, 1, 1, 1, 1, 1, 0, 0]
[[ 5  0  3  0  2  0]
 [ 0 10  0  0  0  0]
 [ 3  0  7  0  0  0]
 [ 1  0  0  9  0  0]
 [ 0  0  0  0 10  0]
 [ 0  0  0  0  0 10]]
0.85
n_feature=7, score=0.783
[1, 0, 1, 1, 0, 1, 0, 0, 0, 1, 1, 0, 1]
[[ 6  0  1  2  0  1]
 [ 0 10  0  0  0  0]
 [ 0  5  5  0  0  0]
 [ 1  0  0  8  0  1]
 [ 0  0  0  2  8  0]
 [ 0  0  0  0  0 10]]
0.783
n_feature=8, score=0.85
[1, 0, 1, 1, 1, 0, 1, 0, 1, 1, 0, 1, 0]
[[ 3  0  0  3  4  0]
 [ 0 10  0  0  0  0]
 [ 0  0 10  0  0  0]
 [ 1  0  0  9  0  0]
 [ 0  0  0  1  9  0]
 [ 0  0  0  0  0 10]]
0.85
n_feature=8, score=0.85
[1, 0, 1, 1, 1, 0, 1, 0, 1, 1, 0, 1, 0]
[[ 3  0  0  3  4  0]
 [ 0 10  0  0  0  0]
 [ 0  0 10  0  0  0]
 [ 1  0  0  9  0  0]
 [ 0  0  0  1  9  0]
 [ 0  0  0  0  0 10]]
0.85
n_feature=9, score=0.917
[1, 1, 1, 1, 1, 0, 1, 0, 1, 1, 0, 1, 0]
[[ 6  0  0  1  3  0]
 [ 0 10  0  0  0  0]
 [ 0  0 10  0  0  0]
 [ 1  0  0  9  0  0]
 [ 0  0  0  0 10  0]
 [ 0  0  0  0  0 10]]
0.917
n_feature=7, score=0.867
[1, 0, 1, 1, 1, 0, 1, 0, 1, 1, 0, 0, 0]
[[ 4  0  0  2  4  0]
 [ 0 10  0  0  0  0]
 [ 0  0 10  0  0  0]
 [ 1  0  0  9  0  0]
 [ 0  0  0  1  9  0]
 [ 0  0  0  0  0 10]]
0.867
n_feature=8, score=0.933
[1, 1, 1, 1, 1, 0, 1, 0, 1, 1, 0, 0, 0]
[[ 7  0  0  0  3  0]
 [ 0 10  0  0  0  0]
 [ 0  0 10  0  0  0]
 [ 1  0  0  9  0  0]
 [ 0  0  0  0 10  0]
 [ 0  0  0  0  0 10]]
0.933
n_feature=8, score=0.933
[1, 1, 1, 1, 1, 0, 1, 0, 1, 1, 0, 0, 0]
[[ 7  0  0  0  3  0]
 [ 0 10  0  0  0  0]
 [ 0  0 10  0  0  0]
 [ 1  0  0  9  0  0]
 [ 0  0  0  0 10  0]
 [ 0  0  0  0  0 10]]
0.933
n_feature=7, score=0.933
[1, 1, 0, 1, 1, 0, 1, 0, 1, 1, 0, 0, 0]
[[ 7  0  0  0  3  0]
 [ 0 10  0  0  0  0]
 [ 0  0 10  0  0  0]
 [ 1  0  0  9  0  0]
 [ 0  0  0  0 10  0]
 [ 0  0  0  0  0 10]]
0.933
n_feature=6, score=0.933
[0, 1, 0, 1, 0, 0, 1, 1, 1, 1, 0, 0, 0]
[[ 7  0  0  0  3  0]
 [ 0 10  0  0  0  0]
 [ 0  0 10  0  0  0]
 [ 1  0  0  9  0  0]
 [ 0  0  0  0 10  0]
 [ 0  0  0  0  0 10]]
0.933
n_feature=8, score=0.933
[1, 1, 0, 1, 1, 1, 1, 0, 1, 1, 0, 0, 0]
[[ 7  0  0  0  3  0]
 [ 0 10  0  0  0  0]
 [ 0  0 10  0  0  0]
 [ 1  0  0  9  0  0]
 [ 0  0  0  0 10  0]
 [ 0  0  0  0  0 10]]
0.933
n_feature=5, score=0.867
[1, 1, 0, 1, 0, 0, 1, 1, 0, 0, 0, 0, 0]
[[ 4  0  1  0  3  2]
 [ 0 10  0  0  0  0]
 [ 0  0 10  0  0  0]
 [ 1  1  0  8  0  0]
 [ 0  0  0  0 10  0]
 [ 0  0  0  0  0 10]]
0.867
n_feature=8, score=0.933
[1, 1, 1, 1, 1, 0, 1, 0, 1, 1, 0, 0, 0]
[[ 7  0  0  0  3  0]
 [ 0 10  0  0  0  0]
 [ 0  0 10  0  0  0]
 [ 1  0  0  9  0  0]
 [ 0  0  0  0 10  0]
 [ 0  0  0  0  0 10]]
0.933
n_feature=7, score=0.933
[1, 1, 0, 1, 1, 0, 1, 0, 1, 1, 0, 0, 0]
[[ 7  0  0  0  3  0]
 [ 0 10  0  0  0  0]
 [ 0  0 10  0  0  0]
 [ 1  0  0  9  0  0]
 [ 0  0  0  0 10  0]
 [ 0  0  0  0  0 10]]
0.933
n_feature=8, score=0.933
[1, 1, 1, 1, 1, 0, 1, 0, 1, 1, 0, 0, 0]
[[ 7  0  0  0  3  0]
 [ 0 10  0  0  0  0]
 [ 0  0 10  0  0  0]
 [ 1  0  0  9  0  0]
 [ 0  0  0  0 10  0]
 [ 0  0  0  0  0 10]]
0.933
n_feature=8, score=0.933
[1, 1, 1, 1, 1, 0, 1, 0, 1, 1, 0, 0, 0]
[[ 7  0  0  0  3  0]
 [ 0 10  0  0  0  0]
 [ 0  0 10  0  0  0]
 [ 1  0  0  9  0  0]
 [ 0  0  0  0 10  0]
 [ 0  0  0  0  0 10]]
0.933
n_feature=8, score=0.933
[1, 1, 0, 1, 1, 1, 1, 0, 1, 1, 0, 0, 0]
[[ 7  0  0  0  3  0]
 [ 0 10  0  0  0  0]
 [ 0  0 10  0  0  0]
 [ 1  0  0  9  0  0]
 [ 0  0  0  0 10  0]
 [ 0  0  0  0  0 10]]
0.933
n_feature=8, score=0.933
[1, 1, 1, 1, 1, 0, 1, 0, 1, 1, 0, 0, 0]
[[ 7  0  0  0  3  0]
 [ 0 10  0  0  0  0]
 [ 0  0 10  0  0  0]
 [ 1  0  0  9  0  0]
 [ 0  0  0  0 10  0]
 [ 0  0  0  0  0 10]]
0.933
n_feature=7, score=0.933
[0, 1, 0, 1, 0, 1, 1, 1, 1, 1, 0, 0, 0]
[[ 7  0  0  0  3  0]
 [ 0 10  0  0  0  0]
 [ 0  0 10  0  0  0]
 [ 1  0  0  9  0  0]
 [ 0  0  0  0 10  0]
 [ 0  0  0  0  0 10]]
0.933
n_feature=8, score=0.933
[1, 1, 0, 0, 0, 0, 1, 1, 1, 1, 1, 0, 1]
[[ 7  0  2  0  1  0]
 [ 0 10  0  0  0  0]
 [ 0  0 10  0  0  0]
 [ 1  0  0  9  0  0]
 [ 0  0  0  0 10  0]
 [ 0  0  0  0  0 10]]
0.933
n_feature=6, score=0.917
[0, 1, 0, 1, 0, 0, 1, 1, 0, 1, 0, 0, 1]
[[ 7  0  0  1  2  0]
 [ 0 10  0  0  0  0]
 [ 0  0  9  0  0  1]
 [ 1  0  0  9  0  0]
 [ 0  0  0  0 10  0]
 [ 0  0  0  0  0 10]]
0.917
n_feature=6, score=0.933
[0, 1, 0, 1, 0, 0, 1, 1, 1, 1, 0, 0, 0]
[[ 7  0  0  0  3  0]
 [ 0 10  0  0  0  0]
 [ 0  0 10  0  0  0]
 [ 1  0  0  9  0  0]
 [ 0  0  0  0 10  0]
 [ 0  0  0  0  0 10]]
0.933
n_feature=6, score=0.917
[0, 1, 0, 1, 1, 0, 1, 0, 1, 0, 1, 0, 0]
[[ 5  0  2  0  3  0]
 [ 0 10  0  0  0  0]
 [ 0  0 10  0  0  0]
 [ 0  0  0 10  0  0]
 [ 0  0  0  0 10  0]
 [ 0  0  0  0  0 10]]
0.917
n_feature=7, score=0.933
[1, 1, 0, 1, 1, 0, 1, 0, 1, 1, 0, 0, 0]
[[ 7  0  0  0  3  0]
 [ 0 10  0  0  0  0]
 [ 0  0 10  0  0  0]
 [ 1  0  0  9  0  0]
 [ 0  0  0  0 10  0]
 [ 0  0  0  0  0 10]]
0.933
n_feature=8, score=0.933
[1, 1, 1, 1, 1, 0, 1, 0, 1, 1, 0, 0, 0]
[[ 7  0  0  0  3  0]
 [ 0 10  0  0  0  0]
 [ 0  0 10  0  0  0]
 [ 1  0  0  9  0  0]
 [ 0  0  0  0 10  0]
 [ 0  0  0  0  0 10]]
0.933
n_feature=6, score=0.933
[0, 1, 0, 1, 0, 0, 1, 1, 1, 1, 0, 0, 0]
[[ 7  0  0  0  3  0]
 [ 0 10  0  0  0  0]
 [ 0  0 10  0  0  0]
 [ 1  0  0  9  0  0]
 [ 0  0  0  0 10  0]
 [ 0  0  0  0  0 10]]
0.933
n_feature=6, score=0.917
[0, 1, 0, 1, 1, 0, 1, 0, 1, 0, 1, 0, 0]
[[ 5  0  2  0  3  0]
 [ 0 10  0  0  0  0]
 [ 0  0 10  0  0  0]
 [ 0  0  0 10  0  0]
 [ 0  0  0  0 10  0]
 [ 0  0  0  0  0 10]]
0.917
n_feature=6, score=0.933
[0, 1, 0, 1, 0, 0, 1, 1, 1, 1, 0, 0, 0]
[[ 7  0  0  0  3  0]
 [ 0 10  0  0  0  0]
 [ 0  0 10  0  0  0]
 [ 1  0  0  9  0  0]
 [ 0  0  0  0 10  0]
 [ 0  0  0  0  0 10]]
0.933
n_feature=6, score=0.933
[0, 1, 0, 1, 0, 0, 1, 1, 1, 1, 0, 0, 0]
[[ 7  0  0  0  3  0]
 [ 0 10  0  0  0  0]
 [ 0  0 10  0  0  0]
 [ 1  0  0  9  0  0]
 [ 0  0  0  0 10  0]
 [ 0  0  0  0  0 10]]
0.933
n_feature=7, score=0.933
[0, 1, 0, 1, 0, 1, 1, 1, 1, 1, 0, 0, 0]
[[ 7  0  0  0  3  0]
 [ 0 10  0  0  0  0]
 [ 0  0 10  0  0  0]
 [ 1  0  0  9  0  0]
 [ 0  0  0  0 10  0]
 [ 0  0  0  0  0 10]]
0.933
n_feature=6, score=0.933
[0, 1, 0, 1, 0, 0, 1, 1, 1, 1, 0, 0, 0]
[[ 7  0  0  0  3  0]
 [ 0 10  0  0  0  0]
 [ 0  0 10  0  0  0]
 [ 1  0  0  9  0  0]
 [ 0  0  0  0 10  0]
 [ 0  0  0  0  0 10]]
0.933
n_feature=7, score=0.933
[1, 1, 0, 1, 1, 0, 1, 0, 1, 1, 0, 0, 0]
[[ 7  0  0  0  3  0]
 [ 0 10  0  0  0  0]
 [ 0  0 10  0  0  0]
 [ 1  0  0  9  0  0]
 [ 0  0  0  0 10  0]
 [ 0  0  0  0  0 10]]
0.933
n_feature=6, score=0.933
[0, 1, 0, 1, 0, 0, 1, 1, 1, 1, 0, 0, 0]
[[ 7  0  0  0  3  0]
 [ 0 10  0  0  0  0]
 [ 0  0 10  0  0  0]
 [ 1  0  0  9  0  0]
 [ 0  0  0  0 10  0]
 [ 0  0  0  0  0 10]]
0.933
n_feature=6, score=0.933
[0, 1, 0, 1, 0, 0, 1, 1, 1, 1, 0, 0, 0]
[[ 7  0  0  0  3  0]
 [ 0 10  0  0  0  0]
 [ 0  0 10  0  0  0]
 [ 1  0  0  9  0  0]
 [ 0  0  0  0 10  0]
 [ 0  0  0  0  0 10]]
0.933
n_feature=6, score=0.933
[0, 1, 0, 1, 0, 0, 1, 1, 1, 1, 0, 0, 0]
[[ 7  0  0  0  3  0]
 [ 0 10  0  0  0  0]
 [ 0  0 10  0  0  0]
 [ 1  0  0  9  0  0]
 [ 0  0  0  0 10  0]
 [ 0  0  0  0  0 10]]
0.933
n_feature=6, score=0.933
[0, 1, 0, 1, 0, 0, 1, 1, 1, 1, 0, 0, 0]
[[ 7  0  0  0  3  0]
 [ 0 10  0  0  0  0]
 [ 0  0 10  0  0  0]
 [ 1  0  0  9  0  0]
 [ 0  0  0  0 10  0]
 [ 0  0  0  0  0 10]]
0.933
n_feature=6, score=0.933
[0, 1, 0, 1, 0, 0, 1, 1, 1, 1, 0, 0, 0]
[[ 7  0  0  0  3  0]
 [ 0 10  0  0  0  0]
 [ 0  0 10  0  0  0]
 [ 1  0  0  9  0  0]
 [ 0  0  0  0 10  0]
 [ 0  0  0  0  0 10]]
0.933
n_feature=6, score=0.933
[0, 1, 0, 1, 0, 0, 1, 1, 1, 1, 0, 0, 0]
[[ 7  0  0  0  3  0]
 [ 0 10  0  0  0  0]
 [ 0  0 10  0  0  0]
 [ 1  0  0  9  0  0]
 [ 0  0  0  0 10  0]
 [ 0  0  0  0  0 10]]
0.933
n_feature=6, score=0.933
[0, 1, 0, 1, 0, 0, 1, 1, 1, 1, 0, 0, 0]
[[ 7  0  0  0  3  0]
 [ 0 10  0  0  0  0]
 [ 0  0 10  0  0  0]
 [ 1  0  0  9  0  0]
 [ 0  0  0  0 10  0]
 [ 0  0  0  0  0 10]]
0.933
n_feature=6, score=0.933
[0, 1, 0, 1, 0, 0, 1, 1, 1, 1, 0, 0, 0]
[[ 7  0  0  0  3  0]
 [ 0 10  0  0  0  0]
 [ 0  0 10  0  0  0]
 [ 1  0  0  9  0  0]
 [ 0  0  0  0 10  0]
 [ 0  0  0  0  0 10]]
0.933
n_feature=6, score=0.933
[0, 1, 0, 1, 0, 0, 1, 1, 1, 1, 0, 0, 0]
[[ 7  0  0  0  3  0]
 [ 0 10  0  0  0  0]
 [ 0  0 10  0  0  0]
 [ 1  0  0  9  0  0]
 [ 0  0  0  0 10  0]
 [ 0  0  0  0  0 10]]
0.933
n_feature=6, score=0.933
[0, 1, 0, 1, 0, 0, 1, 1, 1, 1, 0, 0, 0]
[[ 7  0  0  0  3  0]
 [ 0 10  0  0  0  0]
 [ 0  0 10  0  0  0]
 [ 1  0  0  9  0  0]
 [ 0  0  0  0 10  0]
 [ 0  0  0  0  0 10]]
0.933
n_feature=6, score=0.933
[0, 1, 0, 1, 0, 0, 1, 1, 1, 1, 0, 0, 0]
[[ 7  0  0  0  3  0]
 [ 0 10  0  0  0  0]
 [ 0  0 10  0  0  0]
 [ 1  0  0  9  0  0]
 [ 0  0  0  0 10  0]
 [ 0  0  0  0  0 10]]
0.933
n_feature=6, score=0.933
[0, 1, 0, 1, 0, 0, 1, 1, 1, 1, 0, 0, 0]
[[ 7  0  0  0  3  0]
 [ 0 10  0  0  0  0]
 [ 0  0 10  0  0  0]
 [ 1  0  0  9  0  0]
 [ 0  0  0  0 10  0]
 [ 0  0  0  0  0 10]]
0.933
n_feature=6, score=0.933
[0, 1, 0, 1, 0, 0, 1, 1, 1, 1, 0, 0, 0]
[[ 7  0  0  0  3  0]
 [ 0 10  0  0  0  0]
 [ 0  0 10  0  0  0]
 [ 1  0  0  9  0  0]
 [ 0  0  0  0 10  0]
 [ 0  0  0  0  0 10]]
0.933
n_feature=6, score=0.933
[0, 1, 0, 1, 0, 0, 1, 1, 1, 1, 0, 0, 0]
[[ 7  0  0  0  3  0]
 [ 0 10  0  0  0  0]
 [ 0  0 10  0  0  0]
 [ 1  0  0  9  0  0]
 [ 0  0  0  0 10  0]
 [ 0  0  0  0  0 10]]
0.933
n_feature=6, score=0.933
[0, 1, 0, 1, 0, 0, 1, 1, 1, 1, 0, 0, 0]
[[ 7  0  0  0  3  0]
 [ 0 10  0  0  0  0]
 [ 0  0 10  0  0  0]
 [ 1  0  0  9  0  0]
 [ 0  0  0  0 10  0]
 [ 0  0  0  0  0 10]]
0.933
n_feature=6, score=0.933
[0, 1, 0, 1, 0, 0, 1, 1, 1, 1, 0, 0, 0]
[[ 7  0  0  0  3  0]
 [ 0 10  0  0  0  0]
 [ 0  0 10  0  0  0]
 [ 1  0  0  9  0  0]
 [ 0  0  0  0 10  0]
 [ 0  0  0  0  0 10]]
0.933
n_feature=6, score=0.933
[0, 1, 0, 1, 0, 0, 1, 1, 1, 1, 0, 0, 0]
[[ 7  0  0  0  3  0]
 [ 0 10  0  0  0  0]
 [ 0  0 10  0  0  0]
 [ 1  0  0  9  0  0]
 [ 0  0  0  0 10  0]
 [ 0  0  0  0  0 10]]
0.933
n_feature=6, score=0.933
[0, 1, 0, 1, 0, 0, 1, 1, 1, 1, 0, 0, 0]
[[ 7  0  0  0  3  0]
 [ 0 10  0  0  0  0]
 [ 0  0 10  0  0  0]
 [ 1  0  0  9  0  0]
 [ 0  0  0  0 10  0]
 [ 0  0  0  0  0 10]]
0.933
n_feature=7, score=0.933
[1, 1, 0, 1, 0, 0, 1, 1, 1, 1, 0, 0, 0]
[[ 7  0  0  0  3  0]
 [ 0 10  0  0  0  0]
 [ 0  0 10  0  0  0]
 [ 1  0  0  9  0  0]
 [ 0  0  0  0 10  0]
 [ 0  0  0  0  0 10]]
0.933
n_feature=6, score=0.933
[0, 1, 0, 1, 0, 0, 1, 1, 1, 1, 0, 0, 0]
[[ 7  0  0  0  3  0]
 [ 0 10  0  0  0  0]
 [ 0  0 10  0  0  0]
 [ 1  0  0  9  0  0]
 [ 0  0  0  0 10  0]
 [ 0  0  0  0  0 10]]
0.933
n_feature=6, score=0.933
[0, 1, 0, 1, 0, 0, 1, 1, 1, 1, 0, 0, 0]
[[ 7  0  0  0  3  0]
 [ 0 10  0  0  0  0]
 [ 0  0 10  0  0  0]
 [ 1  0  0  9  0  0]
 [ 0  0  0  0 10  0]
 [ 0  0  0  0  0 10]]
0.933
n_feature=6, score=0.933
[0, 1, 0, 1, 0, 0, 1, 1, 1, 1, 0, 0, 0]
[[ 7  0  0  0  3  0]
 [ 0 10  0  0  0  0]
 [ 0  0 10  0  0  0]
 [ 1  0  0  9  0  0]
 [ 0  0  0  0 10  0]
 [ 0  0  0  0  0 10]]
0.933
n_feature=6, score=0.933
[0, 1, 0, 1, 0, 0, 1, 1, 1, 1, 0, 0, 0]
[[ 7  0  0  0  3  0]
 [ 0 10  0  0  0  0]
 [ 0  0 10  0  0  0]
 [ 1  0  0  9  0  0]
 [ 0  0  0  0 10  0]
 [ 0  0  0  0  0 10]]
0.933
n_feature=6, score=0.933
[0, 1, 0, 1, 0, 0, 1, 1, 1, 1, 0, 0, 0]
[[ 7  0  0  0  3  0]
 [ 0 10  0  0  0  0]
 [ 0  0 10  0  0  0]
 [ 1  0  0  9  0  0]
 [ 0  0  0  0 10  0]
 [ 0  0  0  0  0 10]]
0.933
n_feature=6, score=0.933
[0, 1, 0, 1, 0, 0, 1, 1, 1, 1, 0, 0, 0]
[[ 7  0  0  0  3  0]
 [ 0 10  0  0  0  0]
 [ 0  0 10  0  0  0]
 [ 1  0  0  9  0  0]
 [ 0  0  0  0 10  0]
 [ 0  0  0  0  0 10]]
0.933
n_feature=6, score=0.933
[0, 1, 0, 1, 0, 0, 1, 1, 1, 1, 0, 0, 0]
[[ 7  0  0  0  3  0]
 [ 0 10  0  0  0  0]
 [ 0  0 10  0  0  0]
 [ 1  0  0  9  0  0]
 [ 0  0  0  0 10  0]
 [ 0  0  0  0  0 10]]
0.933
n_feature=6, score=0.933
[0, 1, 0, 1, 0, 0, 1, 1, 1, 1, 0, 0, 0]
[[ 7  0  0  0  3  0]
 [ 0 10  0  0  0  0]
 [ 0  0 10  0  0  0]
 [ 1  0  0  9  0  0]
 [ 0  0  0  0 10  0]
 [ 0  0  0  0  0 10]]
0.933
n_feature=6, score=0.933
[0, 1, 0, 1, 0, 0, 1, 1, 1, 1, 0, 0, 0]
[[ 7  0  0  0  3  0]
 [ 0 10  0  0  0  0]
 [ 0  0 10  0  0  0]
 [ 1  0  0  9  0  0]
 [ 0  0  0  0 10  0]
 [ 0  0  0  0  0 10]]
0.933
n_feature=6, score=0.933
[0, 1, 0, 1, 0, 0, 1, 1, 1, 1, 0, 0, 0]
[[ 7  0  0  0  3  0]
 [ 0 10  0  0  0  0]
 [ 0  0 10  0  0  0]
 [ 1  0  0  9  0  0]
 [ 0  0  0  0 10  0]
 [ 0  0  0  0  0 10]]
0.933
n_feature=6, score=0.933
[0, 1, 0, 1, 0, 0, 1, 1, 1, 1, 0, 0, 0]
[[ 7  0  0  0  3  0]
 [ 0 10  0  0  0  0]
 [ 0  0 10  0  0  0]
 [ 1  0  0  9  0  0]
 [ 0  0  0  0 10  0]
 [ 0  0  0  0  0 10]]
0.933
n_feature=5, score=0.85
[0, 1, 0, 1, 0, 0, 1, 1, 1, 0, 0, 0, 0]
[[ 3  0  1  0  4  2]
 [ 0 10  0  0  0  0]
 [ 0  0 10  0  0  0]
 [ 1  1  0  8  0  0]
 [ 0  0  0  0 10  0]
 [ 0  0  0  0  0 10]]
0.85
n_feature=6, score=0.933
[0, 1, 0, 1, 0, 0, 1, 1, 1, 1, 0, 0, 0]
[[ 7  0  0  0  3  0]
 [ 0 10  0  0  0  0]
 [ 0  0 10  0  0  0]
 [ 1  0  0  9  0  0]
 [ 0  0  0  0 10  0]
 [ 0  0  0  0  0 10]]
0.933
n_feature=6, score=0.933
[0, 1, 0, 1, 0, 0, 1, 1, 1, 1, 0, 0, 0]
[[ 7  0  0  0  3  0]
 [ 0 10  0  0  0  0]
 [ 0  0 10  0  0  0]
 [ 1  0  0  9  0  0]
 [ 0  0  0  0 10  0]
 [ 0  0  0  0  0 10]]
0.933
n_feature=6, score=0.933
[0, 1, 0, 1, 0, 0, 1, 1, 1, 1, 0, 0, 0]
[[ 7  0  0  0  3  0]
 [ 0 10  0  0  0  0]
 [ 0  0 10  0  0  0]
 [ 1  0  0  9  0  0]
 [ 0  0  0  0 10  0]
 [ 0  0  0  0  0 10]]
0.933
n_feature=6, score=0.933
[0, 1, 0, 1, 0, 0, 1, 1, 1, 1, 0, 0, 0]
[[ 7  0  0  0  3  0]
 [ 0 10  0  0  0  0]
 [ 0  0 10  0  0  0]
 [ 1  0  0  9  0  0]
 [ 0  0  0  0 10  0]
 [ 0  0  0  0  0 10]]
0.933
n_feature=6, score=0.933
[0, 1, 0, 1, 0, 0, 1, 1, 1, 1, 0, 0, 0]
[[ 7  0  0  0  3  0]
 [ 0 10  0  0  0  0]
 [ 0  0 10  0  0  0]
 [ 1  0  0  9  0  0]
 [ 0  0  0  0 10  0]
 [ 0  0  0  0  0 10]]
0.933
n_feature=6, score=0.867
[0, 0, 1, 1, 0, 0, 1, 1, 1, 1, 0, 0, 0]
[[ 7  0  0  0  3  0]
 [ 0 10  0  0  0  0]
 [ 0  0 10  0  0  0]
 [ 1  0  0  5  4  0]
 [ 0  0  0  0 10  0]
 [ 0  0  0  0  0 10]]
0.867
n_feature=6, score=0.933
[0, 1, 0, 1, 0, 0, 1, 1, 1, 1, 0, 0, 0]
[[ 7  0  0  0  3  0]
 [ 0 10  0  0  0  0]
 [ 0  0 10  0  0  0]
 [ 1  0  0  9  0  0]
 [ 0  0  0  0 10  0]
 [ 0  0  0  0  0 10]]
0.933
n_feature=6, score=0.933
[0, 1, 0, 1, 0, 0, 1, 1, 1, 1, 0, 0, 0]
[[ 7  0  0  0  3  0]
 [ 0 10  0  0  0  0]
 [ 0  0 10  0  0  0]
 [ 1  0  0  9  0  0]
 [ 0  0  0  0 10  0]
 [ 0  0  0  0  0 10]]
0.933
n_feature=6, score=0.933
[0, 1, 0, 1, 0, 0, 1, 1, 1, 1, 0, 0, 0]
[[ 7  0  0  0  3  0]
 [ 0 10  0  0  0  0]
 [ 0  0 10  0  0  0]
 [ 1  0  0  9  0  0]
 [ 0  0  0  0 10  0]
 [ 0  0  0  0  0 10]]
0.933
n_feature=6, score=0.933
[0, 1, 0, 1, 0, 0, 1, 1, 1, 1, 0, 0, 0]
[[ 7  0  0  0  3  0]
 [ 0 10  0  0  0  0]
 [ 0  0 10  0  0  0]
 [ 1  0  0  9  0  0]
 [ 0  0  0  0 10  0]
 [ 0  0  0  0  0 10]]
0.933
n_feature=6, score=0.933
[0, 1, 0, 1, 0, 0, 1, 1, 1, 1, 0, 0, 0]
[[ 7  0  0  0  3  0]
 [ 0 10  0  0  0  0]
 [ 0  0 10  0  0  0]
 [ 1  0  0  9  0  0]
 [ 0  0  0  0 10  0]
 [ 0  0  0  0  0 10]]
0.933
n_feature=6, score=0.933
[0, 1, 0, 1, 0, 0, 1, 1, 1, 1, 0, 0, 0]
[[ 7  0  0  0  3  0]
 [ 0 10  0  0  0  0]
 [ 0  0 10  0  0  0]
 [ 1  0  0  9  0  0]
 [ 0  0  0  0 10  0]
 [ 0  0  0  0  0 10]]
0.933
n_feature=6, score=0.933
[0, 1, 0, 1, 0, 0, 1, 1, 1, 1, 0, 0, 0]
[[ 7  0  0  0  3  0]
 [ 0 10  0  0  0  0]
 [ 0  0 10  0  0  0]
 [ 1  0  0  9  0  0]
 [ 0  0  0  0 10  0]
 [ 0  0  0  0  0 10]]
0.933
n_feature=7, score=0.933
[0, 1, 1, 1, 0, 0, 1, 1, 1, 1, 0, 0, 0]
[[ 7  0  0  0  3  0]
 [ 0 10  0  0  0  0]
 [ 0  0 10  0  0  0]
 [ 1  0  0  9  0  0]
 [ 0  0  0  0 10  0]
 [ 0  0  0  0  0 10]]
0.933
n_feature=6, score=0.933
[0, 1, 1, 1, 0, 0, 1, 0, 1, 1, 0, 0, 0]
[[ 7  0  0  0  3  0]
 [ 0 10  0  0  0  0]
 [ 0  0 10  0  0  0]
 [ 1  0  0  9  0  0]
 [ 0  0  0  0 10  0]
 [ 0  0  0  0  0 10]]
0.933
n_feature=6, score=0.933
[0, 1, 0, 1, 0, 0, 1, 1, 1, 1, 0, 0, 0]
[[ 7  0  0  0  3  0]
 [ 0 10  0  0  0  0]
 [ 0  0 10  0  0  0]
 [ 1  0  0  9  0  0]
 [ 0  0  0  0 10  0]
 [ 0  0  0  0  0 10]]
0.933
n_feature=6, score=0.933
[0, 1, 0, 1, 0, 0, 1, 1, 1, 1, 0, 0, 0]
[[ 7  0  0  0  3  0]
 [ 0 10  0  0  0  0]
 [ 0  0 10  0  0  0]
 [ 1  0  0  9  0  0]
 [ 0  0  0  0 10  0]
 [ 0  0  0  0  0 10]]
0.933
n_feature=6, score=0.933
[0, 1, 0, 1, 0, 0, 1, 1, 1, 1, 0, 0, 0]
[[ 7  0  0  0  3  0]
 [ 0 10  0  0  0  0]
 [ 0  0 10  0  0  0]
 [ 1  0  0  9  0  0]
 [ 0  0  0  0 10  0]
 [ 0  0  0  0  0 10]]
0.933
n_feature=6, score=0.933
[0, 1, 0, 1, 0, 0, 1, 1, 1, 1, 0, 0, 0]
[[ 7  0  0  0  3  0]
 [ 0 10  0  0  0  0]
 [ 0  0 10  0  0  0]
 [ 1  0  0  9  0  0]
 [ 0  0  0  0 10  0]
 [ 0  0  0  0  0 10]]
0.933
n_feature=6, score=0.933
[0, 1, 0, 1, 0, 0, 1, 1, 1, 1, 0, 0, 0]
[[ 7  0  0  0  3  0]
 [ 0 10  0  0  0  0]
 [ 0  0 10  0  0  0]
 [ 1  0  0  9  0  0]
 [ 0  0  0  0 10  0]
 [ 0  0  0  0  0 10]]
0.933
n_feature=6, score=0.933
[0, 1, 0, 1, 0, 0, 1, 1, 1, 1, 0, 0, 0]
[[ 7  0  0  0  3  0]
 [ 0 10  0  0  0  0]
 [ 0  0 10  0  0  0]
 [ 1  0  0  9  0  0]
 [ 0  0  0  0 10  0]
 [ 0  0  0  0  0 10]]
0.933
n_feature=6, score=0.933
[0, 1, 0, 1, 0, 0, 1, 1, 1, 1, 0, 0, 0]
[[ 7  0  0  0  3  0]
 [ 0 10  0  0  0  0]
 [ 0  0 10  0  0  0]
 [ 1  0  0  9  0  0]
 [ 0  0  0  0 10  0]
 [ 0  0  0  0  0 10]]
0.933
n_feature=6, score=0.933
[0, 1, 0, 1, 0, 0, 1, 1, 1, 1, 0, 0, 0]
[[ 7  0  0  0  3  0]
 [ 0 10  0  0  0  0]
 [ 0  0 10  0  0  0]
 [ 1  0  0  9  0  0]
 [ 0  0  0  0 10  0]
 [ 0  0  0  0  0 10]]
0.933
n_feature=6, score=0.933
[0, 1, 0, 1, 0, 0, 1, 1, 1, 1, 0, 0, 0]
[[ 7  0  0  0  3  0]
 [ 0 10  0  0  0  0]
 [ 0  0 10  0  0  0]
 [ 1  0  0  9  0  0]
 [ 0  0  0  0 10  0]
 [ 0  0  0  0  0 10]]
0.933
n_feature=6, score=0.933
[0, 1, 0, 1, 0, 0, 1, 1, 1, 1, 0, 0, 0]
[[ 7  0  0  0  3  0]
 [ 0 10  0  0  0  0]
 [ 0  0 10  0  0  0]
 [ 1  0  0  9  0  0]
 [ 0  0  0  0 10  0]
 [ 0  0  0  0  0 10]]
0.933
n_feature=6, score=0.933
[0, 1, 0, 1, 0, 0, 1, 1, 1, 1, 0, 0, 0]
[[ 7  0  0  0  3  0]
 [ 0 10  0  0  0  0]
 [ 0  0 10  0  0  0]
 [ 1  0  0  9  0  0]
 [ 0  0  0  0 10  0]
 [ 0  0  0  0  0 10]]
0.933
n_feature=6, score=0.933
[0, 1, 0, 1, 0, 0, 1, 1, 1, 1, 0, 0, 0]
[[ 7  0  0  0  3  0]
 [ 0 10  0  0  0  0]
 [ 0  0 10  0  0  0]
 [ 1  0  0  9  0  0]
 [ 0  0  0  0 10  0]
 [ 0  0  0  0  0 10]]
0.933
n_feature=6, score=0.933
[0, 1, 0, 1, 0, 0, 1, 1, 1, 1, 0, 0, 0]
[[ 7  0  0  0  3  0]
 [ 0 10  0  0  0  0]
 [ 0  0 10  0  0  0]
 [ 1  0  0  9  0  0]
 [ 0  0  0  0 10  0]
 [ 0  0  0  0  0 10]]
0.933
n_feature=6, score=0.933
[0, 1, 0, 1, 0, 0, 1, 1, 1, 1, 0, 0, 0]
[[ 7  0  0  0  3  0]
 [ 0 10  0  0  0  0]
 [ 0  0 10  0  0  0]
 [ 1  0  0  9  0  0]
 [ 0  0  0  0 10  0]
 [ 0  0  0  0  0 10]]
0.933
n_feature=6, score=0.933
[0, 1, 0, 1, 0, 0, 1, 1, 1, 1, 0, 0, 0]
[[ 7  0  0  0  3  0]
 [ 0 10  0  0  0  0]
 [ 0  0 10  0  0  0]
 [ 1  0  0  9  0  0]
 [ 0  0  0  0 10  0]
 [ 0  0  0  0  0 10]]
0.933
n_feature=6, score=0.933
[0, 1, 0, 1, 0, 0, 1, 1, 1, 1, 0, 0, 0]
[[ 7  0  0  0  3  0]
 [ 0 10  0  0  0  0]
 [ 0  0 10  0  0  0]
 [ 1  0  0  9  0  0]
 [ 0  0  0  0 10  0]
 [ 0  0  0  0  0 10]]
0.933
n_feature=4, score=0.767
[0, 1, 0, 0, 0, 0, 1, 0, 1, 1, 0, 0, 0]
[[ 7  0  0  0  3  0]
 [ 0 10  0  0  0  0]
 [ 1  0  0  0  0  9]
 [ 1  0  0  9  0  0]
 [ 0  0  0  0 10  0]
 [ 0  0  0  0  0 10]]
0.767
n_feature=6, score=0.933
[0, 1, 0, 1, 0, 0, 1, 1, 1, 1, 0, 0, 0]
[[ 7  0  0  0  3  0]
 [ 0 10  0  0  0  0]
 [ 0  0 10  0  0  0]
 [ 1  0  0  9  0  0]
 [ 0  0  0  0 10  0]
 [ 0  0  0  0  0 10]]
0.933
n_feature=6, score=0.933
[0, 1, 0, 1, 0, 0, 1, 1, 1, 1, 0, 0, 0]
[[ 7  0  0  0  3  0]
 [ 0 10  0  0  0  0]
 [ 0  0 10  0  0  0]
 [ 1  0  0  9  0  0]
 [ 0  0  0  0 10  0]
 [ 0  0  0  0  0 10]]
0.933
n_feature=6, score=0.933
[0, 1, 0, 1, 0, 0, 1, 1, 1, 1, 0, 0, 0]
[[ 7  0  0  0  3  0]
 [ 0 10  0  0  0  0]
 [ 0  0 10  0  0  0]
 [ 1  0  0  9  0  0]
 [ 0  0  0  0 10  0]
 [ 0  0  0  0  0 10]]
0.933
n_feature=6, score=0.933
[0, 1, 0, 1, 0, 0, 1, 1, 1, 1, 0, 0, 0]
[[ 7  0  0  0  3  0]
 [ 0 10  0  0  0  0]
 [ 0  0 10  0  0  0]
 [ 1  0  0  9  0  0]
 [ 0  0  0  0 10  0]
 [ 0  0  0  0  0 10]]
0.933
n_feature=7, score=0.933
[0, 1, 0, 1, 0, 0, 1, 1, 1, 1, 0, 1, 0]
[[ 7  0  0  0  3  0]
 [ 0 10  0  0  0  0]
 [ 0  0 10  0  0  0]
 [ 1  0  0  9  0  0]
 [ 0  0  0  0 10  0]
 [ 0  0  0  0  0 10]]
0.933
n_feature=6, score=0.933
[0, 1, 0, 1, 0, 0, 1, 1, 1, 1, 0, 0, 0]
[[ 7  0  0  0  3  0]
 [ 0 10  0  0  0  0]
 [ 0  0 10  0  0  0]
 [ 1  0  0  9  0  0]
 [ 0  0  0  0 10  0]
 [ 0  0  0  0  0 10]]
0.933
n_feature=6, score=0.933
[0, 1, 0, 1, 0, 0, 1, 1, 1, 1, 0, 0, 0]
[[ 7  0  0  0  3  0]
 [ 0 10  0  0  0  0]
 [ 0  0 10  0  0  0]
 [ 1  0  0  9  0  0]
 [ 0  0  0  0 10  0]
 [ 0  0  0  0  0 10]]
0.933
n_feature=7, score=0.933
[0, 1, 1, 1, 0, 0, 1, 1, 1, 1, 0, 0, 0]
[[ 7  0  0  0  3  0]
 [ 0 10  0  0  0  0]
 [ 0  0 10  0  0  0]
 [ 1  0  0  9  0  0]
 [ 0  0  0  0 10  0]
 [ 0  0  0  0  0 10]]
0.933
n_feature=6, score=0.933
[0, 1, 0, 1, 0, 0, 1, 1, 1, 1, 0, 0, 0]
[[ 7  0  0  0  3  0]
 [ 0 10  0  0  0  0]
 [ 0  0 10  0  0  0]
 [ 1  0  0  9  0  0]
 [ 0  0  0  0 10  0]
 [ 0  0  0  0  0 10]]
0.933
n_feature=6, score=0.933
[0, 1, 0, 1, 0, 0, 1, 1, 1, 1, 0, 0, 0]
[[ 7  0  0  0  3  0]
 [ 0 10  0  0  0  0]
 [ 0  0 10  0  0  0]
 [ 1  0  0  9  0  0]
 [ 0  0  0  0 10  0]
 [ 0  0  0  0  0 10]]
0.933
n_feature=6, score=0.933
[0, 1, 0, 1, 0, 0, 1, 1, 1, 1, 0, 0, 0]
[[ 7  0  0  0  3  0]
 [ 0 10  0  0  0  0]
 [ 0  0 10  0  0  0]
 [ 1  0  0  9  0  0]
 [ 0  0  0  0 10  0]
 [ 0  0  0  0  0 10]]
0.933
n_feature=6, score=0.933
[0, 1, 0, 1, 0, 0, 1, 1, 1, 1, 0, 0, 0]
[[ 7  0  0  0  3  0]
 [ 0 10  0  0  0  0]
 [ 0  0 10  0  0  0]
 [ 1  0  0  9  0  0]
 [ 0  0  0  0 10  0]
 [ 0  0  0  0  0 10]]
0.933
n_feature=6, score=0.933
[0, 1, 0, 1, 0, 0, 1, 1, 1, 1, 0, 0, 0]
[[ 7  0  0  0  3  0]
 [ 0 10  0  0  0  0]
 [ 0  0 10  0  0  0]
 [ 1  0  0  9  0  0]
 [ 0  0  0  0 10  0]
 [ 0  0  0  0  0 10]]
0.933
n_feature=6, score=0.933
[0, 1, 0, 1, 0, 0, 1, 1, 1, 1, 0, 0, 0]
[[ 7  0  0  0  3  0]
 [ 0 10  0  0  0  0]
 [ 0  0 10  0  0  0]
 [ 1  0  0  9  0  0]
 [ 0  0  0  0 10  0]
 [ 0  0  0  0  0 10]]
0.933
n_feature=8, score=0.933
[1, 1, 0, 1, 0, 1, 1, 1, 1, 1, 0, 0, 0]
[[ 7  0  0  0  3  0]
 [ 0 10  0  0  0  0]
 [ 0  0 10  0  0  0]
 [ 1  0  0  9  0  0]
 [ 0  0  0  0 10  0]
 [ 0  0  0  0  0 10]]
0.933
n_feature=6, score=0.933
[0, 1, 0, 1, 0, 0, 1, 1, 1, 1, 0, 0, 0]
[[ 7  0  0  0  3  0]
 [ 0 10  0  0  0  0]
 [ 0  0 10  0  0  0]
 [ 1  0  0  9  0  0]
 [ 0  0  0  0 10  0]
 [ 0  0  0  0  0 10]]
0.933
n_feature=6, score=0.933
[0, 1, 0, 1, 0, 0, 1, 1, 1, 1, 0, 0, 0]
[[ 7  0  0  0  3  0]
 [ 0 10  0  0  0  0]
 [ 0  0 10  0  0  0]
 [ 1  0  0  9  0  0]
 [ 0  0  0  0 10  0]
 [ 0  0  0  0  0 10]]
0.933
n_feature=6, score=0.933
[0, 1, 0, 1, 0, 0, 1, 1, 1, 1, 0, 0, 0]
[[ 7  0  0  0  3  0]
 [ 0 10  0  0  0  0]
 [ 0  0 10  0  0  0]
 [ 1  0  0  9  0  0]
 [ 0  0  0  0 10  0]
 [ 0  0  0  0  0 10]]
0.933
n_feature=6, score=0.933
[0, 1, 0, 1, 0, 0, 1, 1, 1, 1, 0, 0, 0]
[[ 7  0  0  0  3  0]
 [ 0 10  0  0  0  0]
 [ 0  0 10  0  0  0]
 [ 1  0  0  9  0  0]
 [ 0  0  0  0 10  0]
 [ 0  0  0  0  0 10]]
0.933
n_feature=6, score=0.933
[0, 1, 0, 1, 0, 0, 1, 1, 1, 1, 0, 0, 0]
[[ 7  0  0  0  3  0]
 [ 0 10  0  0  0  0]
 [ 0  0 10  0  0  0]
 [ 1  0  0  9  0  0]
 [ 0  0  0  0 10  0]
 [ 0  0  0  0  0 10]]
0.933
n_feature=6, score=0.933
[0, 1, 0, 1, 0, 0, 1, 1, 1, 1, 0, 0, 0]
[[ 7  0  0  0  3  0]
 [ 0 10  0  0  0  0]
 [ 0  0 10  0  0  0]
 [ 1  0  0  9  0  0]
 [ 0  0  0  0 10  0]
 [ 0  0  0  0  0 10]]
0.933
n_feature=6, score=0.933
[0, 1, 0, 1, 0, 0, 1, 1, 1, 1, 0, 0, 0]
[[ 7  0  0  0  3  0]
 [ 0 10  0  0  0  0]
 [ 0  0 10  0  0  0]
 [ 1  0  0  9  0  0]
 [ 0  0  0  0 10  0]
 [ 0  0  0  0  0 10]]
0.933
n_feature=6, score=0.933
[0, 1, 0, 1, 0, 0, 1, 1, 1, 1, 0, 0, 0]
[[ 7  0  0  0  3  0]
 [ 0 10  0  0  0  0]
 [ 0  0 10  0  0  0]
 [ 1  0  0  9  0  0]
 [ 0  0  0  0 10  0]
 [ 0  0  0  0  0 10]]
0.933
n_feature=6, score=0.933
[0, 1, 0, 1, 0, 0, 1, 1, 1, 1, 0, 0, 0]
[[ 7  0  0  0  3  0]
 [ 0 10  0  0  0  0]
 [ 0  0 10  0  0  0]
 [ 1  0  0  9  0  0]
 [ 0  0  0  0 10  0]
 [ 0  0  0  0  0 10]]
0.933
n_feature=6, score=0.933
[0, 1, 0, 1, 0, 0, 1, 1, 1, 1, 0, 0, 0]
[[ 7  0  0  0  3  0]
 [ 0 10  0  0  0  0]
 [ 0  0 10  0  0  0]
 [ 1  0  0  9  0  0]
 [ 0  0  0  0 10  0]
 [ 0  0  0  0  0 10]]
0.933
n_feature=6, score=0.933
[0, 1, 0, 1, 0, 0, 1, 1, 1, 1, 0, 0, 0]
[[ 7  0  0  0  3  0]
 [ 0 10  0  0  0  0]
 [ 0  0 10  0  0  0]
 [ 1  0  0  9  0  0]
 [ 0  0  0  0 10  0]
 [ 0  0  0  0  0 10]]
0.933
n_feature=6, score=0.933
[0, 1, 0, 1, 0, 0, 1, 1, 1, 1, 0, 0, 0]
[[ 7  0  0  0  3  0]
 [ 0 10  0  0  0  0]
 [ 0  0 10  0  0  0]
 [ 1  0  0  9  0  0]
 [ 0  0  0  0 10  0]
 [ 0  0  0  0  0 10]]
0.933
n_feature=6, score=0.933
[0, 1, 0, 1, 0, 0, 1, 1, 1, 1, 0, 0, 0]
[[ 7  0  0  0  3  0]
 [ 0 10  0  0  0  0]
 [ 0  0 10  0  0  0]
 [ 1  0  0  9  0  0]
 [ 0  0  0  0 10  0]
 [ 0  0  0  0  0 10]]
0.933
n_feature=6, score=0.933
[0, 1, 0, 1, 0, 0, 1, 1, 1, 1, 0, 0, 0]
[[ 7  0  0  0  3  0]
 [ 0 10  0  0  0  0]
 [ 0  0 10  0  0  0]
 [ 1  0  0  9  0  0]
 [ 0  0  0  0 10  0]
 [ 0  0  0  0  0 10]]
0.933
n_feature=6, score=0.933
[0, 1, 0, 1, 0, 0, 1, 1, 1, 1, 0, 0, 0]
[[ 7  0  0  0  3  0]
 [ 0 10  0  0  0  0]
 [ 0  0 10  0  0  0]
 [ 1  0  0  9  0  0]
 [ 0  0  0  0 10  0]
 [ 0  0  0  0  0 10]]
0.933
n_feature=6, score=0.933
[0, 1, 0, 1, 0, 0, 1, 1, 1, 1, 0, 0, 0]
[[ 7  0  0  0  3  0]
 [ 0 10  0  0  0  0]
 [ 0  0 10  0  0  0]
 [ 1  0  0  9  0  0]
 [ 0  0  0  0 10  0]
 [ 0  0  0  0  0 10]]
0.933
n_feature=6, score=0.933
[0, 1, 0, 1, 0, 0, 1, 1, 1, 1, 0, 0, 0]
[[ 7  0  0  0  3  0]
 [ 0 10  0  0  0  0]
 [ 0  0 10  0  0  0]
 [ 1  0  0  9  0  0]
 [ 0  0  0  0 10  0]
 [ 0  0  0  0  0 10]]
0.933
n_feature=6, score=0.933
[0, 1, 0, 1, 0, 0, 1, 1, 1, 1, 0, 0, 0]
[[ 7  0  0  0  3  0]
 [ 0 10  0  0  0  0]
 [ 0  0 10  0  0  0]
 [ 1  0  0  9  0  0]
 [ 0  0  0  0 10  0]
 [ 0  0  0  0  0 10]]
0.933
n_feature=7, score=0.933
[1, 1, 0, 1, 0, 0, 1, 1, 1, 1, 0, 0, 0]
[[ 7  0  0  0  3  0]
 [ 0 10  0  0  0  0]
 [ 0  0 10  0  0  0]
 [ 1  0  0  9  0  0]
 [ 0  0  0  0 10  0]
 [ 0  0  0  0  0 10]]
0.933
n_feature=6, score=0.933
[0, 1, 0, 1, 0, 0, 1, 1, 1, 1, 0, 0, 0]
[[ 7  0  0  0  3  0]
 [ 0 10  0  0  0  0]
 [ 0  0 10  0  0  0]
 [ 1  0  0  9  0  0]
 [ 0  0  0  0 10  0]
 [ 0  0  0  0  0 10]]
0.933
n_feature=6, score=0.933
[0, 1, 0, 1, 0, 0, 1, 1, 1, 1, 0, 0, 0]
[[ 7  0  0  0  3  0]
 [ 0 10  0  0  0  0]
 [ 0  0 10  0  0  0]
 [ 1  0  0  9  0  0]
 [ 0  0  0  0 10  0]
 [ 0  0  0  0  0 10]]
0.933
n_feature=6, score=0.933
[0, 1, 0, 1, 0, 0, 1, 1, 1, 1, 0, 0, 0]
[[ 7  0  0  0  3  0]
 [ 0 10  0  0  0  0]
 [ 0  0 10  0  0  0]
 [ 1  0  0  9  0  0]
 [ 0  0  0  0 10  0]
 [ 0  0  0  0  0 10]]
0.933
n_feature=6, score=0.933
[0, 1, 0, 1, 0, 0, 1, 1, 1, 1, 0, 0, 0]
[[ 7  0  0  0  3  0]
 [ 0 10  0  0  0  0]
 [ 0  0 10  0  0  0]
 [ 1  0  0  9  0  0]
 [ 0  0  0  0 10  0]
 [ 0  0  0  0  0 10]]
0.933
n_feature=6, score=0.933
[0, 1, 0, 1, 0, 0, 1, 1, 1, 1, 0, 0, 0]
[[ 7  0  0  0  3  0]
 [ 0 10  0  0  0  0]
 [ 0  0 10  0  0  0]
 [ 1  0  0  9  0  0]
 [ 0  0  0  0 10  0]
 [ 0  0  0  0  0 10]]
0.933
n_feature=6, score=0.933
[0, 1, 0, 1, 0, 0, 1, 1, 1, 1, 0, 0, 0]
[[ 7  0  0  0  3  0]
 [ 0 10  0  0  0  0]
 [ 0  0 10  0  0  0]
 [ 1  0  0  9  0  0]
 [ 0  0  0  0 10  0]
 [ 0  0  0  0  0 10]]
0.933
n_feature=6, score=0.933
[0, 1, 0, 1, 0, 0, 1, 1, 1, 1, 0, 0, 0]
[[ 7  0  0  0  3  0]
 [ 0 10  0  0  0  0]
 [ 0  0 10  0  0  0]
 [ 1  0  0  9  0  0]
 [ 0  0  0  0 10  0]
 [ 0  0  0  0  0 10]]
0.933
n_feature=6, score=0.933
[0, 1, 0, 1, 0, 0, 1, 1, 1, 1, 0, 0, 0]
[[ 7  0  0  0  3  0]
 [ 0 10  0  0  0  0]
 [ 0  0 10  0  0  0]
 [ 1  0  0  9  0  0]
 [ 0  0  0  0 10  0]
 [ 0  0  0  0  0 10]]
0.933
n_feature=6, score=0.933
[0, 1, 0, 1, 0, 0, 1, 1, 1, 1, 0, 0, 0]
[[ 7  0  0  0  3  0]
 [ 0 10  0  0  0  0]
 [ 0  0 10  0  0  0]
 [ 1  0  0  9  0  0]
 [ 0  0  0  0 10  0]
 [ 0  0  0  0  0 10]]
0.933
n_feature=6, score=0.933
[0, 1, 0, 1, 0, 0, 1, 1, 1, 1, 0, 0, 0]
[[ 7  0  0  0  3  0]
 [ 0 10  0  0  0  0]
 [ 0  0 10  0  0  0]
 [ 1  0  0  9  0  0]
 [ 0  0  0  0 10  0]
 [ 0  0  0  0  0 10]]
0.933
n_feature=6, score=0.933
[0, 1, 0, 1, 0, 0, 1, 1, 1, 1, 0, 0, 0]
[[ 7  0  0  0  3  0]
 [ 0 10  0  0  0  0]
 [ 0  0 10  0  0  0]
 [ 1  0  0  9  0  0]
 [ 0  0  0  0 10  0]
 [ 0  0  0  0  0 10]]
0.933
n_feature=6, score=0.933
[0, 1, 0, 1, 0, 0, 1, 1, 1, 1, 0, 0, 0]
[[ 7  0  0  0  3  0]
 [ 0 10  0  0  0  0]
 [ 0  0 10  0  0  0]
 [ 1  0  0  9  0  0]
 [ 0  0  0  0 10  0]
 [ 0  0  0  0  0 10]]
0.933
n_feature=6, score=0.933
[0, 1, 0, 1, 0, 0, 1, 1, 1, 1, 0, 0, 0]
[[ 7  0  0  0  3  0]
 [ 0 10  0  0  0  0]
 [ 0  0 10  0  0  0]
 [ 1  0  0  9  0  0]
 [ 0  0  0  0 10  0]
 [ 0  0  0  0  0 10]]
0.933
n_feature=6, score=0.933
[0, 1, 0, 1, 0, 0, 1, 1, 1, 1, 0, 0, 0]
[[ 7  0  0  0  3  0]
 [ 0 10  0  0  0  0]
 [ 0  0 10  0  0  0]
 [ 1  0  0  9  0  0]
 [ 0  0  0  0 10  0]
 [ 0  0  0  0  0 10]]
0.933
n_feature=6, score=0.933
[0, 1, 0, 1, 0, 0, 1, 1, 1, 1, 0, 0, 0]
[[ 7  0  0  0  3  0]
 [ 0 10  0  0  0  0]
 [ 0  0 10  0  0  0]
 [ 1  0  0  9  0  0]
 [ 0  0  0  0 10  0]
 [ 0  0  0  0  0 10]]
0.933
n_feature=5, score=0.933
[0, 1, 0, 1, 0, 0, 1, 0, 1, 1, 0, 0, 0]
[[ 7  0  0  0  3  0]
 [ 0 10  0  0  0  0]
 [ 0  0 10  0  0  0]
 [ 0  1  0  9  0  0]
 [ 0  0  0  0 10  0]
 [ 0  0  0  0  0 10]]
0.933
n_feature=6, score=0.933
[0, 1, 0, 1, 0, 0, 1, 1, 1, 1, 0, 0, 0]
[[ 7  0  0  0  3  0]
 [ 0 10  0  0  0  0]
 [ 0  0 10  0  0  0]
 [ 1  0  0  9  0  0]
 [ 0  0  0  0 10  0]
 [ 0  0  0  0  0 10]]
0.933
n_feature=6, score=0.933
[0, 1, 0, 1, 0, 0, 1, 1, 1, 1, 0, 0, 0]
[[ 7  0  0  0  3  0]
 [ 0 10  0  0  0  0]
 [ 0  0 10  0  0  0]
 [ 1  0  0  9  0  0]
 [ 0  0  0  0 10  0]
 [ 0  0  0  0  0 10]]
0.933
n_feature=6, score=0.933
[0, 1, 0, 1, 0, 0, 1, 1, 1, 1, 0, 0, 0]
[[ 7  0  0  0  3  0]
 [ 0 10  0  0  0  0]
 [ 0  0 10  0  0  0]
 [ 1  0  0  9  0  0]
 [ 0  0  0  0 10  0]
 [ 0  0  0  0  0 10]]
0.933
n_feature=6, score=0.933
[0, 1, 0, 1, 0, 0, 1, 1, 1, 1, 0, 0, 0]
[[ 7  0  0  0  3  0]
 [ 0 10  0  0  0  0]
 [ 0  0 10  0  0  0]
 [ 1  0  0  9  0  0]
 [ 0  0  0  0 10  0]
 [ 0  0  0  0  0 10]]
0.933
n_feature=4, score=0.8
[0, 1, 0, 1, 0, 0, 0, 0, 1, 1, 0, 0, 0]
[[ 0  0  0  4  5  1]
 [ 0 10  0  0  0  0]
 [ 1  0  9  0  0  0]
 [ 1  0  0  9  0  0]
 [ 0  0  0  0 10  0]
 [ 0  0  0  0  0 10]]
0.8
n_feature=6, score=0.933
[0, 1, 0, 1, 0, 0, 1, 1, 1, 1, 0, 0, 0]
[[ 7  0  0  0  3  0]
 [ 0 10  0  0  0  0]
 [ 0  0 10  0  0  0]
 [ 1  0  0  9  0  0]
 [ 0  0  0  0 10  0]
 [ 0  0  0  0  0 10]]
0.933
n_feature=6, score=0.933
[0, 1, 0, 1, 0, 0, 1, 1, 1, 1, 0, 0, 0]
[[ 7  0  0  0  3  0]
 [ 0 10  0  0  0  0]
 [ 0  0 10  0  0  0]
 [ 1  0  0  9  0  0]
 [ 0  0  0  0 10  0]
 [ 0  0  0  0  0 10]]
0.933
n_feature=6, score=0.933
[0, 1, 0, 1, 0, 0, 1, 1, 1, 1, 0, 0, 0]
[[ 7  0  0  0  3  0]
 [ 0 10  0  0  0  0]
 [ 0  0 10  0  0  0]
 [ 1  0  0  9  0  0]
 [ 0  0  0  0 10  0]
 [ 0  0  0  0  0 10]]
0.933
n_feature=6, score=0.933
[0, 1, 0, 1, 0, 0, 1, 1, 1, 1, 0, 0, 0]
[[ 7  0  0  0  3  0]
 [ 0 10  0  0  0  0]
 [ 0  0 10  0  0  0]
 [ 1  0  0  9  0  0]
 [ 0  0  0  0 10  0]
 [ 0  0  0  0  0 10]]
0.933
n_feature=6, score=0.933
[0, 1, 0, 1, 0, 0, 1, 1, 1, 1, 0, 0, 0]
[[ 7  0  0  0  3  0]
 [ 0 10  0  0  0  0]
 [ 0  0 10  0  0  0]
 [ 1  0  0  9  0  0]
 [ 0  0  0  0 10  0]
 [ 0  0  0  0  0 10]]
0.933
n_feature=6, score=0.933
[0, 1, 0, 1, 0, 0, 1, 1, 1, 1, 0, 0, 0]
[[ 7  0  0  0  3  0]
 [ 0 10  0  0  0  0]
 [ 0  0 10  0  0  0]
 [ 1  0  0  9  0  0]
 [ 0  0  0  0 10  0]
 [ 0  0  0  0  0 10]]
0.933
n_feature=6, score=0.933
[0, 1, 0, 1, 0, 0, 1, 1, 1, 1, 0, 0, 0]
[[ 7  0  0  0  3  0]
 [ 0 10  0  0  0  0]
 [ 0  0 10  0  0  0]
 [ 1  0  0  9  0  0]
 [ 0  0  0  0 10  0]
 [ 0  0  0  0  0 10]]
0.933
n_feature=6, score=0.933
[0, 1, 0, 1, 0, 0, 1, 1, 1, 1, 0, 0, 0]
[[ 7  0  0  0  3  0]
 [ 0 10  0  0  0  0]
 [ 0  0 10  0  0  0]
 [ 1  0  0  9  0  0]
 [ 0  0  0  0 10  0]
 [ 0  0  0  0  0 10]]
0.933
n_feature=6, score=0.933
[0, 1, 0, 1, 0, 0, 1, 1, 1, 1, 0, 0, 0]
[[ 7  0  0  0  3  0]
 [ 0 10  0  0  0  0]
 [ 0  0 10  0  0  0]
 [ 1  0  0  9  0  0]
 [ 0  0  0  0 10  0]
 [ 0  0  0  0  0 10]]
0.933
n_feature=6, score=0.933
[0, 1, 0, 1, 0, 0, 1, 1, 1, 1, 0, 0, 0]
[[ 7  0  0  0  3  0]
 [ 0 10  0  0  0  0]
 [ 0  0 10  0  0  0]
 [ 1  0  0  9  0  0]
 [ 0  0  0  0 10  0]
 [ 0  0  0  0  0 10]]
0.933
n_feature=6, score=0.933
[0, 1, 0, 1, 0, 0, 1, 1, 1, 1, 0, 0, 0]
[[ 7  0  0  0  3  0]
 [ 0 10  0  0  0  0]
 [ 0  0 10  0  0  0]
 [ 1  0  0  9  0  0]
 [ 0  0  0  0 10  0]
 [ 0  0  0  0  0 10]]
0.933
n_feature=5, score=0.933
[0, 1, 0, 1, 0, 0, 1, 0, 1, 1, 0, 0, 0]
[[ 7  0  0  0  3  0]
 [ 0 10  0  0  0  0]
 [ 0  0 10  0  0  0]
 [ 0  1  0  9  0  0]
 [ 0  0  0  0 10  0]
 [ 0  0  0  0  0 10]]
0.933
n_feature=6, score=0.933
[0, 1, 0, 1, 0, 0, 1, 1, 1, 1, 0, 0, 0]
[[ 7  0  0  0  3  0]
 [ 0 10  0  0  0  0]
 [ 0  0 10  0  0  0]
 [ 1  0  0  9  0  0]
 [ 0  0  0  0 10  0]
 [ 0  0  0  0  0 10]]
0.933
n_feature=6, score=0.933
[0, 1, 0, 1, 0, 0, 1, 1, 1, 1, 0, 0, 0]
[[ 7  0  0  0  3  0]
 [ 0 10  0  0  0  0]
 [ 0  0 10  0  0  0]
 [ 1  0  0  9  0  0]
 [ 0  0  0  0 10  0]
 [ 0  0  0  0  0 10]]
0.933
n_feature=6, score=0.933
[0, 1, 0, 1, 0, 0, 1, 1, 1, 1, 0, 0, 0]
[[ 7  0  0  0  3  0]
 [ 0 10  0  0  0  0]
 [ 0  0 10  0  0  0]
 [ 1  0  0  9  0  0]
 [ 0  0  0  0 10  0]
 [ 0  0  0  0  0 10]]
0.933
n_feature=8, score=0.85
[1, 1, 0, 1, 0, 0, 1, 1, 1, 1, 1, 0, 0]
[[ 6  0  1  1  2  0]
 [ 0 10  0  0  0  0]
 [ 0  0  6  0  0  4]
 [ 1  0  0  9  0  0]
 [ 0  0  0  0 10  0]
 [ 0  0  0  0  0 10]]
0.85
n_feature=5, score=0.85
[0, 1, 0, 1, 0, 0, 1, 1, 1, 0, 0, 0, 0]
[[ 3  0  1  0  4  2]
 [ 0 10  0  0  0  0]
 [ 0  0 10  0  0  0]
 [ 1  1  0  8  0  0]
 [ 0  0  0  0 10  0]
 [ 0  0  0  0  0 10]]
0.85
n_feature=6, score=0.933
[0, 1, 0, 1, 0, 0, 1, 1, 1, 1, 0, 0, 0]
[[ 7  0  0  0  3  0]
 [ 0 10  0  0  0  0]
 [ 0  0 10  0  0  0]
 [ 1  0  0  9  0  0]
 [ 0  0  0  0 10  0]
 [ 0  0  0  0  0 10]]
0.933
n_feature=7, score=0.933
[0, 1, 0, 1, 1, 0, 1, 1, 1, 1, 0, 0, 0]
[[ 7  0  0  0  3  0]
 [ 0 10  0  0  0  0]
 [ 0  0 10  0  0  0]
 [ 1  0  0  9  0  0]
 [ 0  0  0  0 10  0]
 [ 0  0  0  0  0 10]]
0.933
n_feature=5, score=0.933
[0, 1, 0, 1, 0, 0, 1, 0, 1, 1, 0, 0, 0]
[[ 7  0  0  0  3  0]
 [ 0 10  0  0  0  0]
 [ 0  0 10  0  0  0]
 [ 0  1  0  9  0  0]
 [ 0  0  0  0 10  0]
 [ 0  0  0  0  0 10]]
0.933
n_feature=6, score=0.933
[0, 1, 0, 1, 0, 0, 1, 1, 1, 1, 0, 0, 0]
[[ 7  0  0  0  3  0]
 [ 0 10  0  0  0  0]
 [ 0  0 10  0  0  0]
 [ 1  0  0  9  0  0]
 [ 0  0  0  0 10  0]
 [ 0  0  0  0  0 10]]
0.933
n_feature=6, score=0.933
[0, 1, 0, 1, 0, 0, 1, 1, 1, 1, 0, 0, 0]
[[ 7  0  0  0  3  0]
 [ 0 10  0  0  0  0]
 [ 0  0 10  0  0  0]
 [ 1  0  0  9  0  0]
 [ 0  0  0  0 10  0]
 [ 0  0  0  0  0 10]]
0.933
n_feature=6, score=0.933
[0, 1, 0, 1, 0, 0, 1, 1, 1, 1, 0, 0, 0]
[[ 7  0  0  0  3  0]
 [ 0 10  0  0  0  0]
 [ 0  0 10  0  0  0]
 [ 1  0  0  9  0  0]
 [ 0  0  0  0 10  0]
 [ 0  0  0  0  0 10]]
0.933
n_feature=6, score=0.933
[0, 1, 0, 1, 0, 0, 1, 1, 1, 1, 0, 0, 0]
[[ 7  0  0  0  3  0]
 [ 0 10  0  0  0  0]
 [ 0  0 10  0  0  0]
 [ 1  0  0  9  0  0]
 [ 0  0  0  0 10  0]
 [ 0  0  0  0  0 10]]
0.933
n_feature=5, score=0.933
[0, 1, 0, 1, 0, 0, 1, 0, 1, 1, 0, 0, 0]
[[ 7  0  0  0  3  0]
 [ 0 10  0  0  0  0]
 [ 0  0 10  0  0  0]
 [ 0  1  0  9  0  0]
 [ 0  0  0  0 10  0]
 [ 0  0  0  0  0 10]]
0.933
n_feature=6, score=0.933
[0, 1, 0, 1, 0, 0, 1, 1, 1, 1, 0, 0, 0]
[[ 7  0  0  0  3  0]
 [ 0 10  0  0  0  0]
 [ 0  0 10  0  0  0]
 [ 1  0  0  9  0  0]
 [ 0  0  0  0 10  0]
 [ 0  0  0  0  0 10]]
0.933
n_feature=6, score=0.933
[0, 1, 0, 1, 0, 0, 1, 1, 1, 1, 0, 0, 0]
[[ 7  0  0  0  3  0]
 [ 0 10  0  0  0  0]
 [ 0  0 10  0  0  0]
 [ 1  0  0  9  0  0]
 [ 0  0  0  0 10  0]
 [ 0  0  0  0  0 10]]
0.933
n_feature=6, score=0.933
[0, 1, 0, 1, 0, 0, 1, 1, 1, 1, 0, 0, 0]
[[ 7  0  0  0  3  0]
 [ 0 10  0  0  0  0]
 [ 0  0 10  0  0  0]
 [ 1  0  0  9  0  0]
 [ 0  0  0  0 10  0]
 [ 0  0  0  0  0 10]]
0.933
n_feature=5, score=0.933
[0, 1, 0, 1, 0, 0, 1, 0, 1, 1, 0, 0, 0]
[[ 7  0  0  0  3  0]
 [ 0 10  0  0  0  0]
 [ 0  0 10  0  0  0]
 [ 0  1  0  9  0  0]
 [ 0  0  0  0 10  0]
 [ 0  0  0  0  0 10]]
0.933
n_feature=5, score=0.933
[0, 1, 0, 1, 0, 0, 1, 0, 1, 1, 0, 0, 0]
[[ 7  0  0  0  3  0]
 [ 0 10  0  0  0  0]
 [ 0  0 10  0  0  0]
 [ 0  1  0  9  0  0]
 [ 0  0  0  0 10  0]
 [ 0  0  0  0  0 10]]
0.933
n_feature=6, score=0.933
[0, 1, 0, 1, 0, 0, 1, 1, 1, 1, 0, 0, 0]
[[ 7  0  0  0  3  0]
 [ 0 10  0  0  0  0]
 [ 0  0 10  0  0  0]
 [ 1  0  0  9  0  0]
 [ 0  0  0  0 10  0]
 [ 0  0  0  0  0 10]]
0.933
n_feature=7, score=0.933
[1, 1, 0, 1, 0, 0, 1, 1, 1, 1, 0, 0, 0]
[[ 7  0  0  0  3  0]
 [ 0 10  0  0  0  0]
 [ 0  0 10  0  0  0]
 [ 1  0  0  9  0  0]
 [ 0  0  0  0 10  0]
 [ 0  0  0  0  0 10]]
0.933
n_feature=6, score=0.933
[0, 1, 0, 1, 0, 0, 1, 1, 1, 1, 0, 0, 0]
[[ 7  0  0  0  3  0]
 [ 0 10  0  0  0  0]
 [ 0  0 10  0  0  0]
 [ 1  0  0  9  0  0]
 [ 0  0  0  0 10  0]
 [ 0  0  0  0  0 10]]
0.933
n_feature=7, score=0.933
[1, 1, 0, 1, 0, 0, 1, 1, 1, 1, 0, 0, 0]
[[ 7  0  0  0  3  0]
 [ 0 10  0  0  0  0]
 [ 0  0 10  0  0  0]
 [ 1  0  0  9  0  0]
 [ 0  0  0  0 10  0]
 [ 0  0  0  0  0 10]]
0.933
n_feature=5, score=0.933
[0, 1, 0, 1, 0, 0, 1, 0, 1, 1, 0, 0, 0]
[[ 7  0  0  0  3  0]
 [ 0 10  0  0  0  0]
 [ 0  0 10  0  0  0]
 [ 0  1  0  9  0  0]
 [ 0  0  0  0 10  0]
 [ 0  0  0  0  0 10]]
0.933
n_feature=5, score=0.933
[0, 1, 0, 1, 0, 0, 1, 0, 1, 1, 0, 0, 0]
[[ 7  0  0  0  3  0]
 [ 0 10  0  0  0  0]
 [ 0  0 10  0  0  0]
 [ 0  1  0  9  0  0]
 [ 0  0  0  0 10  0]
 [ 0  0  0  0  0 10]]
0.933
n_feature=5, score=0.933
[0, 1, 0, 1, 0, 0, 1, 0, 1, 1, 0, 0, 0]
[[ 7  0  0  0  3  0]
 [ 0 10  0  0  0  0]
 [ 0  0 10  0  0  0]
 [ 0  1  0  9  0  0]
 [ 0  0  0  0 10  0]
 [ 0  0  0  0  0 10]]
0.933
n_feature=6, score=0.933
[0, 1, 0, 1, 0, 0, 1, 1, 1, 1, 0, 0, 0]
[[ 7  0  0  0  3  0]
 [ 0 10  0  0  0  0]
 [ 0  0 10  0  0  0]
 [ 1  0  0  9  0  0]
 [ 0  0  0  0 10  0]
 [ 0  0  0  0  0 10]]
0.933
n_feature=6, score=0.933
[0, 1, 0, 1, 0, 0, 1, 1, 1, 1, 0, 0, 0]
[[ 7  0  0  0  3  0]
 [ 0 10  0  0  0  0]
 [ 0  0 10  0  0  0]
 [ 1  0  0  9  0  0]
 [ 0  0  0  0 10  0]
 [ 0  0  0  0  0 10]]
0.933
n_feature=5, score=0.933
[0, 1, 0, 1, 0, 0, 1, 0, 1, 1, 0, 0, 0]
[[ 7  0  0  0  3  0]
 [ 0 10  0  0  0  0]
 [ 0  0 10  0  0  0]
 [ 0  1  0  9  0  0]
 [ 0  0  0  0 10  0]
 [ 0  0  0  0  0 10]]
0.933
n_feature=5, score=0.933
[0, 1, 0, 1, 0, 0, 1, 0, 1, 1, 0, 0, 0]
[[ 7  0  0  0  3  0]
 [ 0 10  0  0  0  0]
 [ 0  0 10  0  0  0]
 [ 0  1  0  9  0  0]
 [ 0  0  0  0 10  0]
 [ 0  0  0  0  0 10]]
0.933
n_feature=6, score=0.933
[0, 1, 0, 1, 0, 0, 1, 1, 1, 1, 0, 0, 0]
[[ 7  0  0  0  3  0]
 [ 0 10  0  0  0  0]
 [ 0  0 10  0  0  0]
 [ 1  0  0  9  0  0]
 [ 0  0  0  0 10  0]
 [ 0  0  0  0  0 10]]
0.933
n_feature=5, score=0.933
[0, 1, 0, 1, 0, 0, 1, 0, 1, 1, 0, 0, 0]
[[ 7  0  0  0  3  0]
 [ 0 10  0  0  0  0]
 [ 0  0 10  0  0  0]
 [ 0  1  0  9  0  0]
 [ 0  0  0  0 10  0]
 [ 0  0  0  0  0 10]]
0.933
n_feature=5, score=0.933
[0, 1, 0, 1, 0, 0, 1, 0, 1, 1, 0, 0, 0]
[[ 7  0  0  0  3  0]
 [ 0 10  0  0  0  0]
 [ 0  0 10  0  0  0]
 [ 0  1  0  9  0  0]
 [ 0  0  0  0 10  0]
 [ 0  0  0  0  0 10]]
0.933
n_feature=5, score=0.933
[0, 1, 0, 1, 0, 0, 1, 0, 1, 1, 0, 0, 0]
[[ 7  0  0  0  3  0]
 [ 0 10  0  0  0  0]
 [ 0  0 10  0  0  0]
 [ 0  1  0  9  0  0]
 [ 0  0  0  0 10  0]
 [ 0  0  0  0  0 10]]
0.933
n_feature=6, score=0.933
[0, 1, 0, 1, 0, 0, 1, 1, 1, 1, 0, 0, 0]
[[ 7  0  0  0  3  0]
 [ 0 10  0  0  0  0]
 [ 0  0 10  0  0  0]
 [ 1  0  0  9  0  0]
 [ 0  0  0  0 10  0]
 [ 0  0  0  0  0 10]]
0.933
n_feature=5, score=0.933
[0, 1, 0, 1, 0, 0, 1, 0, 1, 1, 0, 0, 0]
[[ 7  0  0  0  3  0]
 [ 0 10  0  0  0  0]
 [ 0  0 10  0  0  0]
 [ 0  1  0  9  0  0]
 [ 0  0  0  0 10  0]
 [ 0  0  0  0  0 10]]
0.933
n_feature=5, score=0.933
[0, 1, 0, 1, 0, 0, 1, 0, 1, 1, 0, 0, 0]
[[ 7  0  0  0  3  0]
 [ 0 10  0  0  0  0]
 [ 0  0 10  0  0  0]
 [ 0  1  0  9  0  0]
 [ 0  0  0  0 10  0]
 [ 0  0  0  0  0 10]]
0.933
n_feature=5, score=0.933
[0, 1, 0, 1, 0, 0, 1, 0, 1, 1, 0, 0, 0]
[[ 7  0  0  0  3  0]
 [ 0 10  0  0  0  0]
 [ 0  0 10  0  0  0]
 [ 0  1  0  9  0  0]
 [ 0  0  0  0 10  0]
 [ 0  0  0  0  0 10]]
0.933
n_feature=5, score=0.933
[0, 1, 0, 1, 0, 0, 1, 0, 1, 1, 0, 0, 0]
[[ 7  0  0  0  3  0]
 [ 0 10  0  0  0  0]
 [ 0  0 10  0  0  0]
 [ 0  1  0  9  0  0]
 [ 0  0  0  0 10  0]
 [ 0  0  0  0  0 10]]
0.933
n_feature=5, score=0.933
[0, 1, 0, 1, 0, 0, 1, 0, 1, 1, 0, 0, 0]
[[ 7  0  0  0  3  0]
 [ 0 10  0  0  0  0]
 [ 0  0 10  0  0  0]
 [ 0  1  0  9  0  0]
 [ 0  0  0  0 10  0]
 [ 0  0  0  0  0 10]]
0.933
n_feature=5, score=0.933
[0, 1, 0, 1, 0, 0, 1, 0, 1, 1, 0, 0, 0]
[[ 7  0  0  0  3  0]
 [ 0 10  0  0  0  0]
 [ 0  0 10  0  0  0]
 [ 0  1  0  9  0  0]
 [ 0  0  0  0 10  0]
 [ 0  0  0  0  0 10]]
0.933
n_feature=5, score=0.933
[0, 1, 0, 1, 0, 0, 1, 0, 1, 1, 0, 0, 0]
[[ 7  0  0  0  3  0]
 [ 0 10  0  0  0  0]
 [ 0  0 10  0  0  0]
 [ 0  1  0  9  0  0]
 [ 0  0  0  0 10  0]
 [ 0  0  0  0  0 10]]
0.933
n_feature=5, score=0.933
[0, 1, 0, 1, 0, 0, 1, 0, 1, 1, 0, 0, 0]
[[ 7  0  0  0  3  0]
 [ 0 10  0  0  0  0]
 [ 0  0 10  0  0  0]
 [ 0  1  0  9  0  0]
 [ 0  0  0  0 10  0]
 [ 0  0  0  0  0 10]]
0.933
n_feature=5, score=0.933
[0, 1, 0, 1, 0, 0, 1, 0, 1, 1, 0, 0, 0]
[[ 7  0  0  0  3  0]
 [ 0 10  0  0  0  0]
 [ 0  0 10  0  0  0]
 [ 0  1  0  9  0  0]
 [ 0  0  0  0 10  0]
 [ 0  0  0  0  0 10]]
0.933
n_feature=6, score=0.933
[1, 1, 0, 1, 0, 0, 1, 0, 1, 1, 0, 0, 0]
[[ 7  0  0  0  3  0]
 [ 0 10  0  0  0  0]
 [ 0  0 10  0  0  0]
 [ 0  1  0  9  0  0]
 [ 0  0  0  0 10  0]
 [ 0  0  0  0  0 10]]
0.933
n_feature=6, score=0.933
[0, 1, 1, 1, 0, 0, 1, 0, 1, 1, 0, 0, 0]
[[ 7  0  0  0  3  0]
 [ 0 10  0  0  0  0]
 [ 0  0 10  0  0  0]
 [ 1  0  0  9  0  0]
 [ 0  0  0  0 10  0]
 [ 0  0  0  0  0 10]]
0.933
n_feature=4, score=0.85
[0, 1, 0, 1, 0, 0, 1, 0, 1, 0, 0, 0, 0]
[[ 3  0  1  0  4  2]
 [ 0 10  0  0  0  0]
 [ 0  0 10  0  0  0]
 [ 2  0  0  8  0  0]
 [ 0  0  0  0 10  0]
 [ 0  0  0  0  0 10]]
0.85
n_feature=5, score=0.933
[0, 1, 0, 1, 0, 0, 1, 0, 1, 1, 0, 0, 0]
[[ 7  0  0  0  3  0]
 [ 0 10  0  0  0  0]
 [ 0  0 10  0  0  0]
 [ 0  1  0  9  0  0]
 [ 0  0  0  0 10  0]
 [ 0  0  0  0  0 10]]
0.933
n_feature=5, score=0.933
[0, 1, 0, 1, 0, 0, 1, 0, 1, 1, 0, 0, 0]
[[ 7  0  0  0  3  0]
 [ 0 10  0  0  0  0]
 [ 0  0 10  0  0  0]
 [ 0  1  0  9  0  0]
 [ 0  0  0  0 10  0]
 [ 0  0  0  0  0 10]]
0.933
n_feature=5, score=0.933
[0, 1, 0, 1, 0, 0, 1, 0, 1, 1, 0, 0, 0]
[[ 7  0  0  0  3  0]
 [ 0 10  0  0  0  0]
 [ 0  0 10  0  0  0]
 [ 0  1  0  9  0  0]
 [ 0  0  0  0 10  0]
 [ 0  0  0  0  0 10]]
0.933
n_feature=5, score=0.933
[0, 1, 0, 1, 0, 0, 1, 0, 1, 1, 0, 0, 0]
[[ 7  0  0  0  3  0]
 [ 0 10  0  0  0  0]
 [ 0  0 10  0  0  0]
 [ 0  1  0  9  0  0]
 [ 0  0  0  0 10  0]
 [ 0  0  0  0  0 10]]
0.933
n_feature=5, score=0.933
[0, 1, 0, 1, 0, 0, 1, 0, 1, 1, 0, 0, 0]
[[ 7  0  0  0  3  0]
 [ 0 10  0  0  0  0]
 [ 0  0 10  0  0  0]
 [ 0  1  0  9  0  0]
 [ 0  0  0  0 10  0]
 [ 0  0  0  0  0 10]]
0.933
n_feature=5, score=0.933
[0, 1, 0, 1, 0, 0, 1, 0, 1, 1, 0, 0, 0]
[[ 7  0  0  0  3  0]
 [ 0 10  0  0  0  0]
 [ 0  0 10  0  0  0]
 [ 0  1  0  9  0  0]
 [ 0  0  0  0 10  0]
 [ 0  0  0  0  0 10]]
0.933
n_feature=5, score=0.933
[0, 1, 0, 1, 0, 0, 1, 0, 1, 1, 0, 0, 0]
[[ 7  0  0  0  3  0]
 [ 0 10  0  0  0  0]
 [ 0  0 10  0  0  0]
 [ 0  1  0  9  0  0]
 [ 0  0  0  0 10  0]
 [ 0  0  0  0  0 10]]
0.933
n_feature=5, score=0.933
[0, 1, 0, 1, 0, 0, 1, 0, 1, 1, 0, 0, 0]
[[ 7  0  0  0  3  0]
 [ 0 10  0  0  0  0]
 [ 0  0 10  0  0  0]
 [ 0  1  0  9  0  0]
 [ 0  0  0  0 10  0]
 [ 0  0  0  0  0 10]]
0.933
n_feature=5, score=0.933
[0, 1, 0, 1, 0, 0, 1, 0, 1, 1, 0, 0, 0]
[[ 7  0  0  0  3  0]
 [ 0 10  0  0  0  0]
 [ 0  0 10  0  0  0]
 [ 0  1  0  9  0  0]
 [ 0  0  0  0 10  0]
 [ 0  0  0  0  0 10]]
0.933
n_feature=5, score=0.933
[0, 1, 0, 1, 0, 0, 1, 0, 1, 1, 0, 0, 0]
[[ 7  0  0  0  3  0]
 [ 0 10  0  0  0  0]
 [ 0  0 10  0  0  0]
 [ 0  1  0  9  0  0]
 [ 0  0  0  0 10  0]
 [ 0  0  0  0  0 10]]
0.933
n_feature=5, score=0.933
[0, 1, 0, 1, 0, 0, 1, 0, 1, 1, 0, 0, 0]
[[ 7  0  0  0  3  0]
 [ 0 10  0  0  0  0]
 [ 0  0 10  0  0  0]
 [ 0  1  0  9  0  0]
 [ 0  0  0  0 10  0]
 [ 0  0  0  0  0 10]]
0.933
n_feature=5, score=0.933
[0, 1, 0, 1, 0, 0, 1, 0, 1, 1, 0, 0, 0]
[[ 7  0  0  0  3  0]
 [ 0 10  0  0  0  0]
 [ 0  0 10  0  0  0]
 [ 0  1  0  9  0  0]
 [ 0  0  0  0 10  0]
 [ 0  0  0  0  0 10]]
0.933
n_feature=5, score=0.933
[0, 1, 0, 1, 0, 0, 1, 0, 1, 1, 0, 0, 0]
[[ 7  0  0  0  3  0]
 [ 0 10  0  0  0  0]
 [ 0  0 10  0  0  0]
 [ 0  1  0  9  0  0]
 [ 0  0  0  0 10  0]
 [ 0  0  0  0  0 10]]
0.933
n_feature=5, score=0.933
[0, 1, 0, 1, 0, 0, 1, 0, 1, 1, 0, 0, 0]
[[ 7  0  0  0  3  0]
 [ 0 10  0  0  0  0]
 [ 0  0 10  0  0  0]
 [ 0  1  0  9  0  0]
 [ 0  0  0  0 10  0]
 [ 0  0  0  0  0 10]]
0.933
n_feature=5, score=0.933
[0, 1, 0, 1, 0, 0, 1, 0, 1, 1, 0, 0, 0]
[[ 7  0  0  0  3  0]
 [ 0 10  0  0  0  0]
 [ 0  0 10  0  0  0]
 [ 0  1  0  9  0  0]
 [ 0  0  0  0 10  0]
 [ 0  0  0  0  0 10]]
0.933
n_feature=5, score=0.933
[0, 1, 0, 1, 0, 0, 1, 0, 1, 1, 0, 0, 0]
[[ 7  0  0  0  3  0]
 [ 0 10  0  0  0  0]
 [ 0  0 10  0  0  0]
 [ 0  1  0  9  0  0]
 [ 0  0  0  0 10  0]
 [ 0  0  0  0  0 10]]
0.933
n_feature=5, score=0.933
[0, 1, 0, 1, 0, 0, 1, 0, 1, 1, 0, 0, 0]
[[ 7  0  0  0  3  0]
 [ 0 10  0  0  0  0]
 [ 0  0 10  0  0  0]
 [ 0  1  0  9  0  0]
 [ 0  0  0  0 10  0]
 [ 0  0  0  0  0 10]]
0.933
n_feature=5, score=0.933
[0, 1, 0, 1, 0, 0, 1, 0, 1, 1, 0, 0, 0]
[[ 7  0  0  0  3  0]
 [ 0 10  0  0  0  0]
 [ 0  0 10  0  0  0]
 [ 0  1  0  9  0  0]
 [ 0  0  0  0 10  0]
 [ 0  0  0  0  0 10]]
0.933
n_feature=5, score=0.933
[0, 1, 0, 1, 0, 0, 1, 0, 1, 1, 0, 0, 0]
[[ 7  0  0  0  3  0]
 [ 0 10  0  0  0  0]
 [ 0  0 10  0  0  0]
 [ 0  1  0  9  0  0]
 [ 0  0  0  0 10  0]
 [ 0  0  0  0  0 10]]
0.933
n_feature=5, score=0.933
[0, 1, 0, 1, 0, 0, 1, 0, 1, 1, 0, 0, 0]
[[ 7  0  0  0  3  0]
 [ 0 10  0  0  0  0]
 [ 0  0 10  0  0  0]
 [ 0  1  0  9  0  0]
 [ 0  0  0  0 10  0]
 [ 0  0  0  0  0 10]]
0.933
n_feature=5, score=0.933
[0, 1, 0, 1, 0, 0, 1, 0, 1, 1, 0, 0, 0]
[[ 7  0  0  0  3  0]
 [ 0 10  0  0  0  0]
 [ 0  0 10  0  0  0]
 [ 0  1  0  9  0  0]
 [ 0  0  0  0 10  0]
 [ 0  0  0  0  0 10]]
0.933
n_feature=5, score=0.933
[0, 1, 0, 1, 0, 0, 1, 0, 1, 1, 0, 0, 0]
[[ 7  0  0  0  3  0]
 [ 0 10  0  0  0  0]
 [ 0  0 10  0  0  0]
 [ 0  1  0  9  0  0]
 [ 0  0  0  0 10  0]
 [ 0  0  0  0  0 10]]
0.933
******************************
[[0, 1, 0, 1, 0, 0, 1, 0, 1, 1, 0, 0, 0], [0, 1, 0, 1, 0, 0, 1, 0, 1, 1, 0, 0, 0], [0, 1, 0, 1, 0, 0, 1, 0, 1, 1, 0, 0, 0], [0, 1, 0, 1, 0, 0, 1, 0, 1, 1, 0, 0, 0], [0, 1, 0, 1, 0, 0, 1, 0, 1, 1, 0, 0, 0], [0, 1, 0, 1, 0, 0, 1, 0, 1, 1, 0, 0, 0], [0, 1, 0, 1, 0, 0, 1, 0, 1, 1, 0, 0, 0], [0, 1, 0, 1, 0, 0, 1, 0, 1, 1, 0, 0, 0], [0, 1, 0, 1, 0, 0, 1, 0, 1, 1, 0, 0, 0], [0, 1, 0, 1, 0, 0, 1, 0, 1, 1, 0, 0, 0], [0, 1, 0, 1, 0, 0, 1, 0, 1, 1, 0, 0, 0], [0, 1, 0, 1, 0, 0, 1, 0, 1, 1, 0, 0, 0], [0, 1, 0, 1, 0, 0, 1, 0, 1, 1, 0, 0, 0], [0, 1, 0, 1, 0, 0, 1, 0, 1, 1, 0, 0, 0], [0, 1, 0, 1, 0, 0, 1, 0, 1, 1, 0, 0, 0], [0, 1, 0, 1, 0, 0, 1, 0, 1, 1, 0, 0, 0], [0, 1, 0, 1, 0, 0, 1, 0, 1, 1, 0, 0, 0], [0, 1, 0, 1, 0, 0, 1, 0, 1, 1, 0, 0, 0], [0, 1, 0, 1, 0, 0, 1, 0, 1, 1, 0, 0, 0], [0, 1, 0, 1, 0, 0, 1, 0, 1, 1, 0, 0, 0]]
gen	nevals	avg              	std                    	min          	max            
0  	20    	[0.73665 6.2    ]	[0.13277247 1.74928557]	[0.417 3.   ]	[0.933 9.   ]  
1  	10    	[0.86325 7.     ]	[0.05865226 1.30384048]	[0.783 5.   ]	[ 0.933 10.   ]
2  	11    	[0.9091 7.15  ]  	[0.03342589 1.10792599]	[0.833 5.   ]	[0.933 9.   ]  
3  	15    	[0.9306 6.95  ]  	[0.00571314 0.86458082]	[0.917 6.   ]	[0.933 8.   ]  
4  	7     	[0.933 6.35 ]    	[0.         0.57227616]	[0.933 6.   ]	[0.933 8.   ]  
5  	14    	[0.933 6.   ]    	[0. 0.]                	[0.933 6.   ]	[0.933 6.   ]  
6  	11    	[0.933 6.05 ]    	[0.         0.21794495]	[0.933 6.   ]	[0.933 7.   ]  
7  	10    	[0.92555 5.95   ]	[0.02251105 0.21794495]	[0.85 5.  ]  	[0.933 6.   ]  
8  	12    	[0.9297 6.05  ]  	[0.01438437 0.21794495]	[0.867 6.   ]	[0.933 7.   ]  
9  	11    	[0.933 6.   ]    	[0. 0.]                	[0.933 6.   ]	[0.933 6.   ]  
10 	14    	[0.9247 6.    ]  	[0.03617886 0.54772256]	[0.767 4.   ]	[0.933 7.   ]  
11 	13    	[0.933 6.1  ]    	[0.         0.43588989]	[0.933 6.   ]	[0.933 8.   ]  
12 	18    	[0.933 6.05 ]    	[0.         0.21794495]	[0.933 6.   ]	[0.933 7.   ]  
13 	6     	[0.933 6.   ]    	[0. 0.]                	[0.933 6.   ]	[0.933 6.   ]  
14 	14    	[0.92635 5.85   ]	[0.02898668 0.4769696 ]	[0.8 4. ]    	[0.933 6.   ]  
15 	15    	[0.9247 6.    ]  	[0.0249     0.63245553]	[0.85 5.  ]  	[0.933 8.   ]  
16 	12    	[0.933 5.75 ]    	[0.         0.62249498]	[0.933 5.   ]	[0.933 7.   ]  
17 	11    	[0.933 5.25 ]    	[0.        0.4330127]  	[0.933 5.   ]	[0.933 6.   ]  
18 	12    	[0.92885 5.05   ]	[0.01808943 0.38405729]	[0.85 4.  ]  	[0.933 6.   ]  
19 	8     	[0.933 5.   ]    	[0. 0.]                	[0.933 5.   ]	[0.933 5.   ]  
20 	14    	[0.933 5.   ]    	[0. 0.]                	[0.933 5.   ]	[0.933 5.   ]  
******************************
*****hall of fame*****
use_sensor_num: 5.0, score: 0.933
[0, 1, 0, 1, 0, 0, 1, 0, 1, 1, 0, 0, 0]
[1, 3, 6, 8, 9]
*****hall of fame*****
use_sensor_num: 4.0, score: 0.85
[0, 1, 0, 1, 0, 0, 1, 0, 1, 0, 0, 0, 0]
[1, 3, 6, 8]
*****hall of fame*****
use_sensor_num: 3.0, score: 0.75
[0, 0, 0, 1, 0, 0, 0, 1, 0, 1, 0, 0, 0]
[3, 7, 9]
elapsed_time:130.6290464401245[sec]
