60,8
Starting Genetic Algorizm By Random Forest With 8 column
n_feature=6, score=0.867
[1, 1, 1, 1, 1, 0, 1, 0]
[[ 2  2  1  2  1  2]
 [ 0 10  0  0  0  0]
 [ 0  0 10  0  0  0]
 [ 0  0  0 10  0  0]
 [ 0  0  0  0 10  0]
 [ 0  0  0  0  0 10]]
0.867
n_feature=5, score=0.767
[1, 1, 0, 0, 0, 1, 1, 1]
[[ 5  0  2  0  2  1]
 [ 0 10  0  0  0  0]
 [ 0  0  6  0  4  0]
 [ 5  0  0  5  0  0]
 [ 0  0  0  0 10  0]
 [ 0  0  0  0  0 10]]
0.767
n_feature=2, score=0.35
[0, 1, 0, 0, 1, 0, 0, 0]
[[ 0  0  3  1  1  5]
 [ 0  0 10  0  0  0]
 [ 0  0 10  0  0  0]
 [ 0  0  0  1  0  9]
 [ 0  0  0  0  0 10]
 [ 0  0  0  0  0 10]]
0.35
n_feature=7, score=0.767
[1, 1, 1, 0, 1, 1, 1, 1]
[[ 1  0  4  0  1  4]
 [ 0 10  0  0  0  0]
 [ 0  0 10  0  0  0]
 [ 0  0  0  5  0  5]
 [ 0  0  0  0 10  0]
 [ 0  0  0  0  0 10]]
0.767
n_feature=5, score=0.817
[0, 1, 1, 1, 0, 1, 0, 1]
[[ 3  1  2  0  0  4]
 [ 0 10  0  0  0  0]
 [ 0  0 10  0  0  0]
 [ 0  0  0  6  4  0]
 [ 0  0  0  0 10  0]
 [ 0  0  0  0  0 10]]
0.817
n_feature=4, score=0.483
[0, 0, 1, 0, 1, 0, 1, 1]
[[ 0  1  3  0  0  6]
 [ 0 10  0  0  0  0]
 [ 0  0  8  0  0  2]
 [ 0  4  0  1  0  5]
 [ 0 10  0  0  0  0]
 [ 0  0  0  0  0 10]]
0.483
n_feature=5, score=0.883
[1, 1, 1, 0, 0, 1, 0, 1]
[[ 3  0  3  1  1  2]
 [ 0 10  0  0  0  0]
 [ 0  0 10  0  0  0]
 [ 0  0  0 10  0  0]
 [ 0  0  0  0 10  0]
 [ 0  0  0  0  0 10]]
0.883
n_feature=4, score=0.5
[1, 0, 1, 0, 1, 0, 1, 0]
[[ 0  1  4  3  2  0]
 [ 0  0  0 10  0  0]
 [ 0  0 10  0  0  0]
 [ 0  0  0 10  0  0]
 [ 0  0  0  0 10  0]
 [ 0  0  5  0  5  0]]
0.5
n_feature=4, score=0.733
[0, 0, 1, 1, 0, 0, 1, 1]
[[ 0  1  2  0  1  6]
 [ 0 10  0  0  0  0]
 [ 0  0  8  0  0  2]
 [ 0  0  0  6  4  0]
 [ 0  0  0  0 10  0]
 [ 0  0  0  0  0 10]]
0.733
n_feature=2, score=0.667
[1, 0, 0, 1, 0, 0, 0, 0]
[[ 0  5  0  1  1  3]
 [ 0 10  0  0  0  0]
 [ 0  1  0  0  6  3]
 [ 0  0  0 10  0  0]
 [ 0  0  0  0 10  0]
 [ 0  0  0  0  0 10]]
0.667
n_feature=3, score=0.65
[0, 1, 0, 0, 0, 1, 0, 1]
[[ 3  0  2  0  2  3]
 [ 0 10  0  0  0  0]
 [ 0  4  6  0  0  0]
 [ 0  0  0  0  4  6]
 [ 0  0  0  0 10  0]
 [ 0  0  0  0  0 10]]
0.65
n_feature=7, score=0.767
[1, 1, 1, 0, 1, 1, 1, 1]
[[ 1  0  4  0  1  4]
 [ 0 10  0  0  0  0]
 [ 0  0 10  0  0  0]
 [ 0  0  0  5  0  5]
 [ 0  0  0  0 10  0]
 [ 0  0  0  0  0 10]]
0.767
n_feature=4, score=0.7
[1, 0, 0, 0, 0, 1, 1, 1]
[[ 6  0  2  0  1  1]
 [ 0 10  0  0  0  0]
 [ 1  0  5  0  4  0]
 [ 5  4  0  1  0  0]
 [ 0  0  0  0 10  0]
 [ 0  0  0  0  0 10]]
0.7
n_feature=3, score=0.733
[0, 0, 0, 1, 0, 1, 0, 1]
[[ 3  1  2  0  0  4]
 [ 0 10  0  0  0  0]
 [ 1  0  5  0  4  0]
 [ 0  0  0  6  4  0]
 [ 0  0  0  0 10  0]
 [ 0  0  0  0  0 10]]
0.733
n_feature=4, score=0.733
[1, 0, 1, 0, 0, 0, 1, 1]
[[ 5  1  1  0  1  2]
 [ 0 10  0  0  0  0]
 [ 0  0  8  0  0  2]
 [ 5  4  0  1  0  0]
 [ 0  0  0  0 10  0]
 [ 0  0  0  0  0 10]]
0.733
n_feature=4, score=0.533
[0, 1, 0, 1, 1, 0, 1, 0]
[[ 0  2  0  1  1  6]
 [ 0 10  0  0  0  0]
 [ 0  4  1  5  0  0]
 [ 0  0  0  1  9  0]
 [ 0  0  0  0 10  0]
 [ 0  0  0  0  0 10]]
0.533
n_feature=5, score=0.733
[1, 0, 1, 1, 1, 0, 0, 1]
[[ 0  1  1  1  1  6]
 [ 0 10  0  0  0  0]
 [ 0  0  4  0  4  2]
 [ 0  0  0 10  0  0]
 [ 0  0  0  0 10  0]
 [ 0  0  0  0  0 10]]
0.733
n_feature=4, score=0.5
[1, 0, 1, 0, 1, 0, 1, 0]
[[ 0  1  4  3  2  0]
 [ 0  0  0 10  0  0]
 [ 0  0 10  0  0  0]
 [ 0  0  0 10  0  0]
 [ 0  0  0  0 10  0]
 [ 0  0  5  0  5  0]]
0.5
n_feature=4, score=0.733
[0, 1, 0, 1, 0, 1, 0, 1]
[[ 2  1  2  0  1  4]
 [ 0 10  0  0  0  0]
 [ 0  1  6  0  3  0]
 [ 0  0  0  6  4  0]
 [ 0  0  0  0 10  0]
 [ 0  0  0  0  0 10]]
0.733
n_feature=1, score=0.167
[0, 0, 0, 0, 1, 0, 0, 0]
[[ 0  0  0  0  0 10]
 [ 0  0  0  0  0 10]
 [ 0  0  0  0  0 10]
 [ 0  0  0  0  0 10]
 [ 0  0  0  0  0 10]
 [ 0  0  0  0  0 10]]
0.167
n_feature=5, score=0.883
[1, 1, 1, 0, 0, 1, 0, 1]
[[ 3  0  3  1  1  2]
 [ 0 10  0  0  0  0]
 [ 0  0 10  0  0  0]
 [ 0  0  0 10  0  0]
 [ 0  0  0  0 10  0]
 [ 0  0  0  0  0 10]]
0.883
n_feature=7, score=0.767
[1, 1, 1, 0, 1, 1, 1, 1]
[[ 1  0  4  0  1  4]
 [ 0 10  0  0  0  0]
 [ 0  0 10  0  0  0]
 [ 0  0  0  5  0  5]
 [ 0  0  0  0 10  0]
 [ 0  0  0  0  0 10]]
0.767
n_feature=7, score=0.767
[1, 1, 1, 0, 1, 1, 1, 1]
[[ 1  0  4  0  1  4]
 [ 0 10  0  0  0  0]
 [ 0  0 10  0  0  0]
 [ 0  0  0  5  0  5]
 [ 0  0  0  0 10  0]
 [ 0  0  0  0  0 10]]
0.767
n_feature=6, score=0.867
[1, 1, 1, 1, 1, 0, 1, 0]
[[ 2  2  1  2  1  2]
 [ 0 10  0  0  0  0]
 [ 0  0 10  0  0  0]
 [ 0  0  0 10  0  0]
 [ 0  0  0  0 10  0]
 [ 0  0  0  0  0 10]]
0.867
n_feature=4, score=0.733
[0, 1, 1, 1, 0, 1, 0, 0]
[[ 4  1  1  0  0  4]
 [ 0 10  0  0  0  0]
 [ 0  0 10  0  0  0]
 [ 0  0  0 10  0  0]
 [ 0  0  0 10  0  0]
 [ 0  0  0  0  0 10]]
0.733
n_feature=5, score=0.883
[1, 1, 1, 0, 0, 1, 0, 1]
[[ 3  0  3  1  1  2]
 [ 0 10  0  0  0  0]
 [ 0  0 10  0  0  0]
 [ 0  0  0 10  0  0]
 [ 0  0  0  0 10  0]
 [ 0  0  0  0  0 10]]
0.883
n_feature=5, score=0.817
[0, 1, 1, 1, 0, 1, 0, 1]
[[ 3  1  2  0  0  4]
 [ 0 10  0  0  0  0]
 [ 0  0 10  0  0  0]
 [ 0  0  0  6  4  0]
 [ 0  0  0  0 10  0]
 [ 0  0  0  0  0 10]]
0.817
n_feature=5, score=0.883
[1, 1, 1, 0, 0, 1, 0, 1]
[[ 3  0  3  1  1  2]
 [ 0 10  0  0  0  0]
 [ 0  0 10  0  0  0]
 [ 0  0  0 10  0  0]
 [ 0  0  0  0 10  0]
 [ 0  0  0  0  0 10]]
0.883
n_feature=1, score=0.333
[0, 0, 0, 0, 0, 0, 0, 1]
[[ 0  0  0  1  3  6]
 [ 0  0  0  0 10  0]
 [ 0  1  0  0  7  2]
 [ 1  0  0  0  4  5]
 [ 0  0  0  0 10  0]
 [ 0  0  0  0  0 10]]
0.333
n_feature=4, score=0.733
[0, 1, 1, 1, 0, 1, 0, 0]
[[ 4  1  1  0  0  4]
 [ 0 10  0  0  0  0]
 [ 0  0 10  0  0  0]
 [ 0  0  0 10  0  0]
 [ 0  0  0 10  0  0]
 [ 0  0  0  0  0 10]]
0.733
n_feature=5, score=0.883
[1, 1, 1, 0, 0, 1, 0, 1]
[[ 3  0  3  1  1  2]
 [ 0 10  0  0  0  0]
 [ 0  0 10  0  0  0]
 [ 0  0  0 10  0  0]
 [ 0  0  0  0 10  0]
 [ 0  0  0  0  0 10]]
0.883
n_feature=5, score=0.883
[1, 1, 1, 0, 0, 1, 0, 1]
[[ 3  0  3  1  1  2]
 [ 0 10  0  0  0  0]
 [ 0  0 10  0  0  0]
 [ 0  0  0 10  0  0]
 [ 0  0  0  0 10  0]
 [ 0  0  0  0  0 10]]
0.883
n_feature=5, score=0.883
[1, 1, 1, 0, 0, 1, 0, 1]
[[ 3  0  3  1  1  2]
 [ 0 10  0  0  0  0]
 [ 0  0 10  0  0  0]
 [ 0  0  0 10  0  0]
 [ 0  0  0  0 10  0]
 [ 0  0  0  0  0 10]]
0.883
n_feature=5, score=0.867
[1, 1, 1, 1, 1, 0, 0, 0]
[[ 2  2  1  2  1  2]
 [ 0 10  0  0  0  0]
 [ 0  0 10  0  0  0]
 [ 0  0  0 10  0  0]
 [ 0  0  0  0 10  0]
 [ 0  0  0  0  0 10]]
0.867
n_feature=1, score=0.167
[0, 0, 0, 0, 0, 0, 1, 0]
[[ 0  0  0  0  0 10]
 [ 0  0  0  0  0 10]
 [ 0  0  0  0  0 10]
 [ 0  0  0  0  0 10]
 [ 0  0  0  0  0 10]
 [ 0  0  0  0  0 10]]
0.167
n_feature=6, score=0.867
[1, 1, 1, 1, 1, 0, 1, 0]
[[ 2  2  1  2  1  2]
 [ 0 10  0  0  0  0]
 [ 0  0 10  0  0  0]
 [ 0  0  0 10  0  0]
 [ 0  0  0  0 10  0]
 [ 0  0  0  0  0 10]]
0.867
n_feature=7, score=0.767
[1, 1, 1, 0, 1, 1, 1, 1]
[[ 1  0  4  0  1  4]
 [ 0 10  0  0  0  0]
 [ 0  0 10  0  0  0]
 [ 0  0  0  5  0  5]
 [ 0  0  0  0 10  0]
 [ 0  0  0  0  0 10]]
0.767
n_feature=1, score=0.333
[1, 0, 0, 0, 0, 0, 0, 0]
[[ 0  1  0  5  0  4]
 [ 0  0  0 10  0  0]
 [ 0  0  0  1  0  9]
 [ 0  0  0 10  0  0]
 [ 0  0  0  0  0 10]
 [ 0  0  0  0  0 10]]
0.333
n_feature=4, score=0.733
[0, 1, 1, 0, 0, 1, 0, 1]
[[ 4  0  2  0  1  3]
 [ 0 10  0  0  0  0]
 [ 0  0 10  0  0  0]
 [ 0  0  0  0  4  6]
 [ 0  0  0  0 10  0]
 [ 0  0  0  0  0 10]]
0.733
n_feature=5, score=0.883
[1, 1, 1, 0, 0, 1, 0, 1]
[[ 3  0  3  1  1  2]
 [ 0 10  0  0  0  0]
 [ 0  0 10  0  0  0]
 [ 0  0  0 10  0  0]
 [ 0  0  0  0 10  0]
 [ 0  0  0  0  0 10]]
0.883
n_feature=5, score=0.883
[1, 1, 1, 0, 0, 1, 0, 1]
[[ 3  0  3  1  1  2]
 [ 0 10  0  0  0  0]
 [ 0  0 10  0  0  0]
 [ 0  0  0 10  0  0]
 [ 0  0  0  0 10  0]
 [ 0  0  0  0  0 10]]
0.883
n_feature=5, score=0.883
[1, 1, 1, 0, 0, 1, 0, 1]
[[ 3  0  3  1  1  2]
 [ 0 10  0  0  0  0]
 [ 0  0 10  0  0  0]
 [ 0  0  0 10  0  0]
 [ 0  0  0  0 10  0]
 [ 0  0  0  0  0 10]]
0.883
n_feature=5, score=0.883
[1, 1, 1, 0, 0, 1, 0, 1]
[[ 3  0  3  1  1  2]
 [ 0 10  0  0  0  0]
 [ 0  0 10  0  0  0]
 [ 0  0  0 10  0  0]
 [ 0  0  0  0 10  0]
 [ 0  0  0  0  0 10]]
0.883
n_feature=2, score=0.65
[1, 1, 0, 0, 0, 0, 0, 0]
[[ 0  2  1  4  0  3]
 [ 0 10  0  0  0  0]
 [ 0  1  9  0  0  0]
 [ 0  0  0 10  0  0]
 [ 0  0  0  0  0 10]
 [ 0  0  0  0  0 10]]
0.65
n_feature=4, score=0.733
[0, 1, 1, 0, 0, 1, 0, 1]
[[ 4  0  2  0  1  3]
 [ 0 10  0  0  0  0]
 [ 0  0 10  0  0  0]
 [ 0  0  0  0  4  6]
 [ 0  0  0  0 10  0]
 [ 0  0  0  0  0 10]]
0.733
n_feature=3, score=0.533
[0, 0, 1, 0, 0, 1, 0, 1]
[[ 1  1  4  0  0  4]
 [ 0 10  0  0  0  0]
 [ 0  0 10  0  0  0]
 [ 0  4  0  1  0  5]
 [ 0 10  0  0  0  0]
 [ 0  0  0  0  0 10]]
0.533
n_feature=2, score=0.65
[1, 1, 0, 0, 0, 0, 0, 0]
[[ 0  2  1  4  0  3]
 [ 0 10  0  0  0  0]
 [ 0  1  9  0  0  0]
 [ 0  0  0 10  0  0]
 [ 0  0  0  0  0 10]
 [ 0  0  0  0  0 10]]
0.65
n_feature=5, score=0.883
[1, 1, 1, 0, 0, 1, 0, 1]
[[ 3  0  3  1  1  2]
 [ 0 10  0  0  0  0]
 [ 0  0 10  0  0  0]
 [ 0  0  0 10  0  0]
 [ 0  0  0  0 10  0]
 [ 0  0  0  0  0 10]]
0.883
n_feature=5, score=0.883
[1, 1, 1, 0, 0, 1, 0, 1]
[[ 3  0  3  1  1  2]
 [ 0 10  0  0  0  0]
 [ 0  0 10  0  0  0]
 [ 0  0  0 10  0  0]
 [ 0  0  0  0 10  0]
 [ 0  0  0  0  0 10]]
0.883
n_feature=5, score=0.883
[1, 1, 1, 0, 0, 1, 0, 1]
[[ 3  0  3  1  1  2]
 [ 0 10  0  0  0  0]
 [ 0  0 10  0  0  0]
 [ 0  0  0 10  0  0]
 [ 0  0  0  0 10  0]
 [ 0  0  0  0  0 10]]
0.883
n_feature=4, score=0.883
[1, 1, 1, 0, 0, 0, 0, 1]
[[ 4  1  1  2  1  1]
 [ 0 10  0  0  0  0]
 [ 0  0 10  0  0  0]
 [ 1  0  0  9  0  0]
 [ 0  0  0  0 10  0]
 [ 0  0  0  0  0 10]]
0.883
n_feature=3, score=0.783
[1, 1, 1, 0, 0, 0, 0, 0]
[[ 2  1  2  2  2  1]
 [ 0 10  0  0  0  0]
 [ 0  0 10  0  0  0]
 [ 0  0  0 10  0  0]
 [ 0  0  0  0 10  0]
 [ 0  0  0  0  5  5]]
0.783
n_feature=2, score=0.467
[0, 0, 0, 0, 0, 1, 0, 1]
[[ 1  0  4  0  1  4]
 [ 0  0  0  0 10  0]
 [ 0  0  6  0  4  0]
 [ 0  0  0  1  4  5]
 [ 0  0  0  0 10  0]
 [ 0  0  0  0  0 10]]
0.467
n_feature=4, score=0.817
[1, 1, 1, 0, 0, 1, 0, 0]
[[ 4  1  2  1  2  0]
 [ 0 10  0  0  0  0]
 [ 0  0 10  0  0  0]
 [ 0  0  0 10  0  0]
 [ 0  0  0  0 10  0]
 [ 0  0  0  0  5  5]]
0.817
n_feature=1, score=0.333
[0, 0, 0, 0, 0, 0, 0, 1]
[[ 0  0  0  1  3  6]
 [ 0  0  0  0 10  0]
 [ 0  1  0  0  7  2]
 [ 1  0  0  0  4  5]
 [ 0  0  0  0 10  0]
 [ 0  0  0  0  0 10]]
0.333
n_feature=5, score=0.883
[1, 1, 1, 0, 0, 1, 0, 1]
[[ 3  0  3  1  1  2]
 [ 0 10  0  0  0  0]
 [ 0  0 10  0  0  0]
 [ 0  0  0 10  0  0]
 [ 0  0  0  0 10  0]
 [ 0  0  0  0  0 10]]
0.883
n_feature=5, score=0.883
[1, 1, 1, 0, 0, 1, 0, 1]
[[ 3  0  3  1  1  2]
 [ 0 10  0  0  0  0]
 [ 0  0 10  0  0  0]
 [ 0  0  0 10  0  0]
 [ 0  0  0  0 10  0]
 [ 0  0  0  0  0 10]]
0.883
n_feature=4, score=0.817
[1, 1, 1, 0, 0, 1, 0, 0]
[[ 4  1  2  1  2  0]
 [ 0 10  0  0  0  0]
 [ 0  0 10  0  0  0]
 [ 0  0  0 10  0  0]
 [ 0  0  0  0 10  0]
 [ 0  0  0  0  5  5]]
0.817
n_feature=1, score=0.333
[0, 0, 0, 0, 0, 0, 0, 1]
[[ 0  0  0  1  3  6]
 [ 0  0  0  0 10  0]
 [ 0  1  0  0  7  2]
 [ 1  0  0  0  4  5]
 [ 0  0  0  0 10  0]
 [ 0  0  0  0  0 10]]
0.333
n_feature=1, score=0.283
[0, 0, 0, 0, 0, 1, 0, 0]
[[ 2  0  3  0  0  5]
 [ 0  0  0  0  0 10]
 [ 0  0  6  1  0  3]
 [ 0  0  0  0  0 10]
 [ 0  0  0  0  0 10]
 [ 0  0  0  1  0  9]]
0.283
n_feature=1, score=0.333
[0, 0, 0, 0, 0, 0, 0, 1]
[[ 0  0  0  1  3  6]
 [ 0  0  0  0 10  0]
 [ 0  1  0  0  7  2]
 [ 1  0  0  0  4  5]
 [ 0  0  0  0 10  0]
 [ 0  0  0  0  0 10]]
0.333
n_feature=3, score=0.533
[0, 0, 1, 0, 0, 1, 0, 1]
[[ 1  1  4  0  0  4]
 [ 0 10  0  0  0  0]
 [ 0  0 10  0  0  0]
 [ 0  4  0  1  0  5]
 [ 0 10  0  0  0  0]
 [ 0  0  0  0  0 10]]
0.533
n_feature=2, score=0.333
[0, 0, 0, 1, 1, 0, 0, 0]
[[ 0  2  0  2  0  6]
 [ 0  0  0  0  0 10]
 [ 0  0  0  3  3  4]
 [ 0  0  0 10  0  0]
 [ 0  0  0 10  0  0]
 [ 0  0  0  0  0 10]]
0.333
n_feature=5, score=0.883
[1, 1, 1, 0, 0, 1, 0, 1]
[[ 3  0  3  1  1  2]
 [ 0 10  0  0  0  0]
 [ 0  0 10  0  0  0]
 [ 0  0  0 10  0  0]
 [ 0  0  0  0 10  0]
 [ 0  0  0  0  0 10]]
0.883
n_feature=5, score=0.883
[1, 1, 1, 0, 0, 1, 0, 1]
[[ 3  0  3  1  1  2]
 [ 0 10  0  0  0  0]
 [ 0  0 10  0  0  0]
 [ 0  0  0 10  0  0]
 [ 0  0  0  0 10  0]
 [ 0  0  0  0  0 10]]
0.883
n_feature=3, score=0.533
[0, 0, 1, 0, 0, 1, 0, 1]
[[ 1  1  4  0  0  4]
 [ 0 10  0  0  0  0]
 [ 0  0 10  0  0  0]
 [ 0  4  0  1  0  5]
 [ 0 10  0  0  0  0]
 [ 0  0  0  0  0 10]]
0.533
n_feature=2, score=0.65
[1, 1, 0, 0, 0, 0, 0, 0]
[[ 0  2  1  4  0  3]
 [ 0 10  0  0  0  0]
 [ 0  1  9  0  0  0]
 [ 0  0  0 10  0  0]
 [ 0  0  0  0  0 10]
 [ 0  0  0  0  0 10]]
0.65
n_feature=3, score=0.783
[1, 1, 1, 0, 0, 0, 0, 0]
[[ 2  1  2  2  2  1]
 [ 0 10  0  0  0  0]
 [ 0  0 10  0  0  0]
 [ 0  0  0 10  0  0]
 [ 0  0  0  0 10  0]
 [ 0  0  0  0  5  5]]
0.783
n_feature=2, score=0.467
[0, 0, 0, 0, 0, 1, 0, 1]
[[ 1  0  4  0  1  4]
 [ 0  0  0  0 10  0]
 [ 0  0  6  0  4  0]
 [ 0  0  0  1  4  5]
 [ 0  0  0  0 10  0]
 [ 0  0  0  0  0 10]]
0.467
n_feature=1, score=0.333
[0, 0, 0, 0, 0, 0, 0, 1]
[[ 0  0  0  1  3  6]
 [ 0  0  0  0 10  0]
 [ 0  1  0  0  7  2]
 [ 1  0  0  0  4  5]
 [ 0  0  0  0 10  0]
 [ 0  0  0  0  0 10]]
0.333
n_feature=3, score=0.783
[1, 1, 1, 0, 0, 0, 0, 0]
[[ 2  1  2  2  2  1]
 [ 0 10  0  0  0  0]
 [ 0  0 10  0  0  0]
 [ 0  0  0 10  0  0]
 [ 0  0  0  0 10  0]
 [ 0  0  0  0  5  5]]
0.783
n_feature=1, score=0.167
[0, 0, 0, 0, 0, 0, 1, 0]
[[ 0  0  0  0  0 10]
 [ 0  0  0  0  0 10]
 [ 0  0  0  0  0 10]
 [ 0  0  0  0  0 10]
 [ 0  0  0  0  0 10]
 [ 0  0  0  0  0 10]]
0.167
n_feature=2, score=0.467
[0, 0, 0, 0, 0, 1, 0, 1]
[[ 1  0  4  0  1  4]
 [ 0  0  0  0 10  0]
 [ 0  0  6  0  4  0]
 [ 0  0  0  1  4  5]
 [ 0  0  0  0 10  0]
 [ 0  0  0  0  0 10]]
0.467
n_feature=3, score=0.783
[1, 1, 1, 0, 0, 0, 0, 0]
[[ 2  1  2  2  2  1]
 [ 0 10  0  0  0  0]
 [ 0  0 10  0  0  0]
 [ 0  0  0 10  0  0]
 [ 0  0  0  0 10  0]
 [ 0  0  0  0  5  5]]
0.783
n_feature=4, score=0.833
[1, 1, 0, 0, 0, 1, 0, 1]
[[ 5  0  2  0  2  1]
 [ 0 10  0  0  0  0]
 [ 0  0 10  0  0  0]
 [ 5  0  0  5  0  0]
 [ 0  0  0  0 10  0]
 [ 0  0  0  0  0 10]]
0.833
n_feature=3, score=0.783
[1, 1, 1, 0, 0, 0, 0, 0]
[[ 2  1  2  2  2  1]
 [ 0 10  0  0  0  0]
 [ 0  0 10  0  0  0]
 [ 0  0  0 10  0  0]
 [ 0  0  0  0 10  0]
 [ 0  0  0  0  5  5]]
0.783
n_feature=2, score=0.467
[0, 0, 0, 0, 0, 1, 0, 1]
[[ 1  0  4  0  1  4]
 [ 0  0  0  0 10  0]
 [ 0  0  6  0  4  0]
 [ 0  0  0  1  4  5]
 [ 0  0  0  0 10  0]
 [ 0  0  0  0  0 10]]
0.467
n_feature=3, score=0.783
[1, 1, 1, 0, 0, 0, 0, 0]
[[ 2  1  2  2  2  1]
 [ 0 10  0  0  0  0]
 [ 0  0 10  0  0  0]
 [ 0  0  0 10  0  0]
 [ 0  0  0  0 10  0]
 [ 0  0  0  0  5  5]]
0.783
n_feature=3, score=0.533
[0, 0, 1, 0, 0, 1, 0, 1]
[[ 1  1  4  0  0  4]
 [ 0 10  0  0  0  0]
 [ 0  0 10  0  0  0]
 [ 0  4  0  1  0  5]
 [ 0 10  0  0  0  0]
 [ 0  0  0  0  0 10]]
0.533
n_feature=5, score=0.883
[1, 1, 1, 0, 0, 1, 0, 1]
[[ 3  0  3  1  1  2]
 [ 0 10  0  0  0  0]
 [ 0  0 10  0  0  0]
 [ 0  0  0 10  0  0]
 [ 0  0  0  0 10  0]
 [ 0  0  0  0  0 10]]
0.883
n_feature=3, score=0.783
[1, 1, 1, 0, 0, 0, 0, 0]
[[ 2  1  2  2  2  1]
 [ 0 10  0  0  0  0]
 [ 0  0 10  0  0  0]
 [ 0  0  0 10  0  0]
 [ 0  0  0  0 10  0]
 [ 0  0  0  0  5  5]]
0.783
n_feature=2, score=0.467
[0, 0, 0, 0, 0, 1, 0, 1]
[[ 1  0  4  0  1  4]
 [ 0  0  0  0 10  0]
 [ 0  0  6  0  4  0]
 [ 0  0  0  1  4  5]
 [ 0  0  0  0 10  0]
 [ 0  0  0  0  0 10]]
0.467
n_feature=5, score=0.883
[1, 1, 1, 0, 0, 1, 0, 1]
[[ 3  0  3  1  1  2]
 [ 0 10  0  0  0  0]
 [ 0  0 10  0  0  0]
 [ 0  0  0 10  0  0]
 [ 0  0  0  0 10  0]
 [ 0  0  0  0  0 10]]
0.883
n_feature=5, score=0.883
[1, 1, 1, 0, 0, 1, 0, 1]
[[ 3  0  3  1  1  2]
 [ 0 10  0  0  0  0]
 [ 0  0 10  0  0  0]
 [ 0  0  0 10  0  0]
 [ 0  0  0  0 10  0]
 [ 0  0  0  0  0 10]]
0.883
n_feature=5, score=0.883
[1, 1, 1, 0, 0, 1, 0, 1]
[[ 3  0  3  1  1  2]
 [ 0 10  0  0  0  0]
 [ 0  0 10  0  0  0]
 [ 0  0  0 10  0  0]
 [ 0  0  0  0 10  0]
 [ 0  0  0  0  0 10]]
0.883
n_feature=6, score=0.867
[1, 1, 1, 0, 0, 1, 1, 1]
[[ 3  0  3  1  1  2]
 [ 0 10  0  0  0  0]
 [ 0  0 10  0  0  0]
 [ 1  0  0  9  0  0]
 [ 0  0  0  0 10  0]
 [ 0  0  0  0  0 10]]
0.867
n_feature=5, score=0.883
[1, 1, 1, 0, 0, 1, 0, 1]
[[ 3  0  3  1  1  2]
 [ 0 10  0  0  0  0]
 [ 0  0 10  0  0  0]
 [ 0  0  0 10  0  0]
 [ 0  0  0  0 10  0]
 [ 0  0  0  0  0 10]]
0.883
n_feature=4, score=0.833
[1, 0, 1, 0, 0, 1, 0, 1]
[[ 4  0  2  2  1  1]
 [ 0 10  0  0  0  0]
 [ 0  0 10  0  0  0]
 [ 0  4  0  6  0  0]
 [ 0  0  0  0 10  0]
 [ 0  0  0  0  0 10]]
0.833
n_feature=2, score=0.467
[0, 0, 0, 0, 0, 1, 0, 1]
[[ 1  0  4  0  1  4]
 [ 0  0  0  0 10  0]
 [ 0  0  6  0  4  0]
 [ 0  0  0  1  4  5]
 [ 0  0  0  0 10  0]
 [ 0  0  0  0  0 10]]
0.467
n_feature=2, score=0.65
[1, 1, 0, 0, 0, 0, 0, 0]
[[ 0  2  1  4  0  3]
 [ 0 10  0  0  0  0]
 [ 0  1  9  0  0  0]
 [ 0  0  0 10  0  0]
 [ 0  0  0  0  0 10]
 [ 0  0  0  0  0 10]]
0.65
n_feature=1, score=0.333
[1, 0, 0, 0, 0, 0, 0, 0]
[[ 0  1  0  5  0  4]
 [ 0  0  0 10  0  0]
 [ 0  0  0  1  0  9]
 [ 0  0  0 10  0  0]
 [ 0  0  0  0  0 10]
 [ 0  0  0  0  0 10]]
0.333
n_feature=5, score=0.883
[1, 1, 1, 0, 0, 1, 0, 1]
[[ 3  0  3  1  1  2]
 [ 0 10  0  0  0  0]
 [ 0  0 10  0  0  0]
 [ 0  0  0 10  0  0]
 [ 0  0  0  0 10  0]
 [ 0  0  0  0  0 10]]
0.883
n_feature=5, score=0.883
[1, 1, 1, 0, 0, 1, 0, 1]
[[ 3  0  3  1  1  2]
 [ 0 10  0  0  0  0]
 [ 0  0 10  0  0  0]
 [ 0  0  0 10  0  0]
 [ 0  0  0  0 10  0]
 [ 0  0  0  0  0 10]]
0.883
n_feature=2, score=0.467
[0, 0, 0, 0, 0, 1, 0, 1]
[[ 1  0  4  0  1  4]
 [ 0  0  0  0 10  0]
 [ 0  0  6  0  4  0]
 [ 0  0  0  1  4  5]
 [ 0  0  0  0 10  0]
 [ 0  0  0  0  0 10]]
0.467
n_feature=3, score=0.783
[1, 1, 1, 0, 0, 0, 0, 0]
[[ 2  1  2  2  2  1]
 [ 0 10  0  0  0  0]
 [ 0  0 10  0  0  0]
 [ 0  0  0 10  0  0]
 [ 0  0  0  0 10  0]
 [ 0  0  0  0  5  5]]
0.783
n_feature=6, score=0.867
[1, 1, 1, 0, 0, 1, 1, 1]
[[ 3  0  3  1  1  2]
 [ 0 10  0  0  0  0]
 [ 0  0 10  0  0  0]
 [ 1  0  0  9  0  0]
 [ 0  0  0  0 10  0]
 [ 0  0  0  0  0 10]]
0.867
n_feature=6, score=0.867
[1, 1, 1, 0, 0, 1, 1, 1]
[[ 3  0  3  1  1  2]
 [ 0 10  0  0  0  0]
 [ 0  0 10  0  0  0]
 [ 1  0  0  9  0  0]
 [ 0  0  0  0 10  0]
 [ 0  0  0  0  0 10]]
0.867
n_feature=5, score=0.883
[1, 1, 1, 0, 0, 1, 0, 1]
[[ 3  0  3  1  1  2]
 [ 0 10  0  0  0  0]
 [ 0  0 10  0  0  0]
 [ 0  0  0 10  0  0]
 [ 0  0  0  0 10  0]
 [ 0  0  0  0  0 10]]
0.883
n_feature=1, score=0.333
[0, 0, 0, 0, 0, 0, 0, 1]
[[ 0  0  0  1  3  6]
 [ 0  0  0  0 10  0]
 [ 0  1  0  0  7  2]
 [ 1  0  0  0  4  5]
 [ 0  0  0  0 10  0]
 [ 0  0  0  0  0 10]]
0.333
n_feature=4, score=0.817
[1, 1, 1, 0, 0, 1, 0, 0]
[[ 4  1  2  1  2  0]
 [ 0 10  0  0  0  0]
 [ 0  0 10  0  0  0]
 [ 0  0  0 10  0  0]
 [ 0  0  0  0 10  0]
 [ 0  0  0  0  5  5]]
0.817
n_feature=3, score=0.783
[1, 1, 1, 0, 0, 0, 0, 0]
[[ 2  1  2  2  2  1]
 [ 0 10  0  0  0  0]
 [ 0  0 10  0  0  0]
 [ 0  0  0 10  0  0]
 [ 0  0  0  0 10  0]
 [ 0  0  0  0  5  5]]
0.783
n_feature=2, score=0.6
[0, 0, 0, 1, 0, 0, 0, 1]
[[ 0  2  0  0  2  6]
 [ 0 10  0  0  0  0]
 [ 0  2  0  0  6  2]
 [ 0  0  0  6  4  0]
 [ 0  0  0  0 10  0]
 [ 0  0  0  0  0 10]]
0.6
n_feature=1, score=0.333
[0, 0, 0, 0, 0, 0, 0, 1]
[[ 0  0  0  1  3  6]
 [ 0  0  0  0 10  0]
 [ 0  1  0  0  7  2]
 [ 1  0  0  0  4  5]
 [ 0  0  0  0 10  0]
 [ 0  0  0  0  0 10]]
0.333
n_feature=3, score=0.733
[0, 0, 0, 1, 0, 1, 0, 1]
[[ 3  1  2  0  0  4]
 [ 0 10  0  0  0  0]
 [ 1  0  5  0  4  0]
 [ 0  0  0  6  4  0]
 [ 0  0  0  0 10  0]
 [ 0  0  0  0  0 10]]
0.733
n_feature=1, score=0.333
[0, 0, 0, 0, 0, 0, 0, 1]
[[ 0  0  0  1  3  6]
 [ 0  0  0  0 10  0]
 [ 0  1  0  0  7  2]
 [ 1  0  0  0  4  5]
 [ 0  0  0  0 10  0]
 [ 0  0  0  0  0 10]]
0.333
n_feature=5, score=0.817
[1, 1, 1, 0, 0, 1, 1, 0]
[[ 4  1  2  1  2  0]
 [ 0 10  0  0  0  0]
 [ 0  0 10  0  0  0]
 [ 0  0  0 10  0  0]
 [ 0  0  0  0 10  0]
 [ 0  0  0  0  5  5]]
0.817
n_feature=3, score=0.783
[1, 1, 1, 0, 0, 0, 0, 0]
[[ 2  1  2  2  2  1]
 [ 0 10  0  0  0  0]
 [ 0  0 10  0  0  0]
 [ 0  0  0 10  0  0]
 [ 0  0  0  0 10  0]
 [ 0  0  0  0  5  5]]
0.783
n_feature=2, score=0.467
[0, 0, 0, 0, 0, 1, 0, 1]
[[ 1  0  4  0  1  4]
 [ 0  0  0  0 10  0]
 [ 0  0  6  0  4  0]
 [ 0  0  0  1  4  5]
 [ 0  0  0  0 10  0]
 [ 0  0  0  0  0 10]]
0.467
n_feature=4, score=0.733
[0, 1, 1, 0, 0, 1, 0, 1]
[[ 4  0  2  0  1  3]
 [ 0 10  0  0  0  0]
 [ 0  0 10  0  0  0]
 [ 0  0  0  0  4  6]
 [ 0  0  0  0 10  0]
 [ 0  0  0  0  0 10]]
0.733
n_feature=1, score=0.333
[1, 0, 0, 0, 0, 0, 0, 0]
[[ 0  1  0  5  0  4]
 [ 0  0  0 10  0  0]
 [ 0  0  0  1  0  9]
 [ 0  0  0 10  0  0]
 [ 0  0  0  0  0 10]
 [ 0  0  0  0  0 10]]
0.333
n_feature=1, score=0.333
[0, 0, 0, 1, 0, 0, 0, 0]
[[ 0  1  0  2  0  7]
 [ 0  0  0  0  0 10]
 [ 0  0  0  3  3  4]
 [ 0  0  0 10  0  0]
 [ 0  0  0 10  0  0]
 [ 0  0  0  0  0 10]]
0.333
n_feature=1, score=0.333
[0, 0, 0, 0, 0, 0, 0, 1]
[[ 0  0  0  1  3  6]
 [ 0  0  0  0 10  0]
 [ 0  1  0  0  7  2]
 [ 1  0  0  0  4  5]
 [ 0  0  0  0 10  0]
 [ 0  0  0  0  0 10]]
0.333
n_feature=1, score=0.333
[1, 0, 0, 0, 0, 0, 0, 0]
[[ 0  1  0  5  0  4]
 [ 0  0  0 10  0  0]
 [ 0  0  0  1  0  9]
 [ 0  0  0 10  0  0]
 [ 0  0  0  0  0 10]
 [ 0  0  0  0  0 10]]
0.333
n_feature=1, score=0.333
[0, 0, 0, 0, 0, 0, 0, 1]
[[ 0  0  0  1  3  6]
 [ 0  0  0  0 10  0]
 [ 0  1  0  0  7  2]
 [ 1  0  0  0  4  5]
 [ 0  0  0  0 10  0]
 [ 0  0  0  0  0 10]]
0.333
n_feature=1, score=0.333
[0, 0, 0, 1, 0, 0, 0, 0]
[[ 0  1  0  2  0  7]
 [ 0  0  0  0  0 10]
 [ 0  0  0  3  3  4]
 [ 0  0  0 10  0  0]
 [ 0  0  0 10  0  0]
 [ 0  0  0  0  0 10]]
0.333
n_feature=1, score=0.333
[0, 0, 0, 1, 0, 0, 0, 0]
[[ 0  1  0  2  0  7]
 [ 0  0  0  0  0 10]
 [ 0  0  0  3  3  4]
 [ 0  0  0 10  0  0]
 [ 0  0  0 10  0  0]
 [ 0  0  0  0  0 10]]
0.333
n_feature=1, score=0.283
[0, 0, 0, 0, 0, 1, 0, 0]
[[ 2  0  3  0  0  5]
 [ 0  0  0  0  0 10]
 [ 0  0  6  1  0  3]
 [ 0  0  0  0  0 10]
 [ 0  0  0  0  0 10]
 [ 0  0  0  1  0  9]]
0.283
n_feature=1, score=0.333
[0, 0, 0, 0, 0, 0, 0, 1]
[[ 0  0  0  1  3  6]
 [ 0  0  0  0 10  0]
 [ 0  1  0  0  7  2]
 [ 1  0  0  0  4  5]
 [ 0  0  0  0 10  0]
 [ 0  0  0  0  0 10]]
0.333
n_feature=1, score=0.167
[0, 0, 0, 0, 1, 0, 0, 0]
[[ 0  0  0  0  0 10]
 [ 0  0  0  0  0 10]
 [ 0  0  0  0  0 10]
 [ 0  0  0  0  0 10]
 [ 0  0  0  0  0 10]
 [ 0  0  0  0  0 10]]
0.167
n_feature=2, score=0.65
[1, 1, 0, 0, 0, 0, 0, 0]
[[ 0  2  1  4  0  3]
 [ 0 10  0  0  0  0]
 [ 0  1  9  0  0  0]
 [ 0  0  0 10  0  0]
 [ 0  0  0  0  0 10]
 [ 0  0  0  0  0 10]]
0.65
n_feature=1, score=0.167
[0, 0, 0, 0, 0, 0, 1, 0]
[[ 0  0  0  0  0 10]
 [ 0  0  0  0  0 10]
 [ 0  0  0  0  0 10]
 [ 0  0  0  0  0 10]
 [ 0  0  0  0  0 10]
 [ 0  0  0  0  0 10]]
0.167
n_feature=1, score=0.333
[0, 0, 0, 0, 0, 0, 0, 1]
[[ 0  0  0  1  3  6]
 [ 0  0  0  0 10  0]
 [ 0  1  0  0  7  2]
 [ 1  0  0  0  4  5]
 [ 0  0  0  0 10  0]
 [ 0  0  0  0  0 10]]
0.333
******************************
[[0, 0, 0, 0, 0, 0, 0, 0], [0, 0, 0, 0, 0, 0, 0, 0], [0, 0, 0, 0, 0, 0, 0, 0], [0, 0, 0, 0, 0, 0, 0, 0], [0, 0, 0, 0, 0, 0, 0, 0], [0, 0, 0, 0, 0, 0, 0, 0], [0, 0, 0, 0, 0, 0, 0, 0], [0, 0, 0, 0, 0, 0, 0, 0], [0, 0, 0, 0, 0, 0, 0, 0], [0, 0, 0, 0, 0, 0, 0, 0], [0, 0, 0, 0, 0, 0, 0, 0], [0, 0, 0, 0, 0, 0, 0, 0], [0, 0, 0, 0, 0, 0, 0, 0], [0, 0, 0, 0, 0, 0, 0, 0], [0, 0, 0, 0, 0, 0, 0, 0], [0, 0, 0, 0, 0, 0, 0, 0], [0, 0, 0, 0, 0, 0, 0, 0], [0, 0, 0, 0, 0, 0, 0, 0], [0, 0, 0, 0, 0, 0, 0, 0], [0, 0, 0, 0, 0, 0, 0, 0]]
gen	nevals	avg                      	std                          	min                    	max                  
0  	20    	[ 500.5958 -495.85  ]    	[2179.08337436 2180.17252242]	[ 3.500e-01 -9.999e+03]	[9.999e+03 7.000e+00]
1  	12    	[1000.58 -995.4 ]        	[2999.47333874 3001.20044982]	[ 1.670e-01 -9.999e+03]	[9.999e+03 7.000e+00]
2  	13    	[ 500.69905 -495.3    ]  	[2179.0596911  2180.29883502]	[ 1.670e-01 -9.999e+03]	[9.999e+03 7.000e+00]
3  	8     	[ 1500.54485 -1495.85   ]	[3570.06524883 3572.03767162]	[ 5.330e-01 -9.999e+03]	[9.999e+03 7.000e+00]
4  	7     	[ 2000.4498 -1996.35  ]  	[3999.27510256 4001.32514644]	[ 3.330e-01 -9.999e+03]	[9.999e+03 5.000e+00]
5  	15    	[ 2000.28565 -1997.5    ]	[3999.3571803 4000.7502234]  	[ 2.830e-01 -9.999e+03]	[9.999e+03 5.000e+00]
6  	9     	[ 1500.46735 -1496.7    ]	[3570.09780904 3571.68060022]	[ 1.670e-01 -9.999e+03]	[9.999e+03 5.000e+00]
7  	12    	[ 1500.534 -1496.25 ]    	[3570.06980761 3571.86963473]	[ 4.670e-01 -9.999e+03]	[9.999e+03 6.000e+00]
8  	8     	[ 2500.35735 -2496.35   ]	[4329.34335488 4331.6571572 ]	[ 3.330e-01 -9.999e+03]	[9.999e+03 6.000e+00]
9  	8     	[ 5499.7966 -5497.65  ]  	[4974.05651252 4976.42977721]	[ 3.330e-01 -9.999e+03]	[9.999e+03 6.000e+00]
10 	18    	[ 5999.6266 -5998.4   ]  	[4898.21206216 4899.71441413]	[ 3.330e-01 -9.999e+03]	[9.999e+03 5.000e+00]
11 	8     	[ 7999.2866 -7998.85  ]  	[3999.42680075 4000.30004218]	[ 3.330e-01 -9.999e+03]	[9.999e+03 4.000e+00]
12 	16    	[ 9499.06665 -9499.     ]	[2179.15895116 2179.44947177]	[ 3.330e-01 -9.999e+03]	[9.999e+03 1.000e+00]
13 	9     	[ 9499.06665 -9499.     ]	[2179.15895116 2179.44947177]	[ 3.330e-01 -9.999e+03]	[9.999e+03 1.000e+00]
14 	14    	[ 9499.06665 -9499.     ]	[2179.15895116 2179.44947177]	[ 3.330e-01 -9.999e+03]	[9.999e+03 1.000e+00]
15 	10    	[ 9499.06415 -9499.     ]	[2179.1698484  2179.44947177]	[ 2.830e-01 -9.999e+03]	[9.999e+03 1.000e+00]
16 	14    	[ 9999. -9999.]          	[0. 0.]                      	[ 9999. -9999.]        	[ 9999. -9999.]      
17 	15    	[ 8999.125 -8999.   ]    	[2999.62500011 3000.        ]	[ 1.670e-01 -9.999e+03]	[9.999e+03 1.000e+00]
18 	11    	[ 9499.0825 -9498.95  ]  	[2179.08986261 2179.66741672]	[ 6.500e-01 -9.999e+03]	[9.999e+03 2.000e+00]
19 	10    	[ 8999.125 -8999.   ]    	[2999.62500011 3000.        ]	[ 1.670e-01 -9.999e+03]	[9.999e+03 1.000e+00]
20 	10    	[ 9999. -9999.]          	[0. 0.]                      	[ 9999. -9999.]        	[ 9999. -9999.]      
******************************
*****hall of fame*****
use_sensor_num: -9999.0, score: 9999.0
[0, 0, 0, 0, 0, 0, 0, 0]
[]
elapsed_time:53.3408944606781[sec]
