60,9
Starting Genetic Algorizm By Random Forest With 9 column
n_feature=7, score=0.633
[1, 1, 1, 1, 1, 0, 1, 0, 1]
[[ 5  2  1  0  0  2]
 [ 0 10  0  0  0  0]
 [ 0  0  7  0  0  3]
 [ 5  0  0  5  0  0]
 [ 0  0  0  0  7  3]
 [ 0  0  0  0  6  4]]
0.633
n_feature=5, score=0.45
[1, 0, 0, 0, 1, 1, 1, 0, 1]
[[ 0  0  0  0  2  8]
 [ 0  0  0  0  4  6]
 [ 1  0  6  0  0  3]
 [ 0  1  0  1  5  3]
 [ 0  0  0  0 10  0]
 [ 0  0  0  0  0 10]]
0.45
n_feature=4, score=0.45
[0, 0, 1, 0, 0, 0, 1, 1, 1]
[[ 0  0  0  1  7  2]
 [ 0  3  1  0  6  0]
 [ 0  0  4  0  5  1]
 [ 0  0  0  0  9  1]
 [ 0  0  0  0 10  0]
 [ 0  0  0  0  0 10]]
0.45
n_feature=7, score=0.683
[0, 1, 1, 1, 1, 0, 1, 1, 1]
[[ 7  0  1  0  0  2]
 [ 7  3  0  0  0  0]
 [ 0  0  9  0  0  1]
 [ 5  0  0  5  0  0]
 [ 0  0  3  0  7  0]
 [ 0  0  0  0  0 10]]
0.683
n_feature=4, score=0.483
[0, 1, 0, 1, 0, 0, 1, 0, 1]
[[ 7  0  3  0  0  0]
 [10  0  0  0  0  0]
 [ 0  0 10  0  0  0]
 [ 5  0  0  5  0  0]
 [ 0  0  3  0  7  0]
 [ 0  0  4  0  6  0]]
0.483
n_feature=6, score=0.683
[0, 1, 1, 1, 1, 1, 0, 0, 1]
[[ 7  0  1  0  2  0]
 [ 6  4  0  0  0  0]
 [ 0  0 10  0  0  0]
 [ 0  5  0  4  1  0]
 [ 0  0  0  0 10  0]
 [ 0  0  4  0  0  6]]
0.683
n_feature=5, score=0.483
[0, 1, 1, 0, 1, 0, 1, 0, 1]
[[ 0  2  1  5  0  2]
 [ 1  9  0  0  0  0]
 [ 0  0  0  0  0 10]
 [ 0  0  0 10  0  0]
 [ 0  0  0  0  0 10]
 [ 0  0  0  0  0 10]]
0.483
n_feature=4, score=0.367
[0, 0, 0, 1, 1, 0, 0, 1, 1]
[[ 0  0  8  0  0  2]
 [ 0  0  7  0  0  3]
 [ 1  0  8  0  0  1]
 [ 0  0  5  4  0  1]
 [ 0  0  3  7  0  0]
 [ 0  0  0  0  0 10]]
0.367
n_feature=2, score=0.483
[1, 0, 0, 1, 0, 0, 0, 0, 0]
[[ 1  9  0  0  0  0]
 [ 0 10  0  0  0  0]
 [ 0  3  7  0  0  0]
 [ 1  3  0  5  1  0]
 [ 2  1  0  1  6  0]
 [ 2  2  0  4  2  0]]
0.483
n_feature=3, score=0.25
[1, 0, 0, 0, 1, 0, 1, 0, 0]
[[ 0  0  2  0  0  8]
 [ 0  0  0  0  0 10]
 [ 0  0  5  0  2  3]
 [ 0  0  0  0  0 10]
 [ 0  0  0  0  0 10]
 [ 0  0  0  0  0 10]]
0.25
n_feature=3, score=0.4
[0, 0, 0, 0, 0, 0, 1, 1, 1]
[[ 0  1  0  1  7  1]
 [ 0  0  1  0  6  3]
 [ 0  0  4  0  5  1]
 [ 0  0  0  0  9  1]
 [ 0  0  0  0 10  0]
 [ 0  0  0  0  0 10]]
0.4
n_feature=5, score=0.683
[0, 1, 1, 1, 1, 1, 0, 0, 0]
[[ 7  0  1  0  2  0]
 [ 6  4  0  0  0  0]
 [ 0  0 10  0  0  0]
 [ 0  5  0  4  1  0]
 [ 0  0  0  0 10  0]
 [ 0  0  4  0  0  6]]
0.683
n_feature=4, score=0.683
[0, 1, 1, 1, 0, 0, 0, 1, 0]
[[ 7  0  1  0  0  2]
 [ 7  3  0  0  0  0]
 [ 0  0  9  0  0  1]
 [ 5  0  0  5  0  0]
 [ 0  0  3  0  7  0]
 [ 0  0  0  0  0 10]]
0.683
n_feature=4, score=0.533
[1, 0, 1, 1, 0, 1, 0, 0, 0]
[[ 3  0  0  0  2  5]
 [ 6  4  0  0  0  0]
 [ 1  0  7  0  0  2]
 [ 0  0  0  4  6  0]
 [ 0  0  0  0 10  0]
 [ 0  0  0  6  0  4]]
0.533
n_feature=6, score=0.717
[1, 1, 0, 1, 0, 1, 1, 0, 1]
[[ 7  1  0  0  1  1]
 [ 6  4  0  0  0  0]
 [ 0  0  8  0  0  2]
 [ 0  6  0  4  0  0]
 [ 0  0  0  0 10  0]
 [ 0  0  0  0  0 10]]
0.717
n_feature=5, score=0.683
[0, 1, 0, 1, 1, 1, 0, 0, 1]
[[ 7  0  1  0  2  0]
 [ 6  4  0  0  0  0]
 [ 0  0 10  0  0  0]
 [ 0  6  0  4  0  0]
 [ 0  0  0  0 10  0]
 [ 0  0  4  0  0  6]]
0.683
n_feature=4, score=0.417
[1, 0, 1, 0, 1, 0, 1, 0, 0]
[[ 0  2  0  1  1  6]
 [ 0 10  0  0  0  0]
 [ 0  0  5  2  0  3]
 [ 0  0  0  0  0 10]
 [ 0  0  0  0  0 10]
 [ 0  0  0  0  0 10]]
0.417
n_feature=4, score=0.417
[1, 0, 1, 0, 1, 0, 1, 0, 0]
[[ 0  2  0  1  1  6]
 [ 0 10  0  0  0  0]
 [ 0  0  5  2  0  3]
 [ 0  0  0  0  0 10]
 [ 0  0  0  0  0 10]
 [ 0  0  0  0  0 10]]
0.417
n_feature=5, score=0.717
[1, 1, 1, 1, 0, 0, 0, 1, 0]
[[ 7  0  1  0  0  2]
 [ 7  3  0  0  0  0]
 [ 0  0  9  0  0  1]
 [ 5  0  0  5  0  0]
 [ 0  0  1  0  9  0]
 [ 0  0  0  0  0 10]]
0.717
n_feature=3, score=0.367
[0, 0, 0, 1, 1, 0, 0, 1, 0]
[[0 2 8 0 0 0]
 [0 3 7 0 0 0]
 [3 1 6 0 0 0]
 [0 0 5 4 0 1]
 [0 0 3 4 3 0]
 [0 4 0 0 0 6]]
0.367
n_feature=4, score=0.5
[1, 1, 0, 1, 0, 0, 0, 0, 1]
[[ 7  0  0  0  0  3]
 [10  0  0  0  0  0]
 [ 0  0  7  0  0  3]
 [ 5  0  0  5  0  0]
 [ 0  0  0  0  7  3]
 [ 0  0  0  0  6  4]]
0.5
n_feature=6, score=0.633
[1, 1, 1, 1, 1, 0, 1, 0, 0]
[[ 5  2  1  0  0  2]
 [ 0 10  0  0  0  0]
 [ 0  0  7  0  0  3]
 [ 5  0  0  5  0  0]
 [ 0  0  0  0  7  3]
 [ 0  0  0  0  6  4]]
0.633
n_feature=4, score=0.683
[0, 1, 1, 1, 0, 0, 0, 1, 0]
[[ 7  0  1  0  0  2]
 [ 7  3  0  0  0  0]
 [ 0  0  9  0  0  1]
 [ 5  0  0  5  0  0]
 [ 0  0  3  0  7  0]
 [ 0  0  0  0  0 10]]
0.683
n_feature=6, score=0.583
[1, 1, 1, 0, 1, 0, 1, 0, 1]
[[ 0  2  0  5  1  2]
 [ 0 10  0  0  0  0]
 [ 0  0  5  0  0  5]
 [ 0  0  0 10  0  0]
 [ 0  0  0  0  0 10]
 [ 0  0  0  0  0 10]]
0.583
n_feature=7, score=0.717
[1, 1, 1, 1, 1, 1, 0, 0, 1]
[[ 7  0  0  0  2  1]
 [ 6  4  0  0  0  0]
 [ 0  0  8  0  0  2]
 [ 0  5  0  4  1  0]
 [ 0  0  0  0 10  0]
 [ 0  0  0  0  0 10]]
0.717
n_feature=5, score=0.683
[0, 1, 0, 1, 0, 1, 1, 0, 1]
[[ 7  1  1  0  1  0]
 [ 6  4  0  0  0  0]
 [ 0  0 10  0  0  0]
 [ 0  6  0  4  0  0]
 [ 0  0  0  0 10  0]
 [ 0  0  4  0  0  6]]
0.683
n_feature=7, score=0.733
[0, 1, 1, 1, 1, 1, 0, 1, 1]
[[ 7  1  0  0  1  1]
 [ 6  4  0  0  0  0]
 [ 0  0  9  0  0  1]
 [ 3  0  0  4  3  0]
 [ 0  0  0  0 10  0]
 [ 0  0  0  0  0 10]]
0.733
n_feature=5, score=0.617
[0, 1, 1, 1, 1, 0, 1, 0, 0]
[[ 5  2  3  0  0  0]
 [ 0 10  0  0  0  0]
 [ 0  0 10  0  0  0]
 [ 5  0  0  5  0  0]
 [ 0  0  1  0  7  2]
 [ 0  0  4  0  6  0]]
0.617
n_feature=5, score=0.683
[0, 1, 1, 1, 1, 1, 0, 0, 0]
[[ 7  0  1  0  2  0]
 [ 6  4  0  0  0  0]
 [ 0  0 10  0  0  0]
 [ 0  5  0  4  1  0]
 [ 0  0  0  0 10  0]
 [ 0  0  4  0  0  6]]
0.683
n_feature=6, score=0.683
[0, 1, 1, 1, 1, 1, 0, 0, 1]
[[ 7  0  1  0  2  0]
 [ 6  4  0  0  0  0]
 [ 0  0 10  0  0  0]
 [ 0  5  0  4  1  0]
 [ 0  0  0  0 10  0]
 [ 0  0  4  0  0  6]]
0.683
n_feature=5, score=0.733
[1, 1, 0, 1, 0, 1, 0, 1, 0]
[[ 7  1  0  0  1  1]
 [ 6  4  0  0  0  0]
 [ 0  0  9  0  0  1]
 [ 0  4  0  4  2  0]
 [ 0  0  0  0 10  0]
 [ 0  0  0  0  0 10]]
0.733
n_feature=7, score=0.717
[1, 1, 1, 1, 0, 0, 1, 1, 1]
[[ 7  0  1  0  0  2]
 [ 7  3  0  0  0  0]
 [ 0  0  9  0  0  1]
 [ 5  0  0  5  0  0]
 [ 0  0  1  0  9  0]
 [ 0  0  0  0  0 10]]
0.717
n_feature=5, score=0.683
[0, 1, 1, 1, 1, 1, 0, 0, 0]
[[ 7  0  1  0  2  0]
 [ 6  4  0  0  0  0]
 [ 0  0 10  0  0  0]
 [ 0  5  0  4  1  0]
 [ 0  0  0  0 10  0]
 [ 0  0  4  0  0  6]]
0.683
n_feature=6, score=0.683
[0, 1, 1, 1, 1, 1, 0, 0, 1]
[[ 7  0  1  0  2  0]
 [ 6  4  0  0  0  0]
 [ 0  0 10  0  0  0]
 [ 0  5  0  4  1  0]
 [ 0  0  0  0 10  0]
 [ 0  0  4  0  0  6]]
0.683
n_feature=4, score=0.683
[0, 1, 1, 1, 0, 0, 0, 1, 0]
[[ 7  0  1  0  0  2]
 [ 7  3  0  0  0  0]
 [ 0  0  9  0  0  1]
 [ 5  0  0  5  0  0]
 [ 0  0  3  0  7  0]
 [ 0  0  0  0  0 10]]
0.683
n_feature=4, score=0.683
[0, 1, 1, 1, 0, 0, 0, 1, 0]
[[ 7  0  1  0  0  2]
 [ 7  3  0  0  0  0]
 [ 0  0  9  0  0  1]
 [ 5  0  0  5  0  0]
 [ 0  0  3  0  7  0]
 [ 0  0  0  0  0 10]]
0.683
n_feature=4, score=0.683
[0, 1, 1, 1, 0, 0, 0, 1, 0]
[[ 7  0  1  0  0  2]
 [ 7  3  0  0  0  0]
 [ 0  0  9  0  0  1]
 [ 5  0  0  5  0  0]
 [ 0  0  3  0  7  0]
 [ 0  0  0  0  0 10]]
0.683
n_feature=4, score=0.683
[0, 1, 1, 1, 0, 0, 0, 1, 0]
[[ 7  0  1  0  0  2]
 [ 7  3  0  0  0  0]
 [ 0  0  9  0  0  1]
 [ 5  0  0  5  0  0]
 [ 0  0  3  0  7  0]
 [ 0  0  0  0  0 10]]
0.683
n_feature=3, score=0.483
[0, 0, 1, 1, 0, 0, 0, 1, 0]
[[ 0  0  8  0  0  2]
 [ 0  3  7  0  0  0]
 [ 0  0  9  0  0  1]
 [ 0  0  5  4  0  1]
 [ 0  0  3  4  3  0]
 [ 0  0  0  0  0 10]]
0.483
n_feature=7, score=0.683
[0, 1, 1, 1, 1, 1, 1, 0, 1]
[[ 7  0  1  0  2  0]
 [ 6  4  0  0  0  0]
 [ 0  0 10  0  0  0]
 [ 0  5  0  4  1  0]
 [ 0  0  0  0 10  0]
 [ 0  0  4  0  0  6]]
0.683
n_feature=5, score=0.683
[0, 1, 1, 1, 1, 0, 0, 1, 0]
[[ 7  0  1  0  0  2]
 [ 7  3  0  0  0  0]
 [ 0  0  9  0  0  1]
 [ 5  0  0  5  0  0]
 [ 0  0  3  0  7  0]
 [ 0  0  0  0  0 10]]
0.683
n_feature=6, score=0.717
[1, 1, 1, 1, 1, 1, 0, 0, 0]
[[ 7  0  0  0  2  1]
 [ 6  4  0  0  0  0]
 [ 0  0  8  0  0  2]
 [ 0  5  0  4  1  0]
 [ 0  0  0  0 10  0]
 [ 0  0  0  0  0 10]]
0.717
n_feature=6, score=0.617
[1, 1, 1, 1, 1, 0, 0, 0, 1]
[[5 2 1 0 0 2]
 [1 9 0 0 0 0]
 [0 0 7 0 0 3]
 [5 0 0 5 0 0]
 [0 0 0 0 7 3]
 [0 0 0 0 6 4]]
0.617
n_feature=5, score=0.717
[1, 1, 1, 1, 0, 0, 0, 1, 0]
[[ 7  0  1  0  0  2]
 [ 7  3  0  0  0  0]
 [ 0  0  9  0  0  1]
 [ 5  0  0  5  0  0]
 [ 0  0  1  0  9  0]
 [ 0  0  0  0  0 10]]
0.717
n_feature=6, score=0.683
[0, 1, 1, 1, 0, 0, 1, 1, 1]
[[ 7  0  1  0  0  2]
 [ 7  3  0  0  0  0]
 [ 0  0  9  0  0  1]
 [ 5  0  0  5  0  0]
 [ 0  0  3  0  7  0]
 [ 0  0  0  0  0 10]]
0.683
n_feature=4, score=0.683
[0, 1, 1, 1, 0, 0, 0, 1, 0]
[[ 7  0  1  0  0  2]
 [ 7  3  0  0  0  0]
 [ 0  0  9  0  0  1]
 [ 5  0  0  5  0  0]
 [ 0  0  3  0  7  0]
 [ 0  0  0  0  0 10]]
0.683
n_feature=7, score=0.733
[0, 1, 1, 1, 1, 1, 0, 1, 1]
[[ 7  1  0  0  1  1]
 [ 6  4  0  0  0  0]
 [ 0  0  9  0  0  1]
 [ 3  0  0  4  3  0]
 [ 0  0  0  0 10  0]
 [ 0  0  0  0  0 10]]
0.733
n_feature=7, score=0.733
[0, 1, 1, 1, 1, 1, 0, 1, 1]
[[ 7  1  0  0  1  1]
 [ 6  4  0  0  0  0]
 [ 0  0  9  0  0  1]
 [ 3  0  0  4  3  0]
 [ 0  0  0  0 10  0]
 [ 0  0  0  0  0 10]]
0.733
n_feature=7, score=0.733
[0, 1, 1, 1, 1, 1, 0, 1, 1]
[[ 7  1  0  0  1  1]
 [ 6  4  0  0  0  0]
 [ 0  0  9  0  0  1]
 [ 3  0  0  4  3  0]
 [ 0  0  0  0 10  0]
 [ 0  0  0  0  0 10]]
0.733
n_feature=8, score=0.733
[1, 1, 1, 1, 0, 1, 1, 1, 1]
[[ 7  1  0  0  1  1]
 [ 6  4  0  0  0  0]
 [ 0  0  9  0  0  1]
 [ 3  0  0  4  3  0]
 [ 0  0  0  0 10  0]
 [ 0  0  0  0  0 10]]
0.733
n_feature=5, score=0.683
[0, 1, 1, 1, 1, 0, 0, 1, 0]
[[ 7  0  1  0  0  2]
 [ 7  3  0  0  0  0]
 [ 0  0  9  0  0  1]
 [ 5  0  0  5  0  0]
 [ 0  0  3  0  7  0]
 [ 0  0  0  0  0 10]]
0.683
n_feature=7, score=0.733
[0, 1, 1, 1, 1, 1, 0, 1, 1]
[[ 7  1  0  0  1  1]
 [ 6  4  0  0  0  0]
 [ 0  0  9  0  0  1]
 [ 3  0  0  4  3  0]
 [ 0  0  0  0 10  0]
 [ 0  0  0  0  0 10]]
0.733
n_feature=4, score=0.683
[0, 1, 1, 1, 0, 0, 0, 1, 0]
[[ 7  0  1  0  0  2]
 [ 7  3  0  0  0  0]
 [ 0  0  9  0  0  1]
 [ 5  0  0  5  0  0]
 [ 0  0  3  0  7  0]
 [ 0  0  0  0  0 10]]
0.683
n_feature=4, score=0.683
[0, 1, 1, 1, 0, 0, 0, 1, 0]
[[ 7  0  1  0  0  2]
 [ 7  3  0  0  0  0]
 [ 0  0  9  0  0  1]
 [ 5  0  0  5  0  0]
 [ 0  0  3  0  7  0]
 [ 0  0  0  0  0 10]]
0.683
n_feature=7, score=0.733
[0, 1, 1, 1, 1, 1, 0, 1, 1]
[[ 7  1  0  0  1  1]
 [ 6  4  0  0  0  0]
 [ 0  0  9  0  0  1]
 [ 3  0  0  4  3  0]
 [ 0  0  0  0 10  0]
 [ 0  0  0  0  0 10]]
0.733
n_feature=4, score=0.683
[0, 1, 1, 1, 0, 0, 0, 1, 0]
[[ 7  0  1  0  0  2]
 [ 7  3  0  0  0  0]
 [ 0  0  9  0  0  1]
 [ 5  0  0  5  0  0]
 [ 0  0  3  0  7  0]
 [ 0  0  0  0  0 10]]
0.683
n_feature=4, score=0.683
[0, 1, 1, 1, 0, 0, 0, 1, 0]
[[ 7  0  1  0  0  2]
 [ 7  3  0  0  0  0]
 [ 0  0  9  0  0  1]
 [ 5  0  0  5  0  0]
 [ 0  0  3  0  7  0]
 [ 0  0  0  0  0 10]]
0.683
n_feature=4, score=0.683
[0, 1, 1, 1, 0, 0, 0, 1, 0]
[[ 7  0  1  0  0  2]
 [ 7  3  0  0  0  0]
 [ 0  0  9  0  0  1]
 [ 5  0  0  5  0  0]
 [ 0  0  3  0  7  0]
 [ 0  0  0  0  0 10]]
0.683
n_feature=6, score=0.733
[0, 1, 1, 1, 0, 1, 0, 1, 1]
[[ 7  1  0  0  1  1]
 [ 6  4  0  0  0  0]
 [ 0  0  9  0  0  1]
 [ 4  0  0  4  2  0]
 [ 0  0  0  0 10  0]
 [ 0  0  0  0  0 10]]
0.733
n_feature=5, score=0.683
[0, 1, 1, 1, 1, 0, 0, 1, 0]
[[ 7  0  1  0  0  2]
 [ 7  3  0  0  0  0]
 [ 0  0  9  0  0  1]
 [ 5  0  0  5  0  0]
 [ 0  0  3  0  7  0]
 [ 0  0  0  0  0 10]]
0.683
n_feature=7, score=0.733
[0, 1, 1, 1, 1, 1, 0, 1, 1]
[[ 7  1  0  0  1  1]
 [ 6  4  0  0  0  0]
 [ 0  0  9  0  0  1]
 [ 3  0  0  4  3  0]
 [ 0  0  0  0 10  0]
 [ 0  0  0  0  0 10]]
0.733
n_feature=6, score=0.683
[0, 1, 1, 1, 0, 0, 1, 1, 1]
[[ 7  0  1  0  0  2]
 [ 7  3  0  0  0  0]
 [ 0  0  9  0  0  1]
 [ 5  0  0  5  0  0]
 [ 0  0  3  0  7  0]
 [ 0  0  0  0  0 10]]
0.683
n_feature=6, score=0.733
[0, 1, 1, 1, 1, 1, 0, 1, 0]
[[ 7  1  0  0  1  1]
 [ 6  4  0  0  0  0]
 [ 0  0  9  0  0  1]
 [ 3  0  0  4  3  0]
 [ 0  0  0  0 10  0]
 [ 0  0  0  0  0 10]]
0.733
n_feature=7, score=0.733
[0, 1, 1, 1, 1, 1, 0, 1, 1]
[[ 7  1  0  0  1  1]
 [ 6  4  0  0  0  0]
 [ 0  0  9  0  0  1]
 [ 3  0  0  4  3  0]
 [ 0  0  0  0 10  0]
 [ 0  0  0  0  0 10]]
0.733
n_feature=5, score=0.567
[0, 1, 0, 0, 1, 1, 0, 1, 1]
[[ 0  1  0  7  1  1]
 [ 0  3  0  6  1  0]
 [ 0  0  7  0  2  1]
 [ 0  0  0  4  6  0]
 [ 0  0  0  0 10  0]
 [ 0  0  0  0  0 10]]
0.567
n_feature=7, score=0.733
[0, 1, 1, 1, 1, 1, 0, 1, 1]
[[ 7  1  0  0  1  1]
 [ 6  4  0  0  0  0]
 [ 0  0  9  0  0  1]
 [ 3  0  0  4  3  0]
 [ 0  0  0  0 10  0]
 [ 0  0  0  0  0 10]]
0.733
n_feature=7, score=0.733
[0, 1, 1, 1, 1, 1, 0, 1, 1]
[[ 7  1  0  0  1  1]
 [ 6  4  0  0  0  0]
 [ 0  0  9  0  0  1]
 [ 3  0  0  4  3  0]
 [ 0  0  0  0 10  0]
 [ 0  0  0  0  0 10]]
0.733
n_feature=7, score=0.733
[0, 1, 1, 1, 1, 1, 0, 1, 1]
[[ 7  1  0  0  1  1]
 [ 6  4  0  0  0  0]
 [ 0  0  9  0  0  1]
 [ 3  0  0  4  3  0]
 [ 0  0  0  0 10  0]
 [ 0  0  0  0  0 10]]
0.733
n_feature=6, score=0.733
[0, 1, 0, 1, 1, 1, 0, 1, 1]
[[ 7  1  0  0  1  1]
 [ 6  4  0  0  0  0]
 [ 0  0  9  0  0  1]
 [ 0  4  0  4  2  0]
 [ 0  0  0  0 10  0]
 [ 0  0  0  0  0 10]]
0.733
n_feature=7, score=0.733
[0, 1, 1, 1, 1, 1, 0, 1, 1]
[[ 7  1  0  0  1  1]
 [ 6  4  0  0  0  0]
 [ 0  0  9  0  0  1]
 [ 3  0  0  4  3  0]
 [ 0  0  0  0 10  0]
 [ 0  0  0  0  0 10]]
0.733
n_feature=8, score=0.733
[1, 1, 1, 1, 1, 1, 0, 1, 1]
[[ 7  1  0  0  1  1]
 [ 6  4  0  0  0  0]
 [ 0  0  9  0  0  1]
 [ 3  0  0  4  3  0]
 [ 0  0  0  0 10  0]
 [ 0  0  0  0  0 10]]
0.733
n_feature=4, score=0.683
[0, 1, 1, 1, 0, 0, 0, 1, 0]
[[ 7  0  1  0  0  2]
 [ 7  3  0  0  0  0]
 [ 0  0  9  0  0  1]
 [ 5  0  0  5  0  0]
 [ 0  0  3  0  7  0]
 [ 0  0  0  0  0 10]]
0.683
n_feature=6, score=0.733
[0, 1, 0, 1, 1, 1, 0, 1, 1]
[[ 7  1  0  0  1  1]
 [ 6  4  0  0  0  0]
 [ 0  0  9  0  0  1]
 [ 0  4  0  4  2  0]
 [ 0  0  0  0 10  0]
 [ 0  0  0  0  0 10]]
0.733
n_feature=7, score=0.733
[0, 1, 1, 1, 1, 1, 0, 1, 1]
[[ 7  1  0  0  1  1]
 [ 6  4  0  0  0  0]
 [ 0  0  9  0  0  1]
 [ 3  0  0  4  3  0]
 [ 0  0  0  0 10  0]
 [ 0  0  0  0  0 10]]
0.733
n_feature=8, score=0.733
[0, 1, 1, 1, 1, 1, 1, 1, 1]
[[ 7  1  0  0  1  1]
 [ 6  4  0  0  0  0]
 [ 0  0  9  0  0  1]
 [ 0  0  0  4  6  0]
 [ 0  0  0  0 10  0]
 [ 0  0  0  0  0 10]]
0.733
n_feature=7, score=0.733
[0, 1, 1, 1, 1, 1, 0, 1, 1]
[[ 7  1  0  0  1  1]
 [ 6  4  0  0  0  0]
 [ 0  0  9  0  0  1]
 [ 3  0  0  4  3  0]
 [ 0  0  0  0 10  0]
 [ 0  0  0  0  0 10]]
0.733
n_feature=6, score=0.733
[0, 1, 0, 1, 1, 1, 0, 1, 1]
[[ 7  1  0  0  1  1]
 [ 6  4  0  0  0  0]
 [ 0  0  9  0  0  1]
 [ 0  4  0  4  2  0]
 [ 0  0  0  0 10  0]
 [ 0  0  0  0  0 10]]
0.733
n_feature=7, score=0.733
[0, 1, 1, 1, 1, 1, 0, 1, 1]
[[ 7  1  0  0  1  1]
 [ 6  4  0  0  0  0]
 [ 0  0  9  0  0  1]
 [ 3  0  0  4  3  0]
 [ 0  0  0  0 10  0]
 [ 0  0  0  0  0 10]]
0.733
n_feature=6, score=0.733
[0, 1, 1, 1, 1, 1, 0, 1, 0]
[[ 7  1  0  0  1  1]
 [ 6  4  0  0  0  0]
 [ 0  0  9  0  0  1]
 [ 3  0  0  4  3  0]
 [ 0  0  0  0 10  0]
 [ 0  0  0  0  0 10]]
0.733
n_feature=7, score=0.733
[0, 1, 1, 1, 1, 1, 0, 1, 1]
[[ 7  1  0  0  1  1]
 [ 6  4  0  0  0  0]
 [ 0  0  9  0  0  1]
 [ 3  0  0  4  3  0]
 [ 0  0  0  0 10  0]
 [ 0  0  0  0  0 10]]
0.733
n_feature=6, score=0.733
[0, 1, 1, 1, 0, 1, 0, 1, 1]
[[ 7  1  0  0  1  1]
 [ 6  4  0  0  0  0]
 [ 0  0  9  0  0  1]
 [ 4  0  0  4  2  0]
 [ 0  0  0  0 10  0]
 [ 0  0  0  0  0 10]]
0.733
n_feature=7, score=0.733
[0, 1, 1, 1, 1, 1, 0, 1, 1]
[[ 7  1  0  0  1  1]
 [ 6  4  0  0  0  0]
 [ 0  0  9  0  0  1]
 [ 3  0  0  4  3  0]
 [ 0  0  0  0 10  0]
 [ 0  0  0  0  0 10]]
0.733
n_feature=7, score=0.733
[0, 1, 1, 1, 1, 1, 0, 1, 1]
[[ 7  1  0  0  1  1]
 [ 6  4  0  0  0  0]
 [ 0  0  9  0  0  1]
 [ 3  0  0  4  3  0]
 [ 0  0  0  0 10  0]
 [ 0  0  0  0  0 10]]
0.733
n_feature=6, score=0.733
[0, 1, 0, 1, 1, 1, 0, 1, 1]
[[ 7  1  0  0  1  1]
 [ 6  4  0  0  0  0]
 [ 0  0  9  0  0  1]
 [ 0  4  0  4  2  0]
 [ 0  0  0  0 10  0]
 [ 0  0  0  0  0 10]]
0.733
n_feature=6, score=0.733
[0, 1, 1, 1, 0, 1, 0, 1, 1]
[[ 7  1  0  0  1  1]
 [ 6  4  0  0  0  0]
 [ 0  0  9  0  0  1]
 [ 4  0  0  4  2  0]
 [ 0  0  0  0 10  0]
 [ 0  0  0  0  0 10]]
0.733
n_feature=7, score=0.733
[0, 1, 1, 1, 1, 1, 0, 1, 1]
[[ 7  1  0  0  1  1]
 [ 6  4  0  0  0  0]
 [ 0  0  9  0  0  1]
 [ 3  0  0  4  3  0]
 [ 0  0  0  0 10  0]
 [ 0  0  0  0  0 10]]
0.733
n_feature=6, score=0.733
[0, 1, 1, 1, 0, 1, 0, 1, 1]
[[ 7  1  0  0  1  1]
 [ 6  4  0  0  0  0]
 [ 0  0  9  0  0  1]
 [ 4  0  0  4  2  0]
 [ 0  0  0  0 10  0]
 [ 0  0  0  0  0 10]]
0.733
n_feature=6, score=0.733
[0, 1, 1, 1, 1, 1, 0, 1, 0]
[[ 7  1  0  0  1  1]
 [ 6  4  0  0  0  0]
 [ 0  0  9  0  0  1]
 [ 3  0  0  4  3  0]
 [ 0  0  0  0 10  0]
 [ 0  0  0  0  0 10]]
0.733
n_feature=5, score=0.733
[0, 1, 0, 1, 1, 1, 0, 1, 0]
[[ 7  1  0  0  1  1]
 [ 6  4  0  0  0  0]
 [ 0  0  9  0  0  1]
 [ 0  4  0  4  2  0]
 [ 0  0  0  0 10  0]
 [ 0  0  0  0  0 10]]
0.733
n_feature=5, score=0.683
[0, 1, 1, 1, 1, 0, 0, 1, 0]
[[ 7  0  1  0  0  2]
 [ 7  3  0  0  0  0]
 [ 0  0  9  0  0  1]
 [ 5  0  0  5  0  0]
 [ 0  0  3  0  7  0]
 [ 0  0  0  0  0 10]]
0.683
n_feature=7, score=0.733
[0, 1, 1, 1, 1, 1, 0, 1, 1]
[[ 7  1  0  0  1  1]
 [ 6  4  0  0  0  0]
 [ 0  0  9  0  0  1]
 [ 3  0  0  4  3  0]
 [ 0  0  0  0 10  0]
 [ 0  0  0  0  0 10]]
0.733
n_feature=6, score=0.733
[0, 1, 0, 1, 1, 1, 0, 1, 1]
[[ 7  1  0  0  1  1]
 [ 6  4  0  0  0  0]
 [ 0  0  9  0  0  1]
 [ 0  4  0  4  2  0]
 [ 0  0  0  0 10  0]
 [ 0  0  0  0  0 10]]
0.733
n_feature=6, score=0.733
[0, 1, 1, 1, 1, 1, 0, 1, 0]
[[ 7  1  0  0  1  1]
 [ 6  4  0  0  0  0]
 [ 0  0  9  0  0  1]
 [ 3  0  0  4  3  0]
 [ 0  0  0  0 10  0]
 [ 0  0  0  0  0 10]]
0.733
n_feature=6, score=0.733
[0, 1, 1, 1, 1, 1, 0, 1, 0]
[[ 7  1  0  0  1  1]
 [ 6  4  0  0  0  0]
 [ 0  0  9  0  0  1]
 [ 3  0  0  4  3  0]
 [ 0  0  0  0 10  0]
 [ 0  0  0  0  0 10]]
0.733
n_feature=6, score=0.733
[0, 1, 0, 1, 1, 1, 0, 1, 1]
[[ 7  1  0  0  1  1]
 [ 6  4  0  0  0  0]
 [ 0  0  9  0  0  1]
 [ 0  4  0  4  2  0]
 [ 0  0  0  0 10  0]
 [ 0  0  0  0  0 10]]
0.733
n_feature=7, score=0.733
[0, 1, 1, 1, 1, 1, 0, 1, 1]
[[ 7  1  0  0  1  1]
 [ 6  4  0  0  0  0]
 [ 0  0  9  0  0  1]
 [ 3  0  0  4  3  0]
 [ 0  0  0  0 10  0]
 [ 0  0  0  0  0 10]]
0.733
n_feature=5, score=0.583
[0, 0, 1, 1, 1, 1, 0, 1, 0]
[[ 0  1  7  0  1  1]
 [ 0  3  6  0  1  0]
 [ 0  0  9  0  0  1]
 [ 0  0  0  3  6  1]
 [ 0  0  0  0 10  0]
 [ 0  0  0  0  0 10]]
0.583
n_feature=6, score=0.733
[0, 1, 0, 1, 1, 1, 0, 1, 1]
[[ 7  1  0  0  1  1]
 [ 6  4  0  0  0  0]
 [ 0  0  9  0  0  1]
 [ 0  4  0  4  2  0]
 [ 0  0  0  0 10  0]
 [ 0  0  0  0  0 10]]
0.733
n_feature=5, score=0.733
[0, 1, 0, 1, 0, 1, 0, 1, 1]
[[ 7  1  0  0  1  1]
 [ 6  4  0  0  0  0]
 [ 0  0  9  0  0  1]
 [ 0  4  0  4  2  0]
 [ 0  0  0  0 10  0]
 [ 0  0  0  0  0 10]]
0.733
n_feature=7, score=0.733
[1, 1, 1, 1, 1, 1, 0, 1, 0]
[[ 7  1  0  0  1  1]
 [ 6  4  0  0  0  0]
 [ 0  0  9  0  0  1]
 [ 3  0  0  4  3  0]
 [ 0  0  0  0 10  0]
 [ 0  0  0  0  0 10]]
0.733
n_feature=6, score=0.733
[0, 1, 0, 1, 1, 1, 0, 1, 1]
[[ 7  1  0  0  1  1]
 [ 6  4  0  0  0  0]
 [ 0  0  9  0  0  1]
 [ 0  4  0  4  2  0]
 [ 0  0  0  0 10  0]
 [ 0  0  0  0  0 10]]
0.733
n_feature=5, score=0.733
[0, 1, 0, 1, 1, 1, 0, 1, 0]
[[ 7  1  0  0  1  1]
 [ 6  4  0  0  0  0]
 [ 0  0  9  0  0  1]
 [ 0  4  0  4  2  0]
 [ 0  0  0  0 10  0]
 [ 0  0  0  0  0 10]]
0.733
n_feature=6, score=0.733
[0, 1, 1, 1, 0, 1, 0, 1, 1]
[[ 7  1  0  0  1  1]
 [ 6  4  0  0  0  0]
 [ 0  0  9  0  0  1]
 [ 4  0  0  4  2  0]
 [ 0  0  0  0 10  0]
 [ 0  0  0  0  0 10]]
0.733
n_feature=6, score=0.733
[0, 1, 1, 1, 0, 1, 0, 1, 1]
[[ 7  1  0  0  1  1]
 [ 6  4  0  0  0  0]
 [ 0  0  9  0  0  1]
 [ 4  0  0  4  2  0]
 [ 0  0  0  0 10  0]
 [ 0  0  0  0  0 10]]
0.733
n_feature=6, score=0.733
[0, 1, 1, 1, 1, 1, 0, 1, 0]
[[ 7  1  0  0  1  1]
 [ 6  4  0  0  0  0]
 [ 0  0  9  0  0  1]
 [ 3  0  0  4  3  0]
 [ 0  0  0  0 10  0]
 [ 0  0  0  0  0 10]]
0.733
n_feature=6, score=0.733
[0, 1, 1, 1, 0, 1, 0, 1, 1]
[[ 7  1  0  0  1  1]
 [ 6  4  0  0  0  0]
 [ 0  0  9  0  0  1]
 [ 4  0  0  4  2  0]
 [ 0  0  0  0 10  0]
 [ 0  0  0  0  0 10]]
0.733
n_feature=5, score=0.733
[0, 1, 0, 1, 0, 1, 0, 1, 1]
[[ 7  1  0  0  1  1]
 [ 6  4  0  0  0  0]
 [ 0  0  9  0  0  1]
 [ 0  4  0  4  2  0]
 [ 0  0  0  0 10  0]
 [ 0  0  0  0  0 10]]
0.733
n_feature=6, score=0.733
[0, 1, 1, 1, 1, 1, 0, 1, 0]
[[ 7  1  0  0  1  1]
 [ 6  4  0  0  0  0]
 [ 0  0  9  0  0  1]
 [ 3  0  0  4  3  0]
 [ 0  0  0  0 10  0]
 [ 0  0  0  0  0 10]]
0.733
n_feature=6, score=0.733
[0, 1, 1, 1, 1, 1, 0, 1, 0]
[[ 7  1  0  0  1  1]
 [ 6  4  0  0  0  0]
 [ 0  0  9  0  0  1]
 [ 3  0  0  4  3  0]
 [ 0  0  0  0 10  0]
 [ 0  0  0  0  0 10]]
0.733
n_feature=6, score=0.733
[0, 1, 1, 1, 1, 1, 0, 1, 0]
[[ 7  1  0  0  1  1]
 [ 6  4  0  0  0  0]
 [ 0  0  9  0  0  1]
 [ 3  0  0  4  3  0]
 [ 0  0  0  0 10  0]
 [ 0  0  0  0  0 10]]
0.733
n_feature=6, score=0.733
[0, 1, 1, 1, 1, 1, 0, 1, 0]
[[ 7  1  0  0  1  1]
 [ 6  4  0  0  0  0]
 [ 0  0  9  0  0  1]
 [ 3  0  0  4  3  0]
 [ 0  0  0  0 10  0]
 [ 0  0  0  0  0 10]]
0.733
n_feature=5, score=0.567
[0, 1, 0, 0, 1, 1, 0, 1, 1]
[[ 0  1  0  7  1  1]
 [ 0  3  0  6  1  0]
 [ 0  0  7  0  2  1]
 [ 0  0  0  4  6  0]
 [ 0  0  0  0 10  0]
 [ 0  0  0  0  0 10]]
0.567
n_feature=5, score=0.733
[0, 1, 1, 1, 0, 1, 0, 1, 0]
[[ 7  1  0  0  1  1]
 [ 6  4  0  0  0  0]
 [ 0  0  9  0  0  1]
 [ 4  0  0  4  2  0]
 [ 0  0  0  0 10  0]
 [ 0  0  0  0  0 10]]
0.733
n_feature=7, score=0.733
[0, 1, 1, 1, 1, 1, 0, 1, 1]
[[ 7  1  0  0  1  1]
 [ 6  4  0  0  0  0]
 [ 0  0  9  0  0  1]
 [ 3  0  0  4  3  0]
 [ 0  0  0  0 10  0]
 [ 0  0  0  0  0 10]]
0.733
n_feature=6, score=0.733
[0, 1, 0, 1, 1, 1, 0, 1, 1]
[[ 7  1  0  0  1  1]
 [ 6  4  0  0  0  0]
 [ 0  0  9  0  0  1]
 [ 0  4  0  4  2  0]
 [ 0  0  0  0 10  0]
 [ 0  0  0  0  0 10]]
0.733
n_feature=5, score=0.733
[0, 1, 0, 1, 1, 1, 0, 1, 0]
[[ 7  1  0  0  1  1]
 [ 6  4  0  0  0  0]
 [ 0  0  9  0  0  1]
 [ 0  4  0  4  2  0]
 [ 0  0  0  0 10  0]
 [ 0  0  0  0  0 10]]
0.733
n_feature=6, score=0.733
[0, 1, 1, 1, 1, 1, 0, 1, 0]
[[ 7  1  0  0  1  1]
 [ 6  4  0  0  0  0]
 [ 0  0  9  0  0  1]
 [ 3  0  0  4  3  0]
 [ 0  0  0  0 10  0]
 [ 0  0  0  0  0 10]]
0.733
n_feature=6, score=0.733
[0, 1, 1, 1, 1, 1, 0, 1, 0]
[[ 7  1  0  0  1  1]
 [ 6  4  0  0  0  0]
 [ 0  0  9  0  0  1]
 [ 3  0  0  4  3  0]
 [ 0  0  0  0 10  0]
 [ 0  0  0  0  0 10]]
0.733
n_feature=5, score=0.733
[0, 1, 1, 1, 0, 1, 0, 1, 0]
[[ 7  1  0  0  1  1]
 [ 6  4  0  0  0  0]
 [ 0  0  9  0  0  1]
 [ 4  0  0  4  2  0]
 [ 0  0  0  0 10  0]
 [ 0  0  0  0  0 10]]
0.733
n_feature=4, score=0.733
[0, 1, 0, 1, 0, 1, 0, 1, 0]
[[ 7  1  0  0  1  1]
 [ 6  4  0  0  0  0]
 [ 0  0  9  0  0  1]
 [ 0  4  0  4  2  0]
 [ 0  0  0  0 10  0]
 [ 0  0  0  0  0 10]]
0.733
n_feature=6, score=0.733
[0, 1, 0, 1, 1, 1, 0, 1, 1]
[[ 7  1  0  0  1  1]
 [ 6  4  0  0  0  0]
 [ 0  0  9  0  0  1]
 [ 0  4  0  4  2  0]
 [ 0  0  0  0 10  0]
 [ 0  0  0  0  0 10]]
0.733
n_feature=5, score=0.733
[0, 1, 1, 1, 0, 1, 0, 1, 0]
[[ 7  1  0  0  1  1]
 [ 6  4  0  0  0  0]
 [ 0  0  9  0  0  1]
 [ 4  0  0  4  2  0]
 [ 0  0  0  0 10  0]
 [ 0  0  0  0  0 10]]
0.733
n_feature=5, score=0.733
[0, 1, 1, 1, 0, 1, 0, 1, 0]
[[ 7  1  0  0  1  1]
 [ 6  4  0  0  0  0]
 [ 0  0  9  0  0  1]
 [ 4  0  0  4  2  0]
 [ 0  0  0  0 10  0]
 [ 0  0  0  0  0 10]]
0.733
n_feature=5, score=0.733
[0, 1, 0, 1, 1, 1, 0, 1, 0]
[[ 7  1  0  0  1  1]
 [ 6  4  0  0  0  0]
 [ 0  0  9  0  0  1]
 [ 0  4  0  4  2  0]
 [ 0  0  0  0 10  0]
 [ 0  0  0  0  0 10]]
0.733
n_feature=6, score=0.733
[0, 1, 1, 1, 0, 1, 0, 1, 1]
[[ 7  1  0  0  1  1]
 [ 6  4  0  0  0  0]
 [ 0  0  9  0  0  1]
 [ 4  0  0  4  2  0]
 [ 0  0  0  0 10  0]
 [ 0  0  0  0  0 10]]
0.733
n_feature=4, score=0.733
[0, 1, 0, 1, 0, 1, 0, 1, 0]
[[ 7  1  0  0  1  1]
 [ 6  4  0  0  0  0]
 [ 0  0  9  0  0  1]
 [ 0  4  0  4  2  0]
 [ 0  0  0  0 10  0]
 [ 0  0  0  0  0 10]]
0.733
n_feature=6, score=0.733
[0, 1, 1, 1, 0, 1, 0, 1, 1]
[[ 7  1  0  0  1  1]
 [ 6  4  0  0  0  0]
 [ 0  0  9  0  0  1]
 [ 4  0  0  4  2  0]
 [ 0  0  0  0 10  0]
 [ 0  0  0  0  0 10]]
0.733
n_feature=5, score=0.733
[0, 1, 0, 1, 1, 1, 0, 1, 0]
[[ 7  1  0  0  1  1]
 [ 6  4  0  0  0  0]
 [ 0  0  9  0  0  1]
 [ 0  4  0  4  2  0]
 [ 0  0  0  0 10  0]
 [ 0  0  0  0  0 10]]
0.733
n_feature=4, score=0.733
[0, 1, 0, 1, 0, 1, 0, 1, 0]
[[ 7  1  0  0  1  1]
 [ 6  4  0  0  0  0]
 [ 0  0  9  0  0  1]
 [ 0  4  0  4  2  0]
 [ 0  0  0  0 10  0]
 [ 0  0  0  0  0 10]]
0.733
n_feature=5, score=0.733
[0, 1, 1, 1, 0, 1, 0, 1, 0]
[[ 7  1  0  0  1  1]
 [ 6  4  0  0  0  0]
 [ 0  0  9  0  0  1]
 [ 4  0  0  4  2  0]
 [ 0  0  0  0 10  0]
 [ 0  0  0  0  0 10]]
0.733
n_feature=3, score=0.583
[0, 0, 0, 1, 0, 1, 0, 1, 0]
[[ 0  1  7  0  1  1]
 [ 0  3  6  0  1  0]
 [ 0  0  9  0  0  1]
 [ 0  0  0  3  6  1]
 [ 0  0  0  0 10  0]
 [ 0  0  0  0  0 10]]
0.583
n_feature=6, score=0.733
[0, 1, 1, 1, 1, 1, 0, 1, 0]
[[ 7  1  0  0  1  1]
 [ 6  4  0  0  0  0]
 [ 0  0  9  0  0  1]
 [ 3  0  0  4  3  0]
 [ 0  0  0  0 10  0]
 [ 0  0  0  0  0 10]]
0.733
n_feature=5, score=0.733
[0, 1, 0, 1, 1, 1, 0, 1, 0]
[[ 7  1  0  0  1  1]
 [ 6  4  0  0  0  0]
 [ 0  0  9  0  0  1]
 [ 0  4  0  4  2  0]
 [ 0  0  0  0 10  0]
 [ 0  0  0  0  0 10]]
0.733
n_feature=6, score=0.733
[0, 1, 1, 1, 0, 1, 0, 1, 1]
[[ 7  1  0  0  1  1]
 [ 6  4  0  0  0  0]
 [ 0  0  9  0  0  1]
 [ 4  0  0  4  2  0]
 [ 0  0  0  0 10  0]
 [ 0  0  0  0  0 10]]
0.733
n_feature=5, score=0.733
[0, 1, 0, 1, 1, 1, 0, 1, 0]
[[ 7  1  0  0  1  1]
 [ 6  4  0  0  0  0]
 [ 0  0  9  0  0  1]
 [ 0  4  0  4  2  0]
 [ 0  0  0  0 10  0]
 [ 0  0  0  0  0 10]]
0.733
n_feature=5, score=0.733
[0, 1, 0, 1, 1, 1, 0, 1, 0]
[[ 7  1  0  0  1  1]
 [ 6  4  0  0  0  0]
 [ 0  0  9  0  0  1]
 [ 0  4  0  4  2  0]
 [ 0  0  0  0 10  0]
 [ 0  0  0  0  0 10]]
0.733
n_feature=5, score=0.733
[0, 1, 0, 1, 1, 1, 0, 1, 0]
[[ 7  1  0  0  1  1]
 [ 6  4  0  0  0  0]
 [ 0  0  9  0  0  1]
 [ 0  4  0  4  2  0]
 [ 0  0  0  0 10  0]
 [ 0  0  0  0  0 10]]
0.733
n_feature=4, score=0.733
[0, 1, 0, 1, 0, 1, 0, 1, 0]
[[ 7  1  0  0  1  1]
 [ 6  4  0  0  0  0]
 [ 0  0  9  0  0  1]
 [ 0  4  0  4  2  0]
 [ 0  0  0  0 10  0]
 [ 0  0  0  0  0 10]]
0.733
n_feature=6, score=0.733
[0, 1, 1, 1, 0, 1, 0, 1, 1]
[[ 7  1  0  0  1  1]
 [ 6  4  0  0  0  0]
 [ 0  0  9  0  0  1]
 [ 4  0  0  4  2  0]
 [ 0  0  0  0 10  0]
 [ 0  0  0  0  0 10]]
0.733
n_feature=5, score=0.733
[0, 1, 0, 1, 1, 1, 0, 1, 0]
[[ 7  1  0  0  1  1]
 [ 6  4  0  0  0  0]
 [ 0  0  9  0  0  1]
 [ 0  4  0  4  2  0]
 [ 0  0  0  0 10  0]
 [ 0  0  0  0  0 10]]
0.733
n_feature=4, score=0.733
[0, 1, 0, 1, 0, 1, 0, 1, 0]
[[ 7  1  0  0  1  1]
 [ 6  4  0  0  0  0]
 [ 0  0  9  0  0  1]
 [ 0  4  0  4  2  0]
 [ 0  0  0  0 10  0]
 [ 0  0  0  0  0 10]]
0.733
n_feature=6, score=0.733
[0, 1, 1, 1, 1, 1, 0, 1, 0]
[[ 7  1  0  0  1  1]
 [ 6  4  0  0  0  0]
 [ 0  0  9  0  0  1]
 [ 3  0  0  4  3  0]
 [ 0  0  0  0 10  0]
 [ 0  0  0  0  0 10]]
0.733
n_feature=6, score=0.733
[0, 1, 0, 1, 1, 1, 1, 1, 0]
[[ 7  1  0  0  1  1]
 [ 6  4  0  0  0  0]
 [ 0  0  9  0  0  1]
 [ 0  4  0  4  2  0]
 [ 0  0  0  0 10  0]
 [ 0  0  0  0  0 10]]
0.733
n_feature=5, score=0.733
[0, 1, 1, 1, 0, 1, 0, 1, 0]
[[ 7  1  0  0  1  1]
 [ 6  4  0  0  0  0]
 [ 0  0  9  0  0  1]
 [ 4  0  0  4  2  0]
 [ 0  0  0  0 10  0]
 [ 0  0  0  0  0 10]]
0.733
n_feature=4, score=0.733
[0, 1, 0, 1, 0, 1, 0, 1, 0]
[[ 7  1  0  0  1  1]
 [ 6  4  0  0  0  0]
 [ 0  0  9  0  0  1]
 [ 0  4  0  4  2  0]
 [ 0  0  0  0 10  0]
 [ 0  0  0  0  0 10]]
0.733
n_feature=5, score=0.733
[0, 1, 0, 1, 1, 1, 0, 1, 0]
[[ 7  1  0  0  1  1]
 [ 6  4  0  0  0  0]
 [ 0  0  9  0  0  1]
 [ 0  4  0  4  2  0]
 [ 0  0  0  0 10  0]
 [ 0  0  0  0  0 10]]
0.733
n_feature=5, score=0.733
[0, 1, 1, 1, 0, 1, 0, 1, 0]
[[ 7  1  0  0  1  1]
 [ 6  4  0  0  0  0]
 [ 0  0  9  0  0  1]
 [ 4  0  0  4  2  0]
 [ 0  0  0  0 10  0]
 [ 0  0  0  0  0 10]]
0.733
n_feature=4, score=0.733
[0, 1, 0, 1, 0, 1, 0, 1, 0]
[[ 7  1  0  0  1  1]
 [ 6  4  0  0  0  0]
 [ 0  0  9  0  0  1]
 [ 0  4  0  4  2  0]
 [ 0  0  0  0 10  0]
 [ 0  0  0  0  0 10]]
0.733
n_feature=5, score=0.733
[0, 1, 0, 1, 1, 1, 0, 1, 0]
[[ 7  1  0  0  1  1]
 [ 6  4  0  0  0  0]
 [ 0  0  9  0  0  1]
 [ 0  4  0  4  2  0]
 [ 0  0  0  0 10  0]
 [ 0  0  0  0  0 10]]
0.733
n_feature=5, score=0.733
[0, 1, 0, 1, 1, 1, 0, 1, 0]
[[ 7  1  0  0  1  1]
 [ 6  4  0  0  0  0]
 [ 0  0  9  0  0  1]
 [ 0  4  0  4  2  0]
 [ 0  0  0  0 10  0]
 [ 0  0  0  0  0 10]]
0.733
n_feature=5, score=0.733
[0, 1, 0, 1, 1, 1, 0, 1, 0]
[[ 7  1  0  0  1  1]
 [ 6  4  0  0  0  0]
 [ 0  0  9  0  0  1]
 [ 0  4  0  4  2  0]
 [ 0  0  0  0 10  0]
 [ 0  0  0  0  0 10]]
0.733
n_feature=4, score=0.683
[0, 1, 0, 1, 1, 1, 0, 0, 0]
[[ 7  0  1  0  2  0]
 [ 6  4  0  0  0  0]
 [ 0  0 10  0  0  0]
 [ 0  5  0  4  1  0]
 [ 0  0  0  0 10  0]
 [ 0  0  4  0  0  6]]
0.683
n_feature=4, score=0.733
[0, 1, 0, 1, 0, 1, 0, 1, 0]
[[ 7  1  0  0  1  1]
 [ 6  4  0  0  0  0]
 [ 0  0  9  0  0  1]
 [ 0  4  0  4  2  0]
 [ 0  0  0  0 10  0]
 [ 0  0  0  0  0 10]]
0.733
n_feature=4, score=0.733
[0, 1, 0, 1, 0, 1, 0, 1, 0]
[[ 7  1  0  0  1  1]
 [ 6  4  0  0  0  0]
 [ 0  0  9  0  0  1]
 [ 0  4  0  4  2  0]
 [ 0  0  0  0 10  0]
 [ 0  0  0  0  0 10]]
0.733
n_feature=4, score=0.733
[0, 1, 0, 1, 0, 1, 0, 1, 0]
[[ 7  1  0  0  1  1]
 [ 6  4  0  0  0  0]
 [ 0  0  9  0  0  1]
 [ 0  4  0  4  2  0]
 [ 0  0  0  0 10  0]
 [ 0  0  0  0  0 10]]
0.733
n_feature=5, score=0.733
[0, 1, 1, 1, 0, 1, 0, 1, 0]
[[ 7  1  0  0  1  1]
 [ 6  4  0  0  0  0]
 [ 0  0  9  0  0  1]
 [ 4  0  0  4  2  0]
 [ 0  0  0  0 10  0]
 [ 0  0  0  0  0 10]]
0.733
n_feature=4, score=0.733
[0, 1, 0, 1, 0, 1, 0, 1, 0]
[[ 7  1  0  0  1  1]
 [ 6  4  0  0  0  0]
 [ 0  0  9  0  0  1]
 [ 0  4  0  4  2  0]
 [ 0  0  0  0 10  0]
 [ 0  0  0  0  0 10]]
0.733
n_feature=4, score=0.733
[0, 1, 0, 1, 0, 1, 0, 1, 0]
[[ 7  1  0  0  1  1]
 [ 6  4  0  0  0  0]
 [ 0  0  9  0  0  1]
 [ 0  4  0  4  2  0]
 [ 0  0  0  0 10  0]
 [ 0  0  0  0  0 10]]
0.733
n_feature=4, score=0.733
[0, 1, 0, 1, 0, 1, 0, 1, 0]
[[ 7  1  0  0  1  1]
 [ 6  4  0  0  0  0]
 [ 0  0  9  0  0  1]
 [ 0  4  0  4  2  0]
 [ 0  0  0  0 10  0]
 [ 0  0  0  0  0 10]]
0.733
n_feature=4, score=0.733
[0, 1, 0, 1, 0, 1, 0, 1, 0]
[[ 7  1  0  0  1  1]
 [ 6  4  0  0  0  0]
 [ 0  0  9  0  0  1]
 [ 0  4  0  4  2  0]
 [ 0  0  0  0 10  0]
 [ 0  0  0  0  0 10]]
0.733
n_feature=5, score=0.733
[0, 1, 1, 1, 0, 1, 0, 1, 0]
[[ 7  1  0  0  1  1]
 [ 6  4  0  0  0  0]
 [ 0  0  9  0  0  1]
 [ 4  0  0  4  2  0]
 [ 0  0  0  0 10  0]
 [ 0  0  0  0  0 10]]
0.733
n_feature=5, score=0.733
[0, 1, 0, 1, 0, 1, 1, 1, 0]
[[ 7  1  0  0  1  1]
 [ 6  4  0  0  0  0]
 [ 0  0  9  0  0  1]
 [ 0  4  0  4  2  0]
 [ 0  0  0  0 10  0]
 [ 0  0  0  0  0 10]]
0.733
n_feature=4, score=0.733
[0, 1, 0, 1, 0, 1, 0, 1, 0]
[[ 7  1  0  0  1  1]
 [ 6  4  0  0  0  0]
 [ 0  0  9  0  0  1]
 [ 0  4  0  4  2  0]
 [ 0  0  0  0 10  0]
 [ 0  0  0  0  0 10]]
0.733
n_feature=4, score=0.733
[0, 1, 0, 1, 0, 1, 0, 1, 0]
[[ 7  1  0  0  1  1]
 [ 6  4  0  0  0  0]
 [ 0  0  9  0  0  1]
 [ 0  4  0  4  2  0]
 [ 0  0  0  0 10  0]
 [ 0  0  0  0  0 10]]
0.733
n_feature=4, score=0.733
[0, 1, 0, 1, 0, 1, 0, 1, 0]
[[ 7  1  0  0  1  1]
 [ 6  4  0  0  0  0]
 [ 0  0  9  0  0  1]
 [ 0  4  0  4  2  0]
 [ 0  0  0  0 10  0]
 [ 0  0  0  0  0 10]]
0.733
n_feature=4, score=0.733
[0, 1, 0, 1, 0, 1, 0, 1, 0]
[[ 7  1  0  0  1  1]
 [ 6  4  0  0  0  0]
 [ 0  0  9  0  0  1]
 [ 0  4  0  4  2  0]
 [ 0  0  0  0 10  0]
 [ 0  0  0  0  0 10]]
0.733
n_feature=4, score=0.733
[0, 1, 0, 1, 0, 1, 0, 1, 0]
[[ 7  1  0  0  1  1]
 [ 6  4  0  0  0  0]
 [ 0  0  9  0  0  1]
 [ 0  4  0  4  2  0]
 [ 0  0  0  0 10  0]
 [ 0  0  0  0  0 10]]
0.733
n_feature=4, score=0.733
[0, 1, 0, 1, 0, 1, 0, 1, 0]
[[ 7  1  0  0  1  1]
 [ 6  4  0  0  0  0]
 [ 0  0  9  0  0  1]
 [ 0  4  0  4  2  0]
 [ 0  0  0  0 10  0]
 [ 0  0  0  0  0 10]]
0.733
n_feature=4, score=0.733
[0, 1, 0, 1, 0, 1, 0, 1, 0]
[[ 7  1  0  0  1  1]
 [ 6  4  0  0  0  0]
 [ 0  0  9  0  0  1]
 [ 0  4  0  4  2  0]
 [ 0  0  0  0 10  0]
 [ 0  0  0  0  0 10]]
0.733
n_feature=4, score=0.733
[0, 1, 0, 1, 0, 1, 0, 1, 0]
[[ 7  1  0  0  1  1]
 [ 6  4  0  0  0  0]
 [ 0  0  9  0  0  1]
 [ 0  4  0  4  2  0]
 [ 0  0  0  0 10  0]
 [ 0  0  0  0  0 10]]
0.733
n_feature=4, score=0.733
[0, 1, 0, 1, 0, 1, 0, 1, 0]
[[ 7  1  0  0  1  1]
 [ 6  4  0  0  0  0]
 [ 0  0  9  0  0  1]
 [ 0  4  0  4  2  0]
 [ 0  0  0  0 10  0]
 [ 0  0  0  0  0 10]]
0.733
n_feature=4, score=0.733
[0, 1, 0, 1, 0, 1, 0, 1, 0]
[[ 7  1  0  0  1  1]
 [ 6  4  0  0  0  0]
 [ 0  0  9  0  0  1]
 [ 0  4  0  4  2  0]
 [ 0  0  0  0 10  0]
 [ 0  0  0  0  0 10]]
0.733
n_feature=4, score=0.733
[0, 1, 0, 1, 0, 1, 0, 1, 0]
[[ 7  1  0  0  1  1]
 [ 6  4  0  0  0  0]
 [ 0  0  9  0  0  1]
 [ 0  4  0  4  2  0]
 [ 0  0  0  0 10  0]
 [ 0  0  0  0  0 10]]
0.733
n_feature=5, score=0.733
[0, 1, 1, 1, 0, 1, 0, 1, 0]
[[ 7  1  0  0  1  1]
 [ 6  4  0  0  0  0]
 [ 0  0  9  0  0  1]
 [ 4  0  0  4  2  0]
 [ 0  0  0  0 10  0]
 [ 0  0  0  0  0 10]]
0.733
n_feature=4, score=0.733
[0, 1, 0, 1, 0, 1, 0, 1, 0]
[[ 7  1  0  0  1  1]
 [ 6  4  0  0  0  0]
 [ 0  0  9  0  0  1]
 [ 0  4  0  4  2  0]
 [ 0  0  0  0 10  0]
 [ 0  0  0  0  0 10]]
0.733
n_feature=3, score=0.683
[0, 1, 0, 1, 0, 0, 0, 1, 0]
[[ 7  0  1  0  0  2]
 [ 7  3  0  0  0  0]
 [ 0  0  9  0  0  1]
 [ 5  0  0  5  0  0]
 [ 0  0  3  0  7  0]
 [ 0  0  0  0  0 10]]
0.683
n_feature=4, score=0.683
[0, 1, 0, 1, 0, 1, 0, 0, 1]
[[ 7  0  1  0  2  0]
 [ 6  4  0  0  0  0]
 [ 0  0 10  0  0  0]
 [ 0  6  0  4  0  0]
 [ 0  0  0  0 10  0]
 [ 0  0  4  0  0  6]]
0.683
n_feature=5, score=0.733
[1, 1, 0, 1, 0, 1, 0, 1, 0]
[[ 7  1  0  0  1  1]
 [ 6  4  0  0  0  0]
 [ 0  0  9  0  0  1]
 [ 0  4  0  4  2  0]
 [ 0  0  0  0 10  0]
 [ 0  0  0  0  0 10]]
0.733
n_feature=4, score=0.733
[0, 1, 0, 1, 0, 1, 0, 1, 0]
[[ 7  1  0  0  1  1]
 [ 6  4  0  0  0  0]
 [ 0  0  9  0  0  1]
 [ 0  4  0  4  2  0]
 [ 0  0  0  0 10  0]
 [ 0  0  0  0  0 10]]
0.733
n_feature=4, score=0.733
[0, 1, 0, 1, 0, 1, 0, 1, 0]
[[ 7  1  0  0  1  1]
 [ 6  4  0  0  0  0]
 [ 0  0  9  0  0  1]
 [ 0  4  0  4  2  0]
 [ 0  0  0  0 10  0]
 [ 0  0  0  0  0 10]]
0.733
n_feature=4, score=0.733
[0, 1, 0, 1, 0, 1, 0, 1, 0]
[[ 7  1  0  0  1  1]
 [ 6  4  0  0  0  0]
 [ 0  0  9  0  0  1]
 [ 0  4  0  4  2  0]
 [ 0  0  0  0 10  0]
 [ 0  0  0  0  0 10]]
0.733
n_feature=4, score=0.733
[0, 1, 0, 1, 0, 1, 0, 1, 0]
[[ 7  1  0  0  1  1]
 [ 6  4  0  0  0  0]
 [ 0  0  9  0  0  1]
 [ 0  4  0  4  2  0]
 [ 0  0  0  0 10  0]
 [ 0  0  0  0  0 10]]
0.733
n_feature=4, score=0.733
[0, 1, 0, 1, 0, 1, 0, 1, 0]
[[ 7  1  0  0  1  1]
 [ 6  4  0  0  0  0]
 [ 0  0  9  0  0  1]
 [ 0  4  0  4  2  0]
 [ 0  0  0  0 10  0]
 [ 0  0  0  0  0 10]]
0.733
n_feature=4, score=0.733
[0, 1, 0, 1, 0, 1, 0, 1, 0]
[[ 7  1  0  0  1  1]
 [ 6  4  0  0  0  0]
 [ 0  0  9  0  0  1]
 [ 0  4  0  4  2  0]
 [ 0  0  0  0 10  0]
 [ 0  0  0  0  0 10]]
0.733
n_feature=4, score=0.733
[0, 1, 0, 1, 0, 1, 0, 1, 0]
[[ 7  1  0  0  1  1]
 [ 6  4  0  0  0  0]
 [ 0  0  9  0  0  1]
 [ 0  4  0  4  2  0]
 [ 0  0  0  0 10  0]
 [ 0  0  0  0  0 10]]
0.733
n_feature=4, score=0.733
[0, 1, 0, 1, 0, 1, 0, 1, 0]
[[ 7  1  0  0  1  1]
 [ 6  4  0  0  0  0]
 [ 0  0  9  0  0  1]
 [ 0  4  0  4  2  0]
 [ 0  0  0  0 10  0]
 [ 0  0  0  0  0 10]]
0.733
n_feature=4, score=0.733
[0, 1, 0, 1, 0, 1, 0, 1, 0]
[[ 7  1  0  0  1  1]
 [ 6  4  0  0  0  0]
 [ 0  0  9  0  0  1]
 [ 0  4  0  4  2  0]
 [ 0  0  0  0 10  0]
 [ 0  0  0  0  0 10]]
0.733
n_feature=4, score=0.733
[0, 1, 0, 1, 0, 1, 0, 1, 0]
[[ 7  1  0  0  1  1]
 [ 6  4  0  0  0  0]
 [ 0  0  9  0  0  1]
 [ 0  4  0  4  2  0]
 [ 0  0  0  0 10  0]
 [ 0  0  0  0  0 10]]
0.733
n_feature=5, score=0.733
[1, 1, 0, 1, 0, 1, 0, 1, 0]
[[ 7  1  0  0  1  1]
 [ 6  4  0  0  0  0]
 [ 0  0  9  0  0  1]
 [ 0  4  0  4  2  0]
 [ 0  0  0  0 10  0]
 [ 0  0  0  0  0 10]]
0.733
n_feature=4, score=0.733
[0, 1, 0, 1, 0, 1, 0, 1, 0]
[[ 7  1  0  0  1  1]
 [ 6  4  0  0  0  0]
 [ 0  0  9  0  0  1]
 [ 0  4  0  4  2  0]
 [ 0  0  0  0 10  0]
 [ 0  0  0  0  0 10]]
0.733
n_feature=4, score=0.733
[0, 1, 0, 1, 0, 1, 0, 1, 0]
[[ 7  1  0  0  1  1]
 [ 6  4  0  0  0  0]
 [ 0  0  9  0  0  1]
 [ 0  4  0  4  2  0]
 [ 0  0  0  0 10  0]
 [ 0  0  0  0  0 10]]
0.733
n_feature=4, score=0.733
[0, 1, 0, 1, 0, 1, 0, 1, 0]
[[ 7  1  0  0  1  1]
 [ 6  4  0  0  0  0]
 [ 0  0  9  0  0  1]
 [ 0  4  0  4  2  0]
 [ 0  0  0  0 10  0]
 [ 0  0  0  0  0 10]]
0.733
n_feature=4, score=0.733
[0, 1, 0, 1, 0, 1, 0, 1, 0]
[[ 7  1  0  0  1  1]
 [ 6  4  0  0  0  0]
 [ 0  0  9  0  0  1]
 [ 0  4  0  4  2  0]
 [ 0  0  0  0 10  0]
 [ 0  0  0  0  0 10]]
0.733
n_feature=4, score=0.733
[0, 1, 0, 1, 0, 1, 0, 1, 0]
[[ 7  1  0  0  1  1]
 [ 6  4  0  0  0  0]
 [ 0  0  9  0  0  1]
 [ 0  4  0  4  2  0]
 [ 0  0  0  0 10  0]
 [ 0  0  0  0  0 10]]
0.733
n_feature=4, score=0.733
[0, 1, 0, 1, 0, 1, 0, 1, 0]
[[ 7  1  0  0  1  1]
 [ 6  4  0  0  0  0]
 [ 0  0  9  0  0  1]
 [ 0  4  0  4  2  0]
 [ 0  0  0  0 10  0]
 [ 0  0  0  0  0 10]]
0.733
n_feature=4, score=0.733
[0, 1, 0, 1, 0, 1, 0, 1, 0]
[[ 7  1  0  0  1  1]
 [ 6  4  0  0  0  0]
 [ 0  0  9  0  0  1]
 [ 0  4  0  4  2  0]
 [ 0  0  0  0 10  0]
 [ 0  0  0  0  0 10]]
0.733
n_feature=4, score=0.733
[0, 1, 0, 1, 0, 1, 0, 1, 0]
[[ 7  1  0  0  1  1]
 [ 6  4  0  0  0  0]
 [ 0  0  9  0  0  1]
 [ 0  4  0  4  2  0]
 [ 0  0  0  0 10  0]
 [ 0  0  0  0  0 10]]
0.733
n_feature=4, score=0.733
[0, 1, 0, 1, 0, 1, 0, 1, 0]
[[ 7  1  0  0  1  1]
 [ 6  4  0  0  0  0]
 [ 0  0  9  0  0  1]
 [ 0  4  0  4  2  0]
 [ 0  0  0  0 10  0]
 [ 0  0  0  0  0 10]]
0.733
n_feature=4, score=0.733
[0, 1, 0, 1, 0, 1, 0, 1, 0]
[[ 7  1  0  0  1  1]
 [ 6  4  0  0  0  0]
 [ 0  0  9  0  0  1]
 [ 0  4  0  4  2  0]
 [ 0  0  0  0 10  0]
 [ 0  0  0  0  0 10]]
0.733
n_feature=4, score=0.733
[0, 1, 0, 1, 0, 1, 0, 1, 0]
[[ 7  1  0  0  1  1]
 [ 6  4  0  0  0  0]
 [ 0  0  9  0  0  1]
 [ 0  4  0  4  2  0]
 [ 0  0  0  0 10  0]
 [ 0  0  0  0  0 10]]
0.733
n_feature=4, score=0.733
[0, 1, 0, 1, 0, 1, 0, 1, 0]
[[ 7  1  0  0  1  1]
 [ 6  4  0  0  0  0]
 [ 0  0  9  0  0  1]
 [ 0  4  0  4  2  0]
 [ 0  0  0  0 10  0]
 [ 0  0  0  0  0 10]]
0.733
n_feature=4, score=0.733
[0, 1, 0, 1, 0, 1, 0, 1, 0]
[[ 7  1  0  0  1  1]
 [ 6  4  0  0  0  0]
 [ 0  0  9  0  0  1]
 [ 0  4  0  4  2  0]
 [ 0  0  0  0 10  0]
 [ 0  0  0  0  0 10]]
0.733
n_feature=4, score=0.733
[0, 1, 0, 1, 0, 1, 0, 1, 0]
[[ 7  1  0  0  1  1]
 [ 6  4  0  0  0  0]
 [ 0  0  9  0  0  1]
 [ 0  4  0  4  2  0]
 [ 0  0  0  0 10  0]
 [ 0  0  0  0  0 10]]
0.733
n_feature=4, score=0.733
[0, 1, 0, 1, 0, 1, 0, 1, 0]
[[ 7  1  0  0  1  1]
 [ 6  4  0  0  0  0]
 [ 0  0  9  0  0  1]
 [ 0  4  0  4  2  0]
 [ 0  0  0  0 10  0]
 [ 0  0  0  0  0 10]]
0.733
n_feature=4, score=0.733
[0, 1, 0, 1, 0, 1, 0, 1, 0]
[[ 7  1  0  0  1  1]
 [ 6  4  0  0  0  0]
 [ 0  0  9  0  0  1]
 [ 0  4  0  4  2  0]
 [ 0  0  0  0 10  0]
 [ 0  0  0  0  0 10]]
0.733
n_feature=4, score=0.733
[0, 1, 0, 1, 0, 1, 0, 1, 0]
[[ 7  1  0  0  1  1]
 [ 6  4  0  0  0  0]
 [ 0  0  9  0  0  1]
 [ 0  4  0  4  2  0]
 [ 0  0  0  0 10  0]
 [ 0  0  0  0  0 10]]
0.733
n_feature=4, score=0.733
[0, 1, 0, 1, 0, 1, 0, 1, 0]
[[ 7  1  0  0  1  1]
 [ 6  4  0  0  0  0]
 [ 0  0  9  0  0  1]
 [ 0  4  0  4  2  0]
 [ 0  0  0  0 10  0]
 [ 0  0  0  0  0 10]]
0.733
n_feature=6, score=0.733
[0, 1, 0, 1, 1, 1, 0, 1, 1]
[[ 7  1  0  0  1  1]
 [ 6  4  0  0  0  0]
 [ 0  0  9  0  0  1]
 [ 0  4  0  4  2  0]
 [ 0  0  0  0 10  0]
 [ 0  0  0  0  0 10]]
0.733
n_feature=4, score=0.733
[0, 1, 0, 1, 0, 1, 0, 1, 0]
[[ 7  1  0  0  1  1]
 [ 6  4  0  0  0  0]
 [ 0  0  9  0  0  1]
 [ 0  4  0  4  2  0]
 [ 0  0  0  0 10  0]
 [ 0  0  0  0  0 10]]
0.733
n_feature=4, score=0.733
[0, 1, 0, 1, 0, 1, 0, 1, 0]
[[ 7  1  0  0  1  1]
 [ 6  4  0  0  0  0]
 [ 0  0  9  0  0  1]
 [ 0  4  0  4  2  0]
 [ 0  0  0  0 10  0]
 [ 0  0  0  0  0 10]]
0.733
n_feature=4, score=0.733
[0, 1, 0, 1, 0, 1, 0, 1, 0]
[[ 7  1  0  0  1  1]
 [ 6  4  0  0  0  0]
 [ 0  0  9  0  0  1]
 [ 0  4  0  4  2  0]
 [ 0  0  0  0 10  0]
 [ 0  0  0  0  0 10]]
0.733
n_feature=4, score=0.733
[0, 1, 0, 1, 0, 1, 0, 1, 0]
[[ 7  1  0  0  1  1]
 [ 6  4  0  0  0  0]
 [ 0  0  9  0  0  1]
 [ 0  4  0  4  2  0]
 [ 0  0  0  0 10  0]
 [ 0  0  0  0  0 10]]
0.733
n_feature=4, score=0.733
[0, 1, 0, 1, 0, 1, 0, 1, 0]
[[ 7  1  0  0  1  1]
 [ 6  4  0  0  0  0]
 [ 0  0  9  0  0  1]
 [ 0  4  0  4  2  0]
 [ 0  0  0  0 10  0]
 [ 0  0  0  0  0 10]]
0.733
n_feature=4, score=0.733
[0, 1, 0, 1, 0, 1, 0, 1, 0]
[[ 7  1  0  0  1  1]
 [ 6  4  0  0  0  0]
 [ 0  0  9  0  0  1]
 [ 0  4  0  4  2  0]
 [ 0  0  0  0 10  0]
 [ 0  0  0  0  0 10]]
0.733
n_feature=4, score=0.733
[0, 1, 0, 1, 0, 1, 0, 1, 0]
[[ 7  1  0  0  1  1]
 [ 6  4  0  0  0  0]
 [ 0  0  9  0  0  1]
 [ 0  4  0  4  2  0]
 [ 0  0  0  0 10  0]
 [ 0  0  0  0  0 10]]
0.733
n_feature=4, score=0.733
[0, 1, 0, 1, 0, 1, 0, 1, 0]
[[ 7  1  0  0  1  1]
 [ 6  4  0  0  0  0]
 [ 0  0  9  0  0  1]
 [ 0  4  0  4  2  0]
 [ 0  0  0  0 10  0]
 [ 0  0  0  0  0 10]]
0.733
n_feature=4, score=0.733
[0, 1, 0, 1, 0, 1, 0, 1, 0]
[[ 7  1  0  0  1  1]
 [ 6  4  0  0  0  0]
 [ 0  0  9  0  0  1]
 [ 0  4  0  4  2  0]
 [ 0  0  0  0 10  0]
 [ 0  0  0  0  0 10]]
0.733
n_feature=4, score=0.733
[0, 1, 0, 1, 0, 1, 0, 1, 0]
[[ 7  1  0  0  1  1]
 [ 6  4  0  0  0  0]
 [ 0  0  9  0  0  1]
 [ 0  4  0  4  2  0]
 [ 0  0  0  0 10  0]
 [ 0  0  0  0  0 10]]
0.733
n_feature=5, score=0.733
[0, 1, 0, 1, 0, 1, 0, 1, 1]
[[ 7  1  0  0  1  1]
 [ 6  4  0  0  0  0]
 [ 0  0  9  0  0  1]
 [ 0  4  0  4  2  0]
 [ 0  0  0  0 10  0]
 [ 0  0  0  0  0 10]]
0.733
n_feature=4, score=0.733
[0, 1, 0, 1, 0, 1, 0, 1, 0]
[[ 7  1  0  0  1  1]
 [ 6  4  0  0  0  0]
 [ 0  0  9  0  0  1]
 [ 0  4  0  4  2  0]
 [ 0  0  0  0 10  0]
 [ 0  0  0  0  0 10]]
0.733
n_feature=4, score=0.733
[0, 1, 0, 1, 0, 1, 0, 1, 0]
[[ 7  1  0  0  1  1]
 [ 6  4  0  0  0  0]
 [ 0  0  9  0  0  1]
 [ 0  4  0  4  2  0]
 [ 0  0  0  0 10  0]
 [ 0  0  0  0  0 10]]
0.733
n_feature=4, score=0.733
[0, 1, 0, 1, 0, 1, 0, 1, 0]
[[ 7  1  0  0  1  1]
 [ 6  4  0  0  0  0]
 [ 0  0  9  0  0  1]
 [ 0  4  0  4  2  0]
 [ 0  0  0  0 10  0]
 [ 0  0  0  0  0 10]]
0.733
n_feature=4, score=0.733
[0, 1, 0, 1, 0, 1, 0, 1, 0]
[[ 7  1  0  0  1  1]
 [ 6  4  0  0  0  0]
 [ 0  0  9  0  0  1]
 [ 0  4  0  4  2  0]
 [ 0  0  0  0 10  0]
 [ 0  0  0  0  0 10]]
0.733
n_feature=4, score=0.733
[0, 1, 0, 1, 0, 1, 0, 1, 0]
[[ 7  1  0  0  1  1]
 [ 6  4  0  0  0  0]
 [ 0  0  9  0  0  1]
 [ 0  4  0  4  2  0]
 [ 0  0  0  0 10  0]
 [ 0  0  0  0  0 10]]
0.733
n_feature=4, score=0.733
[0, 1, 0, 1, 0, 1, 0, 1, 0]
[[ 7  1  0  0  1  1]
 [ 6  4  0  0  0  0]
 [ 0  0  9  0  0  1]
 [ 0  4  0  4  2  0]
 [ 0  0  0  0 10  0]
 [ 0  0  0  0  0 10]]
0.733
n_feature=4, score=0.733
[0, 1, 0, 1, 0, 1, 0, 1, 0]
[[ 7  1  0  0  1  1]
 [ 6  4  0  0  0  0]
 [ 0  0  9  0  0  1]
 [ 0  4  0  4  2  0]
 [ 0  0  0  0 10  0]
 [ 0  0  0  0  0 10]]
0.733
n_feature=4, score=0.733
[0, 1, 0, 1, 0, 1, 0, 1, 0]
[[ 7  1  0  0  1  1]
 [ 6  4  0  0  0  0]
 [ 0  0  9  0  0  1]
 [ 0  4  0  4  2  0]
 [ 0  0  0  0 10  0]
 [ 0  0  0  0  0 10]]
0.733
n_feature=4, score=0.733
[0, 1, 0, 1, 0, 1, 0, 1, 0]
[[ 7  1  0  0  1  1]
 [ 6  4  0  0  0  0]
 [ 0  0  9  0  0  1]
 [ 0  4  0  4  2  0]
 [ 0  0  0  0 10  0]
 [ 0  0  0  0  0 10]]
0.733
n_feature=4, score=0.733
[0, 1, 0, 1, 0, 1, 0, 1, 0]
[[ 7  1  0  0  1  1]
 [ 6  4  0  0  0  0]
 [ 0  0  9  0  0  1]
 [ 0  4  0  4  2  0]
 [ 0  0  0  0 10  0]
 [ 0  0  0  0  0 10]]
0.733
n_feature=4, score=0.733
[0, 1, 0, 1, 0, 1, 0, 1, 0]
[[ 7  1  0  0  1  1]
 [ 6  4  0  0  0  0]
 [ 0  0  9  0  0  1]
 [ 0  4  0  4  2  0]
 [ 0  0  0  0 10  0]
 [ 0  0  0  0  0 10]]
0.733
n_feature=4, score=0.733
[0, 1, 0, 1, 0, 1, 0, 1, 0]
[[ 7  1  0  0  1  1]
 [ 6  4  0  0  0  0]
 [ 0  0  9  0  0  1]
 [ 0  4  0  4  2  0]
 [ 0  0  0  0 10  0]
 [ 0  0  0  0  0 10]]
0.733
n_feature=3, score=0.6
[0, 1, 0, 0, 0, 1, 0, 1, 0]
[[ 0  1  0  7  1  1]
 [ 0  4  0  6  0  0]
 [ 0  0  8  0  1  1]
 [ 0  0  0  4  6  0]
 [ 0  0  0  0 10  0]
 [ 0  0  0  0  0 10]]
0.6
n_feature=4, score=0.733
[0, 1, 0, 1, 0, 1, 0, 1, 0]
[[ 7  1  0  0  1  1]
 [ 6  4  0  0  0  0]
 [ 0  0  9  0  0  1]
 [ 0  4  0  4  2  0]
 [ 0  0  0  0 10  0]
 [ 0  0  0  0  0 10]]
0.733
n_feature=4, score=0.733
[0, 1, 0, 1, 0, 1, 0, 1, 0]
[[ 7  1  0  0  1  1]
 [ 6  4  0  0  0  0]
 [ 0  0  9  0  0  1]
 [ 0  4  0  4  2  0]
 [ 0  0  0  0 10  0]
 [ 0  0  0  0  0 10]]
0.733
n_feature=4, score=0.733
[0, 1, 0, 1, 0, 1, 0, 1, 0]
[[ 7  1  0  0  1  1]
 [ 6  4  0  0  0  0]
 [ 0  0  9  0  0  1]
 [ 0  4  0  4  2  0]
 [ 0  0  0  0 10  0]
 [ 0  0  0  0  0 10]]
0.733
n_feature=3, score=0.683
[0, 1, 0, 1, 0, 1, 0, 0, 0]
[[ 7  0  1  0  2  0]
 [ 6  4  0  0  0  0]
 [ 0  0 10  0  0  0]
 [ 0  6  0  4  0  0]
 [ 0  0  0  0 10  0]
 [ 0  0  4  0  0  6]]
0.683
n_feature=4, score=0.733
[0, 1, 0, 1, 0, 1, 0, 1, 0]
[[ 7  1  0  0  1  1]
 [ 6  4  0  0  0  0]
 [ 0  0  9  0  0  1]
 [ 0  4  0  4  2  0]
 [ 0  0  0  0 10  0]
 [ 0  0  0  0  0 10]]
0.733
n_feature=4, score=0.733
[0, 1, 0, 1, 0, 1, 0, 1, 0]
[[ 7  1  0  0  1  1]
 [ 6  4  0  0  0  0]
 [ 0  0  9  0  0  1]
 [ 0  4  0  4  2  0]
 [ 0  0  0  0 10  0]
 [ 0  0  0  0  0 10]]
0.733
n_feature=4, score=0.733
[0, 1, 0, 1, 0, 1, 0, 1, 0]
[[ 7  1  0  0  1  1]
 [ 6  4  0  0  0  0]
 [ 0  0  9  0  0  1]
 [ 0  4  0  4  2  0]
 [ 0  0  0  0 10  0]
 [ 0  0  0  0  0 10]]
0.733
n_feature=4, score=0.733
[0, 1, 0, 1, 0, 1, 0, 1, 0]
[[ 7  1  0  0  1  1]
 [ 6  4  0  0  0  0]
 [ 0  0  9  0  0  1]
 [ 0  4  0  4  2  0]
 [ 0  0  0  0 10  0]
 [ 0  0  0  0  0 10]]
0.733
n_feature=4, score=0.733
[0, 1, 0, 1, 0, 1, 0, 1, 0]
[[ 7  1  0  0  1  1]
 [ 6  4  0  0  0  0]
 [ 0  0  9  0  0  1]
 [ 0  4  0  4  2  0]
 [ 0  0  0  0 10  0]
 [ 0  0  0  0  0 10]]
0.733
n_feature=4, score=0.733
[0, 1, 0, 1, 0, 1, 0, 1, 0]
[[ 7  1  0  0  1  1]
 [ 6  4  0  0  0  0]
 [ 0  0  9  0  0  1]
 [ 0  4  0  4  2  0]
 [ 0  0  0  0 10  0]
 [ 0  0  0  0  0 10]]
0.733
n_feature=4, score=0.733
[0, 1, 0, 1, 0, 1, 0, 1, 0]
[[ 7  1  0  0  1  1]
 [ 6  4  0  0  0  0]
 [ 0  0  9  0  0  1]
 [ 0  4  0  4  2  0]
 [ 0  0  0  0 10  0]
 [ 0  0  0  0  0 10]]
0.733
n_feature=4, score=0.733
[0, 1, 0, 1, 0, 1, 0, 1, 0]
[[ 7  1  0  0  1  1]
 [ 6  4  0  0  0  0]
 [ 0  0  9  0  0  1]
 [ 0  4  0  4  2  0]
 [ 0  0  0  0 10  0]
 [ 0  0  0  0  0 10]]
0.733
n_feature=4, score=0.733
[0, 1, 0, 1, 0, 1, 0, 1, 0]
[[ 7  1  0  0  1  1]
 [ 6  4  0  0  0  0]
 [ 0  0  9  0  0  1]
 [ 0  4  0  4  2  0]
 [ 0  0  0  0 10  0]
 [ 0  0  0  0  0 10]]
0.733
n_feature=4, score=0.733
[0, 1, 0, 1, 0, 1, 0, 1, 0]
[[ 7  1  0  0  1  1]
 [ 6  4  0  0  0  0]
 [ 0  0  9  0  0  1]
 [ 0  4  0  4  2  0]
 [ 0  0  0  0 10  0]
 [ 0  0  0  0  0 10]]
0.733
n_feature=4, score=0.733
[0, 1, 0, 1, 0, 1, 0, 1, 0]
[[ 7  1  0  0  1  1]
 [ 6  4  0  0  0  0]
 [ 0  0  9  0  0  1]
 [ 0  4  0  4  2  0]
 [ 0  0  0  0 10  0]
 [ 0  0  0  0  0 10]]
0.733
n_feature=4, score=0.733
[0, 1, 0, 1, 0, 1, 0, 1, 0]
[[ 7  1  0  0  1  1]
 [ 6  4  0  0  0  0]
 [ 0  0  9  0  0  1]
 [ 0  4  0  4  2  0]
 [ 0  0  0  0 10  0]
 [ 0  0  0  0  0 10]]
0.733
n_feature=4, score=0.733
[0, 1, 0, 1, 0, 1, 0, 1, 0]
[[ 7  1  0  0  1  1]
 [ 6  4  0  0  0  0]
 [ 0  0  9  0  0  1]
 [ 0  4  0  4  2  0]
 [ 0  0  0  0 10  0]
 [ 0  0  0  0  0 10]]
0.733
n_feature=4, score=0.733
[0, 1, 0, 1, 0, 1, 0, 1, 0]
[[ 7  1  0  0  1  1]
 [ 6  4  0  0  0  0]
 [ 0  0  9  0  0  1]
 [ 0  4  0  4  2  0]
 [ 0  0  0  0 10  0]
 [ 0  0  0  0  0 10]]
0.733
n_feature=3, score=0.6
[0, 1, 0, 0, 0, 1, 0, 1, 0]
[[ 0  1  0  7  1  1]
 [ 0  4  0  6  0  0]
 [ 0  0  8  0  1  1]
 [ 0  0  0  4  6  0]
 [ 0  0  0  0 10  0]
 [ 0  0  0  0  0 10]]
0.6
n_feature=4, score=0.733
[0, 1, 0, 1, 0, 1, 0, 1, 0]
[[ 7  1  0  0  1  1]
 [ 6  4  0  0  0  0]
 [ 0  0  9  0  0  1]
 [ 0  4  0  4  2  0]
 [ 0  0  0  0 10  0]
 [ 0  0  0  0  0 10]]
0.733
n_feature=4, score=0.733
[0, 1, 0, 1, 0, 1, 0, 1, 0]
[[ 7  1  0  0  1  1]
 [ 6  4  0  0  0  0]
 [ 0  0  9  0  0  1]
 [ 0  4  0  4  2  0]
 [ 0  0  0  0 10  0]
 [ 0  0  0  0  0 10]]
0.733
n_feature=4, score=0.733
[0, 1, 0, 1, 0, 1, 0, 1, 0]
[[ 7  1  0  0  1  1]
 [ 6  4  0  0  0  0]
 [ 0  0  9  0  0  1]
 [ 0  4  0  4  2  0]
 [ 0  0  0  0 10  0]
 [ 0  0  0  0  0 10]]
0.733
n_feature=4, score=0.733
[0, 1, 0, 1, 0, 1, 0, 1, 0]
[[ 7  1  0  0  1  1]
 [ 6  4  0  0  0  0]
 [ 0  0  9  0  0  1]
 [ 0  4  0  4  2  0]
 [ 0  0  0  0 10  0]
 [ 0  0  0  0  0 10]]
0.733
n_feature=4, score=0.733
[0, 1, 0, 1, 0, 1, 0, 1, 0]
[[ 7  1  0  0  1  1]
 [ 6  4  0  0  0  0]
 [ 0  0  9  0  0  1]
 [ 0  4  0  4  2  0]
 [ 0  0  0  0 10  0]
 [ 0  0  0  0  0 10]]
0.733
n_feature=4, score=0.733
[0, 1, 0, 1, 0, 1, 0, 1, 0]
[[ 7  1  0  0  1  1]
 [ 6  4  0  0  0  0]
 [ 0  0  9  0  0  1]
 [ 0  4  0  4  2  0]
 [ 0  0  0  0 10  0]
 [ 0  0  0  0  0 10]]
0.733
n_feature=4, score=0.733
[0, 1, 0, 1, 0, 1, 0, 1, 0]
[[ 7  1  0  0  1  1]
 [ 6  4  0  0  0  0]
 [ 0  0  9  0  0  1]
 [ 0  4  0  4  2  0]
 [ 0  0  0  0 10  0]
 [ 0  0  0  0  0 10]]
0.733
n_feature=4, score=0.733
[0, 1, 0, 1, 0, 1, 0, 1, 0]
[[ 7  1  0  0  1  1]
 [ 6  4  0  0  0  0]
 [ 0  0  9  0  0  1]
 [ 0  4  0  4  2  0]
 [ 0  0  0  0 10  0]
 [ 0  0  0  0  0 10]]
0.733
n_feature=4, score=0.733
[0, 1, 0, 1, 0, 1, 0, 1, 0]
[[ 7  1  0  0  1  1]
 [ 6  4  0  0  0  0]
 [ 0  0  9  0  0  1]
 [ 0  4  0  4  2  0]
 [ 0  0  0  0 10  0]
 [ 0  0  0  0  0 10]]
0.733
n_feature=4, score=0.733
[0, 1, 0, 1, 0, 1, 0, 1, 0]
[[ 7  1  0  0  1  1]
 [ 6  4  0  0  0  0]
 [ 0  0  9  0  0  1]
 [ 0  4  0  4  2  0]
 [ 0  0  0  0 10  0]
 [ 0  0  0  0  0 10]]
0.733
n_feature=4, score=0.733
[0, 1, 0, 1, 0, 1, 0, 1, 0]
[[ 7  1  0  0  1  1]
 [ 6  4  0  0  0  0]
 [ 0  0  9  0  0  1]
 [ 0  4  0  4  2  0]
 [ 0  0  0  0 10  0]
 [ 0  0  0  0  0 10]]
0.733
n_feature=5, score=0.733
[0, 1, 1, 1, 0, 1, 0, 1, 0]
[[ 7  1  0  0  1  1]
 [ 6  4  0  0  0  0]
 [ 0  0  9  0  0  1]
 [ 4  0  0  4  2  0]
 [ 0  0  0  0 10  0]
 [ 0  0  0  0  0 10]]
0.733
n_feature=4, score=0.733
[0, 1, 0, 1, 0, 1, 0, 1, 0]
[[ 7  1  0  0  1  1]
 [ 6  4  0  0  0  0]
 [ 0  0  9  0  0  1]
 [ 0  4  0  4  2  0]
 [ 0  0  0  0 10  0]
 [ 0  0  0  0  0 10]]
0.733
n_feature=4, score=0.733
[0, 1, 0, 1, 0, 1, 0, 1, 0]
[[ 7  1  0  0  1  1]
 [ 6  4  0  0  0  0]
 [ 0  0  9  0  0  1]
 [ 0  4  0  4  2  0]
 [ 0  0  0  0 10  0]
 [ 0  0  0  0  0 10]]
0.733
n_feature=4, score=0.733
[0, 1, 0, 1, 0, 1, 0, 1, 0]
[[ 7  1  0  0  1  1]
 [ 6  4  0  0  0  0]
 [ 0  0  9  0  0  1]
 [ 0  4  0  4  2  0]
 [ 0  0  0  0 10  0]
 [ 0  0  0  0  0 10]]
0.733
n_feature=4, score=0.733
[0, 1, 0, 1, 0, 1, 0, 1, 0]
[[ 7  1  0  0  1  1]
 [ 6  4  0  0  0  0]
 [ 0  0  9  0  0  1]
 [ 0  4  0  4  2  0]
 [ 0  0  0  0 10  0]
 [ 0  0  0  0  0 10]]
0.733
n_feature=4, score=0.733
[0, 1, 0, 1, 0, 1, 0, 1, 0]
[[ 7  1  0  0  1  1]
 [ 6  4  0  0  0  0]
 [ 0  0  9  0  0  1]
 [ 0  4  0  4  2  0]
 [ 0  0  0  0 10  0]
 [ 0  0  0  0  0 10]]
0.733
n_feature=4, score=0.733
[0, 1, 0, 1, 0, 1, 0, 1, 0]
[[ 7  1  0  0  1  1]
 [ 6  4  0  0  0  0]
 [ 0  0  9  0  0  1]
 [ 0  4  0  4  2  0]
 [ 0  0  0  0 10  0]
 [ 0  0  0  0  0 10]]
0.733
n_feature=4, score=0.733
[0, 1, 0, 1, 0, 1, 0, 1, 0]
[[ 7  1  0  0  1  1]
 [ 6  4  0  0  0  0]
 [ 0  0  9  0  0  1]
 [ 0  4  0  4  2  0]
 [ 0  0  0  0 10  0]
 [ 0  0  0  0  0 10]]
0.733
******************************
[[0, 1, 0, 1, 0, 1, 0, 1, 0], [0, 1, 0, 1, 0, 1, 0, 1, 0], [0, 1, 0, 1, 0, 1, 0, 1, 0], [0, 1, 0, 1, 0, 1, 0, 1, 0], [0, 1, 1, 1, 0, 1, 0, 1, 0], [0, 1, 0, 1, 0, 1, 0, 1, 0], [0, 1, 0, 1, 0, 1, 0, 1, 0], [0, 1, 0, 1, 0, 1, 0, 1, 0], [0, 1, 0, 1, 0, 1, 0, 1, 0], [0, 1, 0, 1, 0, 1, 0, 1, 0], [0, 1, 0, 1, 0, 1, 0, 1, 0], [0, 1, 0, 1, 0, 1, 0, 1, 0], [0, 1, 0, 1, 0, 1, 0, 1, 0], [0, 1, 0, 1, 0, 1, 0, 1, 0], [0, 1, 0, 1, 0, 1, 0, 1, 0], [0, 1, 0, 1, 0, 1, 0, 1, 0], [0, 1, 0, 1, 0, 1, 0, 1, 0], [0, 1, 0, 1, 0, 1, 0, 1, 0], [0, 1, 0, 1, 0, 1, 0, 1, 0], [0, 1, 0, 1, 0, 1, 0, 1, 0]]
gen	nevals	avg              	std                            	min          	max          
0  	20    	[0.5291 4.5   ]  	[0.13981913 1.28452326]        	[0.25 2.  ]  	[0.717 7.   ]
1  	16    	[0.66315 5.3    ]	[0.06742868 1.00498756]        	[0.483 4.   ]	[0.733 7.   ]
2  	7     	[0.689 5.65 ]    	[0.05511806 1.38834434]        	[0.483 3.   ]	[0.733 7.   ]
3  	15    	[0.7089 5.75  ]  	[0.02387027 1.44481833]        	[0.683 4.   ]	[0.733 8.   ]
4  	14    	[0.7172 6.5   ]  	[0.03877061 0.92195445]        	[0.567 4.   ]	[0.733 8.   ]
5  	11    	[0.733 6.65 ]    	[2.22044605e-16 5.72276157e-01]	[0.733 6.   ]	[0.733 8.   ]
6  	15    	[0.723 6.1  ]    	[0.03391165 0.6244998 ]        	[0.583 5.   ]	[0.733 7.   ]
7  	16    	[0.7247 5.8   ]  	[0.03617886 0.6       ]        	[0.567 5.   ]	[0.733 7.   ]
8  	7     	[0.733 5.35 ]    	[2.22044605e-16 5.72276157e-01]	[0.733 4.   ]	[0.733 6.   ]
9  	18    	[0.7255 5.    ]  	[0.03269174 0.77459667]        	[0.583 3.   ]	[0.733 6.   ]
10 	13    	[0.7305 4.7   ]  	[0.01089725 0.64031242]        	[0.683 4.   ]	[0.733 6.   ]
11 	10    	[0.733 4.3  ]    	[2.22044605e-16 4.58257569e-01]	[0.733 4.   ]	[0.733 5.   ]
12 	14    	[0.7305 4.05  ]  	[0.01089725 0.38405729]        	[0.683 3.   ]	[0.733 5.   ]
13 	7     	[0.7305 4.05  ]  	[0.01089725 0.21794495]        	[0.683 4.   ]	[0.733 5.   ]
14 	13    	[0.733 4.05 ]    	[2.22044605e-16 2.17944947e-01]	[0.733 4.   ]	[0.733 5.   ]
15 	10    	[0.733 4.   ]    	[2.22044605e-16 0.00000000e+00]	[0.733 4.   ]	[0.733 4.   ]
16 	11    	[0.733 4.1  ]    	[2.22044605e-16 4.35889894e-01]	[0.733 4.   ]	[0.733 6.   ]
17 	12    	[0.733 4.05 ]    	[2.22044605e-16 2.17944947e-01]	[0.733 4.   ]	[0.733 5.   ]
18 	17    	[0.72385 3.9    ]	[0.03042577 0.3       ]        	[0.6 3. ]    	[0.733 4.   ]
19 	16    	[0.72635 3.95   ]	[0.02898668 0.21794495]        	[0.6 3. ]    	[0.733 4.   ]
20 	8     	[0.733 4.05 ]    	[2.22044605e-16 2.17944947e-01]	[0.733 4.   ]	[0.733 5.   ]
******************************
*****hall of fame*****
use_sensor_num: 4.0, score: 0.733
[0, 1, 0, 1, 0, 1, 0, 1, 0]
[1, 3, 5, 7]
*****hall of fame*****
use_sensor_num: 3.0, score: 0.683
[0, 1, 0, 1, 0, 1, 0, 0, 0]
[1, 3, 5]
*****hall of fame*****
use_sensor_num: 3.0, score: 0.683
[0, 1, 0, 1, 0, 0, 0, 1, 0]
[1, 3, 7]
*****hall of fame*****
use_sensor_num: 2.0, score: 0.483
[1, 0, 0, 1, 0, 0, 0, 0, 0]
[0, 3]
elapsed_time:107.95421576499939[sec]
