60,9
Starting Genetic Algorizm By Random Forest With 9 column
n_feature=7, score=0.8
[1, 1, 1, 1, 1, 0, 1, 0, 1]
[[ 6  0  0  3  1  0]
 [ 0 10  0  0  0  0]
 [ 0  1  6  0  0  3]
 [ 1  0  0  9  0  0]
 [ 0  0  0  3  7  0]
 [ 0  0  0  0  0 10]]
0.8
n_feature=5, score=0.567
[1, 0, 0, 0, 1, 1, 1, 0, 1]
[[ 0  0  0  8  1  1]
 [ 0 10  0  0  0  0]
 [ 0  4  3  0  0  3]
 [ 0  0  0  9  0  1]
 [ 0  0  0  8  2  0]
 [ 0  0  0  0  0 10]]
0.567
n_feature=4, score=0.8
[0, 0, 1, 0, 0, 0, 1, 1, 1]
[[ 4  0  0  0  5  1]
 [ 0 10  0  0  0  0]
 [ 0  1  6  0  0  3]
 [ 1  0  0  8  0  1]
 [ 0  0  0  0 10  0]
 [ 0  0  0  0  0 10]]
0.8
n_feature=7, score=0.783
[0, 1, 1, 1, 1, 0, 1, 1, 1]
[[ 5  0  0  1  4  0]
 [ 0 10  0  0  0  0]
 [ 0  1  7  0  1  1]
 [ 1  0  0  9  0  0]
 [ 0  0  0  4  6  0]
 [ 0  0  0  0  0 10]]
0.783
n_feature=4, score=0.583
[0, 1, 0, 1, 0, 0, 1, 0, 1]
[[ 5  1  0  4  0  0]
 [ 0 10  0  0  0  0]
 [ 0  1  0  0  0  9]
 [ 0  1  0  9  0  0]
 [ 5  0  0  4  1  0]
 [ 0  0  0  0  0 10]]
0.583
n_feature=6, score=0.767
[0, 1, 1, 1, 1, 1, 0, 0, 1]
[[ 6  0  0  3  1  0]
 [ 0 10  0  0  0  0]
 [ 0  1  6  0  0  3]
 [ 1  0  0  9  0  0]
 [ 1  0  0  4  5  0]
 [ 0  0  0  0  0 10]]
0.767
n_feature=5, score=0.75
[0, 1, 1, 0, 1, 0, 1, 0, 1]
[[ 6  0  0  0  4  0]
 [ 0 10  0  0  0  0]
 [ 0  1  6  0  0  3]
 [ 1  0  0  8  1  0]
 [ 5  0  0  0  5  0]
 [ 0  0  0  0  0 10]]
0.75
n_feature=4, score=0.6
[0, 0, 0, 1, 1, 0, 0, 1, 1]
[[ 4  0  0  0  5  1]
 [ 0  5  5  0  0  0]
 [ 2  0  7  0  0  1]
 [ 1  0  0  0  8  1]
 [ 0  0  0  0 10  0]
 [ 0  0  0  0  0 10]]
0.6
n_feature=2, score=0.3
[1, 0, 0, 1, 0, 0, 0, 0, 0]
[[ 0  0  0  0  0 10]
 [ 0  5  0  0  0  5]
 [ 2  0  3  1  0  4]
 [ 0  1  0  0  0  9]
 [ 2  0  2  0  0  6]
 [ 0  0  0  0  0 10]]
0.3
n_feature=3, score=0.483
[1, 0, 0, 0, 1, 0, 1, 0, 0]
[[ 3  1  0  6  0  0]
 [ 0 10  0  0  0  0]
 [ 2  4  3  1  0  0]
 [ 0  0  0 10  0  0]
 [ 2  0  0  6  2  0]
 [ 3  0  0  6  0  1]]
0.483
n_feature=3, score=0.55
[0, 0, 0, 0, 0, 0, 1, 1, 1]
[[ 4  0  0  0  5  1]
 [ 0  3  6  0  0  1]
 [ 0  0  6  0  0  4]
 [ 1  0  0  0  8  1]
 [ 0  0  0  0 10  0]
 [ 0  0  0  0  0 10]]
0.55
n_feature=5, score=0.6
[0, 1, 1, 1, 1, 1, 0, 0, 0]
[[ 0  1  0  2  2  5]
 [ 0 10  0  0  0  0]
 [ 0  1  6  0  0  3]
 [ 0  0  0 10  0  0]
 [ 0  0  0  4  0  6]
 [ 0  0  0  0  0 10]]
0.6
n_feature=4, score=0.567
[0, 1, 1, 1, 0, 0, 0, 1, 0]
[[ 3  0  0  1  4  2]
 [ 0  7  0  3  0  0]
 [ 0  1  0  0  6  3]
 [ 2  0  0  8  0  0]
 [ 0  0  0  4  6  0]
 [ 0  0  0  0  0 10]]
0.567
n_feature=4, score=0.417
[1, 0, 1, 1, 0, 1, 0, 0, 0]
[[ 1  0  0  0  0  9]
 [ 0  5  0  5  0  0]
 [ 0  0  2  1  0  7]
 [ 0  1  0  7  0  2]
 [ 0  0  2  0  0  8]
 [ 0  0  0  0  0 10]]
0.417
n_feature=6, score=0.7
[1, 1, 0, 1, 0, 1, 1, 0, 1]
[[ 5  1  0  4  0  0]
 [ 0 10  0  0  0  0]
 [ 0  1  2  0  0  7]
 [ 0  1  0  9  0  0]
 [ 0  0  0  4  6  0]
 [ 0  0  0  0  0 10]]
0.7
n_feature=5, score=0.767
[0, 1, 0, 1, 1, 1, 0, 0, 1]
[[ 6  0  0  4  0  0]
 [ 0 10  0  0  0  0]
 [ 0  1  6  0  0  3]
 [ 1  0  0  9  0  0]
 [ 1  0  0  4  5  0]
 [ 0  0  0  0  0 10]]
0.767
n_feature=4, score=0.6
[1, 0, 1, 0, 1, 0, 1, 0, 0]
[[ 3  0  1  0  0  6]
 [ 0 10  0  0  0  0]
 [ 2  1  6  0  0  1]
 [ 0  0  0  8  0  2]
 [ 2  0  0  0  2  6]
 [ 3  0  0  0  0  7]]
0.6
n_feature=4, score=0.6
[1, 0, 1, 0, 1, 0, 1, 0, 0]
[[ 3  0  1  0  0  6]
 [ 0 10  0  0  0  0]
 [ 2  1  6  0  0  1]
 [ 0  0  0  8  0  2]
 [ 2  0  0  0  2  6]
 [ 3  0  0  0  0  7]]
0.6
n_feature=5, score=0.617
[1, 1, 1, 1, 0, 0, 0, 1, 0]
[[ 3  0  0  1  4  2]
 [ 0  6  0  4  0  0]
 [ 0  1  2  0  6  1]
 [ 1  0  0  9  0  0]
 [ 0  0  0  3  7  0]
 [ 0  0  0  0  0 10]]
0.617
n_feature=3, score=0.533
[0, 0, 0, 1, 1, 0, 0, 1, 0]
[[ 0  0  0  0  5  5]
 [ 0  6  2  0  2  0]
 [ 0  0  6  1  3  0]
 [ 0  0  0  0  8  2]
 [ 0  0  0  0 10  0]
 [ 0  0  0  0  0 10]]
0.533
n_feature=6, score=0.8
[1, 1, 1, 0, 1, 0, 1, 0, 1]
[[ 6  0  0  3  1  0]
 [ 0 10  0  0  0  0]
 [ 0  1  6  0  0  3]
 [ 1  0  0  9  0  0]
 [ 0  0  0  3  7  0]
 [ 0  0  0  0  0 10]]
0.8
n_feature=6, score=0.6
[1, 1, 1, 1, 1, 0, 1, 0, 0]
[[ 0  1  0  3  1  5]
 [ 0 10  0  0  0  0]
 [ 0  1  6  0  0  3]
 [ 0  1  0  9  0  0]
 [ 0  0  0  3  1  6]
 [ 0  0  0  0  0 10]]
0.6
n_feature=5, score=0.767
[0, 1, 0, 1, 1, 1, 0, 0, 1]
[[ 6  0  0  4  0  0]
 [ 0 10  0  0  0  0]
 [ 0  1  6  0  0  3]
 [ 1  0  0  9  0  0]
 [ 1  0  0  4  5  0]
 [ 0  0  0  0  0 10]]
0.767
n_feature=5, score=0.75
[0, 1, 1, 0, 1, 0, 1, 0, 1]
[[ 6  0  0  0  4  0]
 [ 0 10  0  0  0  0]
 [ 0  1  6  0  0  3]
 [ 1  0  0  8  1  0]
 [ 5  0  0  0  5  0]
 [ 0  0  0  0  0 10]]
0.75
n_feature=8, score=0.8
[1, 1, 1, 1, 1, 0, 1, 1, 1]
[[ 5  0  0  1  4  0]
 [ 0 10  0  0  0  0]
 [ 0  1  7  0  1  1]
 [ 1  0  0  9  0  0]
 [ 0  0  0  3  7  0]
 [ 0  0  0  0  0 10]]
0.8
n_feature=5, score=0.65
[0, 1, 0, 1, 0, 1, 1, 0, 1]
[[ 5  1  0  4  0  0]
 [ 0 10  0  0  0  0]
 [ 0  1  0  0  0  9]
 [ 0  1  0  9  0  0]
 [ 1  0  0  4  5  0]
 [ 0  0  0  0  0 10]]
0.65
n_feature=4, score=0.8
[0, 0, 1, 0, 0, 0, 1, 1, 1]
[[ 4  0  0  0  5  1]
 [ 0 10  0  0  0  0]
 [ 0  1  6  0  0  3]
 [ 1  0  0  8  0  1]
 [ 0  0  0  0 10  0]
 [ 0  0  0  0  0 10]]
0.8
n_feature=7, score=0.783
[0, 1, 1, 1, 1, 0, 1, 1, 1]
[[ 5  0  0  1  4  0]
 [ 0 10  0  0  0  0]
 [ 0  1  7  0  1  1]
 [ 1  0  0  9  0  0]
 [ 0  0  0  4  6  0]
 [ 0  0  0  0  0 10]]
0.783
n_feature=7, score=0.783
[0, 1, 1, 1, 1, 0, 1, 1, 1]
[[ 5  0  0  1  4  0]
 [ 0 10  0  0  0  0]
 [ 0  1  7  0  1  1]
 [ 1  0  0  9  0  0]
 [ 0  0  0  4  6  0]
 [ 0  0  0  0  0 10]]
0.783
n_feature=6, score=0.767
[0, 1, 1, 1, 1, 1, 0, 0, 1]
[[ 6  0  0  3  1  0]
 [ 0 10  0  0  0  0]
 [ 0  1  6  0  0  3]
 [ 1  0  0  9  0  0]
 [ 1  0  0  4  5  0]
 [ 0  0  0  0  0 10]]
0.767
n_feature=2, score=0.617
[0, 0, 1, 0, 0, 0, 0, 1, 0]
[[ 0  0  0  0  5  5]
 [ 0  7  0  3  0  0]
 [ 0  1  2  0  4  3]
 [ 1  0  0  8  0  1]
 [ 0  0  0  0 10  0]
 [ 0  0  0  0  0 10]]
0.617
n_feature=6, score=0.733
[1, 1, 1, 1, 0, 0, 1, 0, 1]
[[ 6  0  0  3  1  0]
 [ 0 10  0  0  0  0]
 [ 0  1  2  0  0  7]
 [ 1  0  0  9  0  0]
 [ 0  0  0  3  7  0]
 [ 0  0  0  0  0 10]]
0.733
n_feature=7, score=0.767
[0, 1, 1, 1, 1, 1, 0, 1, 1]
[[ 5  0  0  1  4  0]
 [ 0 10  0  0  0  0]
 [ 0  1  6  0  2  1]
 [ 1  0  0  9  0  0]
 [ 0  0  0  4  6  0]
 [ 0  0  0  0  0 10]]
0.767
n_feature=6, score=0.75
[0, 1, 1, 1, 1, 0, 1, 0, 1]
[[ 6  0  0  3  1  0]
 [ 0 10  0  0  0  0]
 [ 0  1  6  0  0  3]
 [ 1  0  0  9  0  0]
 [ 2  0  0  4  4  0]
 [ 0  0  0  0  0 10]]
0.75
n_feature=7, score=0.783
[0, 1, 1, 1, 1, 0, 1, 1, 1]
[[ 5  0  0  1  4  0]
 [ 0 10  0  0  0  0]
 [ 0  1  7  0  1  1]
 [ 1  0  0  9  0  0]
 [ 0  0  0  4  6  0]
 [ 0  0  0  0  0 10]]
0.783
n_feature=4, score=0.567
[0, 1, 1, 1, 0, 0, 0, 1, 0]
[[ 3  0  0  1  4  2]
 [ 0  7  0  3  0  0]
 [ 0  1  0  0  6  3]
 [ 2  0  0  8  0  0]
 [ 0  0  0  4  6  0]
 [ 0  0  0  0  0 10]]
0.567
n_feature=4, score=0.8
[0, 0, 1, 0, 0, 0, 1, 1, 1]
[[ 4  0  0  0  5  1]
 [ 0 10  0  0  0  0]
 [ 0  1  6  0  0  3]
 [ 1  0  0  8  0  1]
 [ 0  0  0  0 10  0]
 [ 0  0  0  0  0 10]]
0.8
n_feature=7, score=0.783
[0, 1, 1, 1, 1, 0, 1, 1, 1]
[[ 5  0  0  1  4  0]
 [ 0 10  0  0  0  0]
 [ 0  1  7  0  1  1]
 [ 1  0  0  9  0  0]
 [ 0  0  0  4  6  0]
 [ 0  0  0  0  0 10]]
0.783
n_feature=6, score=0.783
[0, 1, 1, 0, 1, 0, 1, 1, 1]
[[ 5  0  0  1  4  0]
 [ 0 10  0  0  0  0]
 [ 0  1  7  0  1  1]
 [ 1  0  0  9  0  0]
 [ 0  0  0  4  6  0]
 [ 0  0  0  0  0 10]]
0.783
n_feature=5, score=0.767
[0, 1, 1, 1, 0, 0, 0, 1, 1]
[[ 5  0  0  1  4  0]
 [ 0 10  0  0  0  0]
 [ 0  1  6  0  0  3]
 [ 1  0  0  9  0  0]
 [ 0  0  0  4  6  0]
 [ 0  0  0  0  0 10]]
0.767
n_feature=3, score=0.65
[0, 0, 1, 0, 0, 0, 1, 0, 1]
[[ 1  0  0  0  8  1]
 [ 0 10  0  0  0  0]
 [ 0  1  0  0  0  9]
 [ 0  0  0  8  1  1]
 [ 0  0  0  0 10  0]
 [ 0  0  0  0  0 10]]
0.65
n_feature=5, score=0.767
[0, 1, 1, 0, 0, 0, 1, 1, 1]
[[ 5  0  0  1  4  0]
 [ 0 10  0  0  0  0]
 [ 0  1  6  0  0  3]
 [ 1  0  0  9  0  0]
 [ 0  0  0  4  6  0]
 [ 0  0  0  0  0 10]]
0.767
n_feature=9, score=0.767
[1, 1, 1, 1, 1, 1, 1, 1, 1]
[[ 4  0  0  1  4  1]
 [ 0 10  0  0  0  0]
 [ 0  1  6  0  2  1]
 [ 0  0  0  9  0  1]
 [ 0  0  0  3  7  0]
 [ 0  0  0  0  0 10]]
0.767
n_feature=8, score=0.8
[1, 1, 1, 1, 1, 0, 1, 1, 1]
[[ 5  0  0  1  4  0]
 [ 0 10  0  0  0  0]
 [ 0  1  7  0  1  1]
 [ 1  0  0  9  0  0]
 [ 0  0  0  3  7  0]
 [ 0  0  0  0  0 10]]
0.8
n_feature=4, score=0.8
[0, 0, 1, 0, 0, 0, 1, 1, 1]
[[ 4  0  0  0  5  1]
 [ 0 10  0  0  0  0]
 [ 0  1  6  0  0  3]
 [ 1  0  0  8  0  1]
 [ 0  0  0  0 10  0]
 [ 0  0  0  0  0 10]]
0.8
n_feature=4, score=0.8
[0, 0, 1, 0, 0, 0, 1, 1, 1]
[[ 4  0  0  0  5  1]
 [ 0 10  0  0  0  0]
 [ 0  1  6  0  0  3]
 [ 1  0  0  8  0  1]
 [ 0  0  0  0 10  0]
 [ 0  0  0  0  0 10]]
0.8
n_feature=4, score=0.8
[0, 0, 1, 0, 0, 0, 1, 1, 1]
[[ 4  0  0  0  5  1]
 [ 0 10  0  0  0  0]
 [ 0  1  6  0  0  3]
 [ 1  0  0  8  0  1]
 [ 0  0  0  0 10  0]
 [ 0  0  0  0  0 10]]
0.8
n_feature=4, score=0.8
[0, 0, 1, 0, 0, 0, 1, 1, 1]
[[ 4  0  0  0  5  1]
 [ 0 10  0  0  0  0]
 [ 0  1  6  0  0  3]
 [ 1  0  0  8  0  1]
 [ 0  0  0  0 10  0]
 [ 0  0  0  0  0 10]]
0.8
n_feature=4, score=0.8
[0, 0, 1, 0, 0, 0, 1, 1, 1]
[[ 4  0  0  0  5  1]
 [ 0 10  0  0  0  0]
 [ 0  1  6  0  0  3]
 [ 1  0  0  8  0  1]
 [ 0  0  0  0 10  0]
 [ 0  0  0  0  0 10]]
0.8
n_feature=9, score=0.767
[1, 1, 1, 1, 1, 1, 1, 1, 1]
[[ 4  0  0  1  4  1]
 [ 0 10  0  0  0  0]
 [ 0  1  6  0  2  1]
 [ 0  0  0  9  0  1]
 [ 0  0  0  3  7  0]
 [ 0  0  0  0  0 10]]
0.767
n_feature=3, score=0.8
[0, 0, 1, 0, 0, 0, 0, 1, 1]
[[ 4  0  0  0  5  1]
 [ 0 10  0  0  0  0]
 [ 0  1  6  0  0  3]
 [ 1  0  0  8  0  1]
 [ 0  0  0  0 10  0]
 [ 0  0  0  0  0 10]]
0.8
n_feature=6, score=0.767
[0, 1, 1, 1, 0, 0, 1, 1, 1]
[[ 5  0  0  1  4  0]
 [ 0 10  0  0  0  0]
 [ 0  1  6  0  0  3]
 [ 1  0  0  9  0  0]
 [ 0  0  0  4  6  0]
 [ 0  0  0  0  0 10]]
0.767
n_feature=4, score=0.8
[0, 0, 1, 0, 0, 0, 1, 1, 1]
[[ 4  0  0  0  5  1]
 [ 0 10  0  0  0  0]
 [ 0  1  6  0  0  3]
 [ 1  0  0  8  0  1]
 [ 0  0  0  0 10  0]
 [ 0  0  0  0  0 10]]
0.8
n_feature=6, score=0.783
[0, 1, 1, 0, 1, 0, 1, 1, 1]
[[ 5  0  0  1  4  0]
 [ 0 10  0  0  0  0]
 [ 0  1  7  0  1  1]
 [ 1  0  0  9  0  0]
 [ 0  0  0  4  6  0]
 [ 0  0  0  0  0 10]]
0.783
n_feature=4, score=0.8
[0, 0, 1, 0, 0, 0, 1, 1, 1]
[[ 4  0  0  0  5  1]
 [ 0 10  0  0  0  0]
 [ 0  1  6  0  0  3]
 [ 1  0  0  8  0  1]
 [ 0  0  0  0 10  0]
 [ 0  0  0  0  0 10]]
0.8
n_feature=4, score=0.8
[0, 0, 1, 0, 0, 0, 1, 1, 1]
[[ 4  0  0  0  5  1]
 [ 0 10  0  0  0  0]
 [ 0  1  6  0  0  3]
 [ 1  0  0  8  0  1]
 [ 0  0  0  0 10  0]
 [ 0  0  0  0  0 10]]
0.8
n_feature=5, score=0.767
[0, 1, 1, 0, 0, 0, 1, 1, 1]
[[ 5  0  0  1  4  0]
 [ 0 10  0  0  0  0]
 [ 0  1  6  0  0  3]
 [ 1  0  0  9  0  0]
 [ 0  0  0  4  6  0]
 [ 0  0  0  0  0 10]]
0.767
n_feature=6, score=0.817
[0, 0, 1, 1, 1, 0, 1, 1, 1]
[[ 4  0  0  0  5  1]
 [ 0 10  0  0  0  0]
 [ 0  1  7  0  1  1]
 [ 1  0  0  8  0  1]
 [ 0  0  0  0 10  0]
 [ 0  0  0  0  0 10]]
0.817
n_feature=4, score=0.8
[0, 0, 1, 0, 0, 0, 1, 1, 1]
[[ 4  0  0  0  5  1]
 [ 0 10  0  0  0  0]
 [ 0  1  6  0  0  3]
 [ 1  0  0  8  0  1]
 [ 0  0  0  0 10  0]
 [ 0  0  0  0  0 10]]
0.8
n_feature=5, score=0.8
[0, 0, 1, 1, 1, 0, 0, 1, 1]
[[ 4  0  0  0  5  1]
 [ 0 10  0  0  0  0]
 [ 2  1  6  0  0  1]
 [ 1  0  0  8  0  1]
 [ 0  0  0  0 10  0]
 [ 0  0  0  0  0 10]]
0.8
n_feature=4, score=0.8
[0, 0, 1, 0, 0, 0, 1, 1, 1]
[[ 4  0  0  0  5  1]
 [ 0 10  0  0  0  0]
 [ 0  1  6  0  0  3]
 [ 1  0  0  8  0  1]
 [ 0  0  0  0 10  0]
 [ 0  0  0  0  0 10]]
0.8
n_feature=6, score=0.817
[0, 0, 1, 1, 1, 0, 1, 1, 1]
[[ 4  0  0  0  5  1]
 [ 0 10  0  0  0  0]
 [ 0  1  7  0  1  1]
 [ 1  0  0  8  0  1]
 [ 0  0  0  0 10  0]
 [ 0  0  0  0  0 10]]
0.817
n_feature=4, score=0.8
[0, 0, 1, 0, 0, 0, 1, 1, 1]
[[ 4  0  0  0  5  1]
 [ 0 10  0  0  0  0]
 [ 0  1  6  0  0  3]
 [ 1  0  0  8  0  1]
 [ 0  0  0  0 10  0]
 [ 0  0  0  0  0 10]]
0.8
n_feature=4, score=0.8
[0, 0, 1, 0, 0, 0, 1, 1, 1]
[[ 4  0  0  0  5  1]
 [ 0 10  0  0  0  0]
 [ 0  1  6  0  0  3]
 [ 1  0  0  8  0  1]
 [ 0  0  0  0 10  0]
 [ 0  0  0  0  0 10]]
0.8
n_feature=4, score=0.567
[0, 0, 0, 1, 0, 0, 1, 1, 1]
[[ 4  0  0  0  5  1]
 [ 0  4  6  0  0  0]
 [ 0  0  6  0  0  4]
 [ 1  0  0  0  8  1]
 [ 0  0  0  0 10  0]
 [ 0  0  0  0  0 10]]
0.567
n_feature=4, score=0.8
[0, 0, 1, 0, 0, 0, 1, 1, 1]
[[ 4  0  0  0  5  1]
 [ 0 10  0  0  0  0]
 [ 0  1  6  0  0  3]
 [ 1  0  0  8  0  1]
 [ 0  0  0  0 10  0]
 [ 0  0  0  0  0 10]]
0.8
n_feature=4, score=0.8
[0, 0, 1, 0, 0, 0, 1, 1, 1]
[[ 4  0  0  0  5  1]
 [ 0 10  0  0  0  0]
 [ 0  1  6  0  0  3]
 [ 1  0  0  8  0  1]
 [ 0  0  0  0 10  0]
 [ 0  0  0  0  0 10]]
0.8
n_feature=6, score=0.817
[0, 0, 1, 1, 1, 0, 1, 1, 1]
[[ 4  0  0  0  5  1]
 [ 0 10  0  0  0  0]
 [ 0  1  7  0  1  1]
 [ 1  0  0  8  0  1]
 [ 0  0  0  0 10  0]
 [ 0  0  0  0  0 10]]
0.817
n_feature=2, score=0.5
[0, 0, 0, 0, 0, 0, 0, 1, 1]
[[ 4  0  0  0  5  1]
 [ 0  0  6  0  0  4]
 [ 0  0  6  0  0  4]
 [ 1  0  0  0  8  1]
 [ 0  0  0  0 10  0]
 [ 0  0  0  0  0 10]]
0.5
n_feature=4, score=0.8
[0, 0, 1, 0, 0, 0, 1, 1, 1]
[[ 4  0  0  0  5  1]
 [ 0 10  0  0  0  0]
 [ 0  1  6  0  0  3]
 [ 1  0  0  8  0  1]
 [ 0  0  0  0 10  0]
 [ 0  0  0  0  0 10]]
0.8
n_feature=3, score=0.8
[0, 0, 1, 0, 0, 0, 0, 1, 1]
[[ 4  0  0  0  5  1]
 [ 0 10  0  0  0  0]
 [ 0  1  6  0  0  3]
 [ 1  0  0  8  0  1]
 [ 0  0  0  0 10  0]
 [ 0  0  0  0  0 10]]
0.8
n_feature=4, score=0.8
[0, 0, 1, 0, 0, 0, 1, 1, 1]
[[ 4  0  0  0  5  1]
 [ 0 10  0  0  0  0]
 [ 0  1  6  0  0  3]
 [ 1  0  0  8  0  1]
 [ 0  0  0  0 10  0]
 [ 0  0  0  0  0 10]]
0.8
n_feature=3, score=0.8
[0, 0, 1, 0, 0, 0, 0, 1, 1]
[[ 4  0  0  0  5  1]
 [ 0 10  0  0  0  0]
 [ 0  1  6  0  0  3]
 [ 1  0  0  8  0  1]
 [ 0  0  0  0 10  0]
 [ 0  0  0  0  0 10]]
0.8
n_feature=4, score=0.8
[0, 0, 1, 0, 0, 0, 1, 1, 1]
[[ 4  0  0  0  5  1]
 [ 0 10  0  0  0  0]
 [ 0  1  6  0  0  3]
 [ 1  0  0  8  0  1]
 [ 0  0  0  0 10  0]
 [ 0  0  0  0  0 10]]
0.8
n_feature=4, score=0.8
[0, 0, 1, 0, 0, 0, 1, 1, 1]
[[ 4  0  0  0  5  1]
 [ 0 10  0  0  0  0]
 [ 0  1  6  0  0  3]
 [ 1  0  0  8  0  1]
 [ 0  0  0  0 10  0]
 [ 0  0  0  0  0 10]]
0.8
n_feature=5, score=0.8
[0, 0, 1, 1, 0, 0, 1, 1, 1]
[[ 4  0  0  0  5  1]
 [ 0 10  0  0  0  0]
 [ 0  1  6  0  0  3]
 [ 1  0  0  8  0  1]
 [ 0  0  0  0 10  0]
 [ 0  0  0  0  0 10]]
0.8
n_feature=5, score=0.8
[0, 0, 1, 0, 1, 0, 1, 1, 1]
[[ 4  0  0  0  5  1]
 [ 0 10  0  0  0  0]
 [ 2  1  6  0  0  1]
 [ 1  0  0  8  0  1]
 [ 0  0  0  0 10  0]
 [ 0  0  0  0  0 10]]
0.8
n_feature=6, score=0.817
[0, 0, 1, 1, 1, 0, 1, 1, 1]
[[ 4  0  0  0  5  1]
 [ 0 10  0  0  0  0]
 [ 0  1  7  0  1  1]
 [ 1  0  0  8  0  1]
 [ 0  0  0  0 10  0]
 [ 0  0  0  0  0 10]]
0.817
n_feature=4, score=0.8
[0, 0, 1, 0, 0, 0, 1, 1, 1]
[[ 4  0  0  0  5  1]
 [ 0 10  0  0  0  0]
 [ 0  1  6  0  0  3]
 [ 1  0  0  8  0  1]
 [ 0  0  0  0 10  0]
 [ 0  0  0  0  0 10]]
0.8
n_feature=6, score=0.817
[0, 0, 1, 1, 1, 0, 1, 1, 1]
[[ 4  0  0  0  5  1]
 [ 0 10  0  0  0  0]
 [ 0  1  7  0  1  1]
 [ 1  0  0  8  0  1]
 [ 0  0  0  0 10  0]
 [ 0  0  0  0  0 10]]
0.817
n_feature=4, score=0.8
[0, 0, 1, 0, 0, 0, 1, 1, 1]
[[ 4  0  0  0  5  1]
 [ 0 10  0  0  0  0]
 [ 0  1  6  0  0  3]
 [ 1  0  0  8  0  1]
 [ 0  0  0  0 10  0]
 [ 0  0  0  0  0 10]]
0.8
n_feature=6, score=0.817
[0, 0, 1, 1, 1, 0, 1, 1, 1]
[[ 4  0  0  0  5  1]
 [ 0 10  0  0  0  0]
 [ 0  1  7  0  1  1]
 [ 1  0  0  8  0  1]
 [ 0  0  0  0 10  0]
 [ 0  0  0  0  0 10]]
0.817
n_feature=6, score=0.817
[0, 0, 1, 1, 1, 0, 1, 1, 1]
[[ 4  0  0  0  5  1]
 [ 0 10  0  0  0  0]
 [ 0  1  7  0  1  1]
 [ 1  0  0  8  0  1]
 [ 0  0  0  0 10  0]
 [ 0  0  0  0  0 10]]
0.817
n_feature=6, score=0.817
[0, 0, 1, 1, 1, 0, 1, 1, 1]
[[ 4  0  0  0  5  1]
 [ 0 10  0  0  0  0]
 [ 0  1  7  0  1  1]
 [ 1  0  0  8  0  1]
 [ 0  0  0  0 10  0]
 [ 0  0  0  0  0 10]]
0.817
n_feature=6, score=0.817
[0, 0, 1, 1, 1, 0, 1, 1, 1]
[[ 4  0  0  0  5  1]
 [ 0 10  0  0  0  0]
 [ 0  1  7  0  1  1]
 [ 1  0  0  8  0  1]
 [ 0  0  0  0 10  0]
 [ 0  0  0  0  0 10]]
0.817
n_feature=4, score=0.8
[0, 0, 1, 0, 0, 0, 1, 1, 1]
[[ 4  0  0  0  5  1]
 [ 0 10  0  0  0  0]
 [ 0  1  6  0  0  3]
 [ 1  0  0  8  0  1]
 [ 0  0  0  0 10  0]
 [ 0  0  0  0  0 10]]
0.8
n_feature=6, score=0.817
[0, 0, 1, 1, 1, 0, 1, 1, 1]
[[ 4  0  0  0  5  1]
 [ 0 10  0  0  0  0]
 [ 0  1  7  0  1  1]
 [ 1  0  0  8  0  1]
 [ 0  0  0  0 10  0]
 [ 0  0  0  0  0 10]]
0.817
n_feature=3, score=0.8
[0, 0, 1, 0, 0, 0, 0, 1, 1]
[[ 4  0  0  0  5  1]
 [ 0 10  0  0  0  0]
 [ 0  1  6  0  0  3]
 [ 1  0  0  8  0  1]
 [ 0  0  0  0 10  0]
 [ 0  0  0  0  0 10]]
0.8
n_feature=2, score=0.617
[0, 0, 1, 0, 0, 0, 0, 1, 0]
[[ 0  0  0  0  5  5]
 [ 0  7  0  3  0  0]
 [ 0  1  2  0  4  3]
 [ 1  0  0  8  0  1]
 [ 0  0  0  0 10  0]
 [ 0  0  0  0  0 10]]
0.617
n_feature=7, score=0.8
[0, 0, 1, 1, 1, 1, 1, 1, 1]
[[ 4  0  0  0  5  1]
 [ 0 10  0  0  0  0]
 [ 0  1  6  0  2  1]
 [ 1  0  0  8  0  1]
 [ 0  0  0  0 10  0]
 [ 0  0  0  0  0 10]]
0.8
n_feature=6, score=0.817
[0, 0, 1, 1, 1, 0, 1, 1, 1]
[[ 4  0  0  0  5  1]
 [ 0 10  0  0  0  0]
 [ 0  1  7  0  1  1]
 [ 1  0  0  8  0  1]
 [ 0  0  0  0 10  0]
 [ 0  0  0  0  0 10]]
0.817
n_feature=6, score=0.817
[0, 0, 1, 1, 1, 0, 1, 1, 1]
[[ 4  0  0  0  5  1]
 [ 0 10  0  0  0  0]
 [ 0  1  7  0  1  1]
 [ 1  0  0  8  0  1]
 [ 0  0  0  0 10  0]
 [ 0  0  0  0  0 10]]
0.817
n_feature=4, score=0.8
[0, 0, 1, 0, 0, 0, 1, 1, 1]
[[ 4  0  0  0  5  1]
 [ 0 10  0  0  0  0]
 [ 0  1  6  0  0  3]
 [ 1  0  0  8  0  1]
 [ 0  0  0  0 10  0]
 [ 0  0  0  0  0 10]]
0.8
n_feature=5, score=0.8
[0, 0, 1, 1, 1, 0, 0, 1, 1]
[[ 4  0  0  0  5  1]
 [ 0 10  0  0  0  0]
 [ 2  1  6  0  0  1]
 [ 1  0  0  8  0  1]
 [ 0  0  0  0 10  0]
 [ 0  0  0  0  0 10]]
0.8
n_feature=4, score=0.8
[0, 0, 1, 0, 0, 0, 1, 1, 1]
[[ 4  0  0  0  5  1]
 [ 0 10  0  0  0  0]
 [ 0  1  6  0  0  3]
 [ 1  0  0  8  0  1]
 [ 0  0  0  0 10  0]
 [ 0  0  0  0  0 10]]
0.8
n_feature=6, score=0.817
[0, 0, 1, 1, 1, 0, 1, 1, 1]
[[ 4  0  0  0  5  1]
 [ 0 10  0  0  0  0]
 [ 0  1  7  0  1  1]
 [ 1  0  0  8  0  1]
 [ 0  0  0  0 10  0]
 [ 0  0  0  0  0 10]]
0.817
n_feature=5, score=0.767
[0, 1, 1, 0, 0, 0, 1, 1, 1]
[[ 5  0  0  1  4  0]
 [ 0 10  0  0  0  0]
 [ 0  1  6  0  0  3]
 [ 1  0  0  9  0  0]
 [ 0  0  0  4  6  0]
 [ 0  0  0  0  0 10]]
0.767
n_feature=5, score=0.583
[0, 0, 0, 1, 1, 0, 1, 1, 1]
[[ 4  0  0  0  5  1]
 [ 0  4  6  0  0  0]
 [ 2  0  7  0  0  1]
 [ 1  0  0  0  8  1]
 [ 0  0  0  0 10  0]
 [ 0  0  0  0  0 10]]
0.583
n_feature=6, score=0.817
[0, 0, 1, 1, 1, 0, 1, 1, 1]
[[ 4  0  0  0  5  1]
 [ 0 10  0  0  0  0]
 [ 0  1  7  0  1  1]
 [ 1  0  0  8  0  1]
 [ 0  0  0  0 10  0]
 [ 0  0  0  0  0 10]]
0.817
n_feature=7, score=0.817
[1, 0, 1, 1, 1, 0, 1, 1, 1]
[[ 4  0  0  0  5  1]
 [ 0 10  0  0  0  0]
 [ 0  1  7  0  1  1]
 [ 1  0  0  8  0  1]
 [ 0  0  0  0 10  0]
 [ 0  0  0  0  0 10]]
0.817
n_feature=6, score=0.817
[0, 0, 1, 1, 1, 0, 1, 1, 1]
[[ 4  0  0  0  5  1]
 [ 0 10  0  0  0  0]
 [ 0  1  7  0  1  1]
 [ 1  0  0  8  0  1]
 [ 0  0  0  0 10  0]
 [ 0  0  0  0  0 10]]
0.817
n_feature=6, score=0.817
[0, 0, 1, 1, 1, 0, 1, 1, 1]
[[ 4  0  0  0  5  1]
 [ 0 10  0  0  0  0]
 [ 0  1  7  0  1  1]
 [ 1  0  0  8  0  1]
 [ 0  0  0  0 10  0]
 [ 0  0  0  0  0 10]]
0.817
n_feature=6, score=0.817
[0, 0, 1, 1, 1, 0, 1, 1, 1]
[[ 4  0  0  0  5  1]
 [ 0 10  0  0  0  0]
 [ 0  1  7  0  1  1]
 [ 1  0  0  8  0  1]
 [ 0  0  0  0 10  0]
 [ 0  0  0  0  0 10]]
0.817
n_feature=6, score=0.817
[0, 0, 1, 1, 1, 0, 1, 1, 1]
[[ 4  0  0  0  5  1]
 [ 0 10  0  0  0  0]
 [ 0  1  7  0  1  1]
 [ 1  0  0  8  0  1]
 [ 0  0  0  0 10  0]
 [ 0  0  0  0  0 10]]
0.817
n_feature=6, score=0.817
[0, 0, 1, 1, 1, 0, 1, 1, 1]
[[ 4  0  0  0  5  1]
 [ 0 10  0  0  0  0]
 [ 0  1  7  0  1  1]
 [ 1  0  0  8  0  1]
 [ 0  0  0  0 10  0]
 [ 0  0  0  0  0 10]]
0.817
n_feature=6, score=0.817
[0, 0, 1, 1, 1, 0, 1, 1, 1]
[[ 4  0  0  0  5  1]
 [ 0 10  0  0  0  0]
 [ 0  1  7  0  1  1]
 [ 1  0  0  8  0  1]
 [ 0  0  0  0 10  0]
 [ 0  0  0  0  0 10]]
0.817
n_feature=6, score=0.817
[0, 0, 1, 1, 1, 0, 1, 1, 1]
[[ 4  0  0  0  5  1]
 [ 0 10  0  0  0  0]
 [ 0  1  7  0  1  1]
 [ 1  0  0  8  0  1]
 [ 0  0  0  0 10  0]
 [ 0  0  0  0  0 10]]
0.817
n_feature=6, score=0.817
[0, 0, 1, 1, 1, 0, 1, 1, 1]
[[ 4  0  0  0  5  1]
 [ 0 10  0  0  0  0]
 [ 0  1  7  0  1  1]
 [ 1  0  0  8  0  1]
 [ 0  0  0  0 10  0]
 [ 0  0  0  0  0 10]]
0.817
n_feature=6, score=0.817
[0, 0, 1, 1, 1, 0, 1, 1, 1]
[[ 4  0  0  0  5  1]
 [ 0 10  0  0  0  0]
 [ 0  1  7  0  1  1]
 [ 1  0  0  8  0  1]
 [ 0  0  0  0 10  0]
 [ 0  0  0  0  0 10]]
0.817
n_feature=3, score=0.8
[0, 0, 1, 0, 0, 0, 0, 1, 1]
[[ 4  0  0  0  5  1]
 [ 0 10  0  0  0  0]
 [ 0  1  6  0  0  3]
 [ 1  0  0  8  0  1]
 [ 0  0  0  0 10  0]
 [ 0  0  0  0  0 10]]
0.8
n_feature=6, score=0.817
[0, 0, 1, 1, 1, 0, 1, 1, 1]
[[ 4  0  0  0  5  1]
 [ 0 10  0  0  0  0]
 [ 0  1  7  0  1  1]
 [ 1  0  0  8  0  1]
 [ 0  0  0  0 10  0]
 [ 0  0  0  0  0 10]]
0.817
n_feature=5, score=0.8
[0, 0, 1, 1, 0, 0, 1, 1, 1]
[[ 4  0  0  0  5  1]
 [ 0 10  0  0  0  0]
 [ 0  1  6  0  0  3]
 [ 1  0  0  8  0  1]
 [ 0  0  0  0 10  0]
 [ 0  0  0  0  0 10]]
0.8
n_feature=4, score=0.8
[0, 0, 1, 0, 0, 0, 1, 1, 1]
[[ 4  0  0  0  5  1]
 [ 0 10  0  0  0  0]
 [ 0  1  6  0  0  3]
 [ 1  0  0  8  0  1]
 [ 0  0  0  0 10  0]
 [ 0  0  0  0  0 10]]
0.8
n_feature=6, score=0.817
[0, 0, 1, 1, 1, 0, 1, 1, 1]
[[ 4  0  0  0  5  1]
 [ 0 10  0  0  0  0]
 [ 0  1  7  0  1  1]
 [ 1  0  0  8  0  1]
 [ 0  0  0  0 10  0]
 [ 0  0  0  0  0 10]]
0.817
n_feature=6, score=0.817
[0, 0, 1, 1, 1, 0, 1, 1, 1]
[[ 4  0  0  0  5  1]
 [ 0 10  0  0  0  0]
 [ 0  1  7  0  1  1]
 [ 1  0  0  8  0  1]
 [ 0  0  0  0 10  0]
 [ 0  0  0  0  0 10]]
0.817
n_feature=6, score=0.817
[0, 0, 1, 1, 1, 0, 1, 1, 1]
[[ 4  0  0  0  5  1]
 [ 0 10  0  0  0  0]
 [ 0  1  7  0  1  1]
 [ 1  0  0  8  0  1]
 [ 0  0  0  0 10  0]
 [ 0  0  0  0  0 10]]
0.817
n_feature=5, score=0.8
[0, 0, 1, 1, 0, 0, 1, 1, 1]
[[ 4  0  0  0  5  1]
 [ 0 10  0  0  0  0]
 [ 0  1  6  0  0  3]
 [ 1  0  0  8  0  1]
 [ 0  0  0  0 10  0]
 [ 0  0  0  0  0 10]]
0.8
n_feature=6, score=0.817
[0, 0, 1, 1, 1, 0, 1, 1, 1]
[[ 4  0  0  0  5  1]
 [ 0 10  0  0  0  0]
 [ 0  1  7  0  1  1]
 [ 1  0  0  8  0  1]
 [ 0  0  0  0 10  0]
 [ 0  0  0  0  0 10]]
0.817
n_feature=6, score=0.817
[0, 0, 1, 1, 1, 0, 1, 1, 1]
[[ 4  0  0  0  5  1]
 [ 0 10  0  0  0  0]
 [ 0  1  7  0  1  1]
 [ 1  0  0  8  0  1]
 [ 0  0  0  0 10  0]
 [ 0  0  0  0  0 10]]
0.817
n_feature=6, score=0.817
[0, 0, 1, 1, 1, 0, 1, 1, 1]
[[ 4  0  0  0  5  1]
 [ 0 10  0  0  0  0]
 [ 0  1  7  0  1  1]
 [ 1  0  0  8  0  1]
 [ 0  0  0  0 10  0]
 [ 0  0  0  0  0 10]]
0.817
n_feature=6, score=0.817
[0, 0, 1, 1, 1, 0, 1, 1, 1]
[[ 4  0  0  0  5  1]
 [ 0 10  0  0  0  0]
 [ 0  1  7  0  1  1]
 [ 1  0  0  8  0  1]
 [ 0  0  0  0 10  0]
 [ 0  0  0  0  0 10]]
0.817
n_feature=6, score=0.817
[0, 0, 1, 1, 1, 0, 1, 1, 1]
[[ 4  0  0  0  5  1]
 [ 0 10  0  0  0  0]
 [ 0  1  7  0  1  1]
 [ 1  0  0  8  0  1]
 [ 0  0  0  0 10  0]
 [ 0  0  0  0  0 10]]
0.817
n_feature=6, score=0.817
[0, 0, 1, 1, 1, 0, 1, 1, 1]
[[ 4  0  0  0  5  1]
 [ 0 10  0  0  0  0]
 [ 0  1  7  0  1  1]
 [ 1  0  0  8  0  1]
 [ 0  0  0  0 10  0]
 [ 0  0  0  0  0 10]]
0.817
n_feature=6, score=0.817
[0, 0, 1, 1, 1, 0, 1, 1, 1]
[[ 4  0  0  0  5  1]
 [ 0 10  0  0  0  0]
 [ 0  1  7  0  1  1]
 [ 1  0  0  8  0  1]
 [ 0  0  0  0 10  0]
 [ 0  0  0  0  0 10]]
0.817
n_feature=6, score=0.817
[0, 0, 1, 1, 1, 0, 1, 1, 1]
[[ 4  0  0  0  5  1]
 [ 0 10  0  0  0  0]
 [ 0  1  7  0  1  1]
 [ 1  0  0  8  0  1]
 [ 0  0  0  0 10  0]
 [ 0  0  0  0  0 10]]
0.817
n_feature=6, score=0.817
[0, 0, 1, 1, 1, 0, 1, 1, 1]
[[ 4  0  0  0  5  1]
 [ 0 10  0  0  0  0]
 [ 0  1  7  0  1  1]
 [ 1  0  0  8  0  1]
 [ 0  0  0  0 10  0]
 [ 0  0  0  0  0 10]]
0.817
n_feature=6, score=0.817
[0, 0, 1, 1, 1, 0, 1, 1, 1]
[[ 4  0  0  0  5  1]
 [ 0 10  0  0  0  0]
 [ 0  1  7  0  1  1]
 [ 1  0  0  8  0  1]
 [ 0  0  0  0 10  0]
 [ 0  0  0  0  0 10]]
0.817
n_feature=6, score=0.817
[0, 0, 1, 1, 1, 0, 1, 1, 1]
[[ 4  0  0  0  5  1]
 [ 0 10  0  0  0  0]
 [ 0  1  7  0  1  1]
 [ 1  0  0  8  0  1]
 [ 0  0  0  0 10  0]
 [ 0  0  0  0  0 10]]
0.817
n_feature=6, score=0.817
[0, 0, 1, 1, 1, 0, 1, 1, 1]
[[ 4  0  0  0  5  1]
 [ 0 10  0  0  0  0]
 [ 0  1  7  0  1  1]
 [ 1  0  0  8  0  1]
 [ 0  0  0  0 10  0]
 [ 0  0  0  0  0 10]]
0.817
n_feature=6, score=0.817
[0, 0, 1, 1, 1, 0, 1, 1, 1]
[[ 4  0  0  0  5  1]
 [ 0 10  0  0  0  0]
 [ 0  1  7  0  1  1]
 [ 1  0  0  8  0  1]
 [ 0  0  0  0 10  0]
 [ 0  0  0  0  0 10]]
0.817
n_feature=6, score=0.783
[0, 1, 0, 1, 1, 0, 1, 1, 1]
[[ 5  0  0  2  3  0]
 [ 0 10  0  0  0  0]
 [ 1  1  7  0  0  1]
 [ 1  0  0  9  0  0]
 [ 0  0  0  4  6  0]
 [ 0  0  0  0  0 10]]
0.783
n_feature=6, score=0.817
[0, 0, 1, 1, 1, 0, 1, 1, 1]
[[ 4  0  0  0  5  1]
 [ 0 10  0  0  0  0]
 [ 0  1  7  0  1  1]
 [ 1  0  0  8  0  1]
 [ 0  0  0  0 10  0]
 [ 0  0  0  0  0 10]]
0.817
n_feature=6, score=0.817
[0, 0, 1, 1, 1, 0, 1, 1, 1]
[[ 4  0  0  0  5  1]
 [ 0 10  0  0  0  0]
 [ 0  1  7  0  1  1]
 [ 1  0  0  8  0  1]
 [ 0  0  0  0 10  0]
 [ 0  0  0  0  0 10]]
0.817
n_feature=6, score=0.817
[0, 0, 1, 1, 1, 0, 1, 1, 1]
[[ 4  0  0  0  5  1]
 [ 0 10  0  0  0  0]
 [ 0  1  7  0  1  1]
 [ 1  0  0  8  0  1]
 [ 0  0  0  0 10  0]
 [ 0  0  0  0  0 10]]
0.817
n_feature=6, score=0.817
[0, 0, 1, 1, 1, 0, 1, 1, 1]
[[ 4  0  0  0  5  1]
 [ 0 10  0  0  0  0]
 [ 0  1  7  0  1  1]
 [ 1  0  0  8  0  1]
 [ 0  0  0  0 10  0]
 [ 0  0  0  0  0 10]]
0.817
n_feature=6, score=0.817
[0, 0, 1, 1, 1, 0, 1, 1, 1]
[[ 4  0  0  0  5  1]
 [ 0 10  0  0  0  0]
 [ 0  1  7  0  1  1]
 [ 1  0  0  8  0  1]
 [ 0  0  0  0 10  0]
 [ 0  0  0  0  0 10]]
0.817
n_feature=6, score=0.817
[0, 0, 1, 1, 1, 0, 1, 1, 1]
[[ 4  0  0  0  5  1]
 [ 0 10  0  0  0  0]
 [ 0  1  7  0  1  1]
 [ 1  0  0  8  0  1]
 [ 0  0  0  0 10  0]
 [ 0  0  0  0  0 10]]
0.817
n_feature=6, score=0.817
[0, 0, 1, 1, 1, 0, 1, 1, 1]
[[ 4  0  0  0  5  1]
 [ 0 10  0  0  0  0]
 [ 0  1  7  0  1  1]
 [ 1  0  0  8  0  1]
 [ 0  0  0  0 10  0]
 [ 0  0  0  0  0 10]]
0.817
n_feature=6, score=0.817
[0, 0, 1, 1, 1, 0, 1, 1, 1]
[[ 4  0  0  0  5  1]
 [ 0 10  0  0  0  0]
 [ 0  1  7  0  1  1]
 [ 1  0  0  8  0  1]
 [ 0  0  0  0 10  0]
 [ 0  0  0  0  0 10]]
0.817
n_feature=6, score=0.817
[0, 0, 1, 1, 1, 0, 1, 1, 1]
[[ 4  0  0  0  5  1]
 [ 0 10  0  0  0  0]
 [ 0  1  7  0  1  1]
 [ 1  0  0  8  0  1]
 [ 0  0  0  0 10  0]
 [ 0  0  0  0  0 10]]
0.817
n_feature=6, score=0.817
[0, 0, 1, 1, 1, 0, 1, 1, 1]
[[ 4  0  0  0  5  1]
 [ 0 10  0  0  0  0]
 [ 0  1  7  0  1  1]
 [ 1  0  0  8  0  1]
 [ 0  0  0  0 10  0]
 [ 0  0  0  0  0 10]]
0.817
n_feature=5, score=0.583
[0, 0, 0, 1, 1, 0, 1, 1, 1]
[[ 4  0  0  0  5  1]
 [ 0  4  6  0  0  0]
 [ 2  0  7  0  0  1]
 [ 1  0  0  0  8  1]
 [ 0  0  0  0 10  0]
 [ 0  0  0  0  0 10]]
0.583
n_feature=5, score=0.8
[0, 0, 1, 1, 1, 0, 0, 1, 1]
[[ 4  0  0  0  5  1]
 [ 0 10  0  0  0  0]
 [ 2  1  6  0  0  1]
 [ 1  0  0  8  0  1]
 [ 0  0  0  0 10  0]
 [ 0  0  0  0  0 10]]
0.8
n_feature=6, score=0.817
[0, 0, 1, 1, 1, 0, 1, 1, 1]
[[ 4  0  0  0  5  1]
 [ 0 10  0  0  0  0]
 [ 0  1  7  0  1  1]
 [ 1  0  0  8  0  1]
 [ 0  0  0  0 10  0]
 [ 0  0  0  0  0 10]]
0.817
n_feature=6, score=0.817
[0, 0, 1, 1, 1, 0, 1, 1, 1]
[[ 4  0  0  0  5  1]
 [ 0 10  0  0  0  0]
 [ 0  1  7  0  1  1]
 [ 1  0  0  8  0  1]
 [ 0  0  0  0 10  0]
 [ 0  0  0  0  0 10]]
0.817
n_feature=6, score=0.817
[0, 0, 1, 1, 1, 0, 1, 1, 1]
[[ 4  0  0  0  5  1]
 [ 0 10  0  0  0  0]
 [ 0  1  7  0  1  1]
 [ 1  0  0  8  0  1]
 [ 0  0  0  0 10  0]
 [ 0  0  0  0  0 10]]
0.817
n_feature=6, score=0.817
[0, 0, 1, 1, 1, 0, 1, 1, 1]
[[ 4  0  0  0  5  1]
 [ 0 10  0  0  0  0]
 [ 0  1  7  0  1  1]
 [ 1  0  0  8  0  1]
 [ 0  0  0  0 10  0]
 [ 0  0  0  0  0 10]]
0.817
n_feature=6, score=0.817
[0, 0, 1, 1, 1, 0, 1, 1, 1]
[[ 4  0  0  0  5  1]
 [ 0 10  0  0  0  0]
 [ 0  1  7  0  1  1]
 [ 1  0  0  8  0  1]
 [ 0  0  0  0 10  0]
 [ 0  0  0  0  0 10]]
0.817
n_feature=6, score=0.817
[0, 0, 1, 1, 1, 0, 1, 1, 1]
[[ 4  0  0  0  5  1]
 [ 0 10  0  0  0  0]
 [ 0  1  7  0  1  1]
 [ 1  0  0  8  0  1]
 [ 0  0  0  0 10  0]
 [ 0  0  0  0  0 10]]
0.817
n_feature=6, score=0.817
[0, 0, 1, 1, 1, 0, 1, 1, 1]
[[ 4  0  0  0  5  1]
 [ 0 10  0  0  0  0]
 [ 0  1  7  0  1  1]
 [ 1  0  0  8  0  1]
 [ 0  0  0  0 10  0]
 [ 0  0  0  0  0 10]]
0.817
n_feature=6, score=0.817
[0, 0, 1, 1, 1, 0, 1, 1, 1]
[[ 4  0  0  0  5  1]
 [ 0 10  0  0  0  0]
 [ 0  1  7  0  1  1]
 [ 1  0  0  8  0  1]
 [ 0  0  0  0 10  0]
 [ 0  0  0  0  0 10]]
0.817
n_feature=5, score=0.733
[0, 0, 1, 1, 1, 0, 1, 0, 1]
[[ 0  0  0  0  9  1]
 [ 0 10  0  0  0  0]
 [ 0  1  6  0  0  3]
 [ 0  0  0  8  1  1]
 [ 0  0  0  0 10  0]
 [ 0  0  0  0  0 10]]
0.733
n_feature=6, score=0.817
[0, 0, 1, 1, 1, 0, 1, 1, 1]
[[ 4  0  0  0  5  1]
 [ 0 10  0  0  0  0]
 [ 0  1  7  0  1  1]
 [ 1  0  0  8  0  1]
 [ 0  0  0  0 10  0]
 [ 0  0  0  0  0 10]]
0.817
n_feature=6, score=0.817
[0, 0, 1, 1, 1, 0, 1, 1, 1]
[[ 4  0  0  0  5  1]
 [ 0 10  0  0  0  0]
 [ 0  1  7  0  1  1]
 [ 1  0  0  8  0  1]
 [ 0  0  0  0 10  0]
 [ 0  0  0  0  0 10]]
0.817
n_feature=6, score=0.817
[0, 0, 1, 1, 1, 0, 1, 1, 1]
[[ 4  0  0  0  5  1]
 [ 0 10  0  0  0  0]
 [ 0  1  7  0  1  1]
 [ 1  0  0  8  0  1]
 [ 0  0  0  0 10  0]
 [ 0  0  0  0  0 10]]
0.817
n_feature=6, score=0.817
[0, 0, 1, 1, 1, 0, 1, 1, 1]
[[ 4  0  0  0  5  1]
 [ 0 10  0  0  0  0]
 [ 0  1  7  0  1  1]
 [ 1  0  0  8  0  1]
 [ 0  0  0  0 10  0]
 [ 0  0  0  0  0 10]]
0.817
n_feature=6, score=0.817
[0, 0, 1, 1, 1, 0, 1, 1, 1]
[[ 4  0  0  0  5  1]
 [ 0 10  0  0  0  0]
 [ 0  1  7  0  1  1]
 [ 1  0  0  8  0  1]
 [ 0  0  0  0 10  0]
 [ 0  0  0  0  0 10]]
0.817
n_feature=6, score=0.817
[0, 0, 1, 1, 1, 0, 1, 1, 1]
[[ 4  0  0  0  5  1]
 [ 0 10  0  0  0  0]
 [ 0  1  7  0  1  1]
 [ 1  0  0  8  0  1]
 [ 0  0  0  0 10  0]
 [ 0  0  0  0  0 10]]
0.817
n_feature=6, score=0.817
[0, 0, 1, 1, 1, 0, 1, 1, 1]
[[ 4  0  0  0  5  1]
 [ 0 10  0  0  0  0]
 [ 0  1  7  0  1  1]
 [ 1  0  0  8  0  1]
 [ 0  0  0  0 10  0]
 [ 0  0  0  0  0 10]]
0.817
n_feature=6, score=0.817
[0, 0, 1, 1, 1, 0, 1, 1, 1]
[[ 4  0  0  0  5  1]
 [ 0 10  0  0  0  0]
 [ 0  1  7  0  1  1]
 [ 1  0  0  8  0  1]
 [ 0  0  0  0 10  0]
 [ 0  0  0  0  0 10]]
0.817
n_feature=6, score=0.817
[0, 0, 1, 1, 1, 0, 1, 1, 1]
[[ 4  0  0  0  5  1]
 [ 0 10  0  0  0  0]
 [ 0  1  7  0  1  1]
 [ 1  0  0  8  0  1]
 [ 0  0  0  0 10  0]
 [ 0  0  0  0  0 10]]
0.817
n_feature=5, score=0.8
[0, 0, 1, 1, 1, 0, 0, 1, 1]
[[ 4  0  0  0  5  1]
 [ 0 10  0  0  0  0]
 [ 2  1  6  0  0  1]
 [ 1  0  0  8  0  1]
 [ 0  0  0  0 10  0]
 [ 0  0  0  0  0 10]]
0.8
n_feature=6, score=0.817
[0, 0, 1, 1, 1, 0, 1, 1, 1]
[[ 4  0  0  0  5  1]
 [ 0 10  0  0  0  0]
 [ 0  1  7  0  1  1]
 [ 1  0  0  8  0  1]
 [ 0  0  0  0 10  0]
 [ 0  0  0  0  0 10]]
0.817
n_feature=6, score=0.817
[0, 0, 1, 1, 1, 0, 1, 1, 1]
[[ 4  0  0  0  5  1]
 [ 0 10  0  0  0  0]
 [ 0  1  7  0  1  1]
 [ 1  0  0  8  0  1]
 [ 0  0  0  0 10  0]
 [ 0  0  0  0  0 10]]
0.817
n_feature=6, score=0.817
[0, 0, 1, 1, 1, 0, 1, 1, 1]
[[ 4  0  0  0  5  1]
 [ 0 10  0  0  0  0]
 [ 0  1  7  0  1  1]
 [ 1  0  0  8  0  1]
 [ 0  0  0  0 10  0]
 [ 0  0  0  0  0 10]]
0.817
n_feature=6, score=0.817
[0, 0, 1, 1, 1, 0, 1, 1, 1]
[[ 4  0  0  0  5  1]
 [ 0 10  0  0  0  0]
 [ 0  1  7  0  1  1]
 [ 1  0  0  8  0  1]
 [ 0  0  0  0 10  0]
 [ 0  0  0  0  0 10]]
0.817
n_feature=6, score=0.817
[0, 0, 1, 1, 1, 0, 1, 1, 1]
[[ 4  0  0  0  5  1]
 [ 0 10  0  0  0  0]
 [ 0  1  7  0  1  1]
 [ 1  0  0  8  0  1]
 [ 0  0  0  0 10  0]
 [ 0  0  0  0  0 10]]
0.817
n_feature=6, score=0.817
[0, 0, 1, 1, 1, 0, 1, 1, 1]
[[ 4  0  0  0  5  1]
 [ 0 10  0  0  0  0]
 [ 0  1  7  0  1  1]
 [ 1  0  0  8  0  1]
 [ 0  0  0  0 10  0]
 [ 0  0  0  0  0 10]]
0.817
n_feature=6, score=0.817
[0, 0, 1, 1, 1, 0, 1, 1, 1]
[[ 4  0  0  0  5  1]
 [ 0 10  0  0  0  0]
 [ 0  1  7  0  1  1]
 [ 1  0  0  8  0  1]
 [ 0  0  0  0 10  0]
 [ 0  0  0  0  0 10]]
0.817
n_feature=6, score=0.817
[0, 0, 1, 1, 1, 0, 1, 1, 1]
[[ 4  0  0  0  5  1]
 [ 0 10  0  0  0  0]
 [ 0  1  7  0  1  1]
 [ 1  0  0  8  0  1]
 [ 0  0  0  0 10  0]
 [ 0  0  0  0  0 10]]
0.817
n_feature=6, score=0.817
[0, 0, 1, 1, 1, 0, 1, 1, 1]
[[ 4  0  0  0  5  1]
 [ 0 10  0  0  0  0]
 [ 0  1  7  0  1  1]
 [ 1  0  0  8  0  1]
 [ 0  0  0  0 10  0]
 [ 0  0  0  0  0 10]]
0.817
n_feature=6, score=0.817
[0, 0, 1, 1, 1, 0, 1, 1, 1]
[[ 4  0  0  0  5  1]
 [ 0 10  0  0  0  0]
 [ 0  1  7  0  1  1]
 [ 1  0  0  8  0  1]
 [ 0  0  0  0 10  0]
 [ 0  0  0  0  0 10]]
0.817
n_feature=6, score=0.817
[0, 0, 1, 1, 1, 0, 1, 1, 1]
[[ 4  0  0  0  5  1]
 [ 0 10  0  0  0  0]
 [ 0  1  7  0  1  1]
 [ 1  0  0  8  0  1]
 [ 0  0  0  0 10  0]
 [ 0  0  0  0  0 10]]
0.817
n_feature=6, score=0.817
[0, 0, 1, 1, 1, 0, 1, 1, 1]
[[ 4  0  0  0  5  1]
 [ 0 10  0  0  0  0]
 [ 0  1  7  0  1  1]
 [ 1  0  0  8  0  1]
 [ 0  0  0  0 10  0]
 [ 0  0  0  0  0 10]]
0.817
n_feature=6, score=0.817
[0, 0, 1, 1, 1, 0, 1, 1, 1]
[[ 4  0  0  0  5  1]
 [ 0 10  0  0  0  0]
 [ 0  1  7  0  1  1]
 [ 1  0  0  8  0  1]
 [ 0  0  0  0 10  0]
 [ 0  0  0  0  0 10]]
0.817
n_feature=7, score=0.8
[0, 0, 1, 1, 1, 1, 1, 1, 1]
[[ 4  0  0  0  5  1]
 [ 0 10  0  0  0  0]
 [ 0  1  6  0  2  1]
 [ 1  0  0  8  0  1]
 [ 0  0  0  0 10  0]
 [ 0  0  0  0  0 10]]
0.8
n_feature=4, score=0.617
[0, 0, 1, 1, 1, 0, 1, 0, 0]
[[ 3  0  1  0  6  0]
 [ 0 10  0  0  0  0]
 [ 2  1  6  0  1  0]
 [ 0  1  0  7  2  0]
 [ 0  0  0  0 10  0]
 [ 3  0  0  0  6  1]]
0.617
n_feature=7, score=0.817
[1, 0, 1, 1, 1, 0, 1, 1, 1]
[[ 4  0  0  0  5  1]
 [ 0 10  0  0  0  0]
 [ 0  1  7  0  1  1]
 [ 1  0  0  8  0  1]
 [ 0  0  0  0 10  0]
 [ 0  0  0  0  0 10]]
0.817
n_feature=6, score=0.817
[0, 0, 1, 1, 1, 0, 1, 1, 1]
[[ 4  0  0  0  5  1]
 [ 0 10  0  0  0  0]
 [ 0  1  7  0  1  1]
 [ 1  0  0  8  0  1]
 [ 0  0  0  0 10  0]
 [ 0  0  0  0  0 10]]
0.817
n_feature=6, score=0.817
[0, 0, 1, 1, 1, 0, 1, 1, 1]
[[ 4  0  0  0  5  1]
 [ 0 10  0  0  0  0]
 [ 0  1  7  0  1  1]
 [ 1  0  0  8  0  1]
 [ 0  0  0  0 10  0]
 [ 0  0  0  0  0 10]]
0.817
n_feature=6, score=0.817
[0, 0, 1, 1, 1, 0, 1, 1, 1]
[[ 4  0  0  0  5  1]
 [ 0 10  0  0  0  0]
 [ 0  1  7  0  1  1]
 [ 1  0  0  8  0  1]
 [ 0  0  0  0 10  0]
 [ 0  0  0  0  0 10]]
0.817
n_feature=6, score=0.817
[0, 0, 1, 1, 1, 0, 1, 1, 1]
[[ 4  0  0  0  5  1]
 [ 0 10  0  0  0  0]
 [ 0  1  7  0  1  1]
 [ 1  0  0  8  0  1]
 [ 0  0  0  0 10  0]
 [ 0  0  0  0  0 10]]
0.817
n_feature=6, score=0.817
[0, 0, 1, 1, 1, 0, 1, 1, 1]
[[ 4  0  0  0  5  1]
 [ 0 10  0  0  0  0]
 [ 0  1  7  0  1  1]
 [ 1  0  0  8  0  1]
 [ 0  0  0  0 10  0]
 [ 0  0  0  0  0 10]]
0.817
n_feature=6, score=0.817
[0, 0, 1, 1, 1, 0, 1, 1, 1]
[[ 4  0  0  0  5  1]
 [ 0 10  0  0  0  0]
 [ 0  1  7  0  1  1]
 [ 1  0  0  8  0  1]
 [ 0  0  0  0 10  0]
 [ 0  0  0  0  0 10]]
0.817
n_feature=6, score=0.817
[0, 0, 1, 1, 1, 0, 1, 1, 1]
[[ 4  0  0  0  5  1]
 [ 0 10  0  0  0  0]
 [ 0  1  7  0  1  1]
 [ 1  0  0  8  0  1]
 [ 0  0  0  0 10  0]
 [ 0  0  0  0  0 10]]
0.817
n_feature=6, score=0.817
[0, 0, 1, 1, 1, 0, 1, 1, 1]
[[ 4  0  0  0  5  1]
 [ 0 10  0  0  0  0]
 [ 0  1  7  0  1  1]
 [ 1  0  0  8  0  1]
 [ 0  0  0  0 10  0]
 [ 0  0  0  0  0 10]]
0.817
n_feature=6, score=0.817
[0, 0, 1, 1, 1, 0, 1, 1, 1]
[[ 4  0  0  0  5  1]
 [ 0 10  0  0  0  0]
 [ 0  1  7  0  1  1]
 [ 1  0  0  8  0  1]
 [ 0  0  0  0 10  0]
 [ 0  0  0  0  0 10]]
0.817
n_feature=6, score=0.817
[0, 0, 1, 1, 1, 0, 1, 1, 1]
[[ 4  0  0  0  5  1]
 [ 0 10  0  0  0  0]
 [ 0  1  7  0  1  1]
 [ 1  0  0  8  0  1]
 [ 0  0  0  0 10  0]
 [ 0  0  0  0  0 10]]
0.817
n_feature=7, score=0.817
[1, 0, 1, 1, 1, 0, 1, 1, 1]
[[ 4  0  0  0  5  1]
 [ 0 10  0  0  0  0]
 [ 0  1  7  0  1  1]
 [ 1  0  0  8  0  1]
 [ 0  0  0  0 10  0]
 [ 0  0  0  0  0 10]]
0.817
n_feature=6, score=0.817
[0, 0, 1, 1, 1, 0, 1, 1, 1]
[[ 4  0  0  0  5  1]
 [ 0 10  0  0  0  0]
 [ 0  1  7  0  1  1]
 [ 1  0  0  8  0  1]
 [ 0  0  0  0 10  0]
 [ 0  0  0  0  0 10]]
0.817
n_feature=6, score=0.817
[0, 0, 1, 1, 1, 0, 1, 1, 1]
[[ 4  0  0  0  5  1]
 [ 0 10  0  0  0  0]
 [ 0  1  7  0  1  1]
 [ 1  0  0  8  0  1]
 [ 0  0  0  0 10  0]
 [ 0  0  0  0  0 10]]
0.817
n_feature=6, score=0.817
[0, 0, 1, 1, 1, 0, 1, 1, 1]
[[ 4  0  0  0  5  1]
 [ 0 10  0  0  0  0]
 [ 0  1  7  0  1  1]
 [ 1  0  0  8  0  1]
 [ 0  0  0  0 10  0]
 [ 0  0  0  0  0 10]]
0.817
n_feature=6, score=0.817
[0, 0, 1, 1, 1, 0, 1, 1, 1]
[[ 4  0  0  0  5  1]
 [ 0 10  0  0  0  0]
 [ 0  1  7  0  1  1]
 [ 1  0  0  8  0  1]
 [ 0  0  0  0 10  0]
 [ 0  0  0  0  0 10]]
0.817
n_feature=6, score=0.817
[0, 0, 1, 1, 1, 0, 1, 1, 1]
[[ 4  0  0  0  5  1]
 [ 0 10  0  0  0  0]
 [ 0  1  7  0  1  1]
 [ 1  0  0  8  0  1]
 [ 0  0  0  0 10  0]
 [ 0  0  0  0  0 10]]
0.817
n_feature=6, score=0.817
[0, 0, 1, 1, 1, 0, 1, 1, 1]
[[ 4  0  0  0  5  1]
 [ 0 10  0  0  0  0]
 [ 0  1  7  0  1  1]
 [ 1  0  0  8  0  1]
 [ 0  0  0  0 10  0]
 [ 0  0  0  0  0 10]]
0.817
n_feature=6, score=0.817
[0, 0, 1, 1, 1, 0, 1, 1, 1]
[[ 4  0  0  0  5  1]
 [ 0 10  0  0  0  0]
 [ 0  1  7  0  1  1]
 [ 1  0  0  8  0  1]
 [ 0  0  0  0 10  0]
 [ 0  0  0  0  0 10]]
0.817
n_feature=6, score=0.817
[0, 0, 1, 1, 1, 0, 1, 1, 1]
[[ 4  0  0  0  5  1]
 [ 0 10  0  0  0  0]
 [ 0  1  7  0  1  1]
 [ 1  0  0  8  0  1]
 [ 0  0  0  0 10  0]
 [ 0  0  0  0  0 10]]
0.817
n_feature=6, score=0.817
[0, 0, 1, 1, 1, 0, 1, 1, 1]
[[ 4  0  0  0  5  1]
 [ 0 10  0  0  0  0]
 [ 0  1  7  0  1  1]
 [ 1  0  0  8  0  1]
 [ 0  0  0  0 10  0]
 [ 0  0  0  0  0 10]]
0.817
n_feature=6, score=0.817
[0, 0, 1, 1, 1, 0, 1, 1, 1]
[[ 4  0  0  0  5  1]
 [ 0 10  0  0  0  0]
 [ 0  1  7  0  1  1]
 [ 1  0  0  8  0  1]
 [ 0  0  0  0 10  0]
 [ 0  0  0  0  0 10]]
0.817
n_feature=6, score=0.817
[0, 0, 1, 1, 1, 0, 1, 1, 1]
[[ 4  0  0  0  5  1]
 [ 0 10  0  0  0  0]
 [ 0  1  7  0  1  1]
 [ 1  0  0  8  0  1]
 [ 0  0  0  0 10  0]
 [ 0  0  0  0  0 10]]
0.817
n_feature=6, score=0.817
[0, 0, 1, 1, 1, 0, 1, 1, 1]
[[ 4  0  0  0  5  1]
 [ 0 10  0  0  0  0]
 [ 0  1  7  0  1  1]
 [ 1  0  0  8  0  1]
 [ 0  0  0  0 10  0]
 [ 0  0  0  0  0 10]]
0.817
n_feature=6, score=0.817
[0, 0, 1, 1, 1, 0, 1, 1, 1]
[[ 4  0  0  0  5  1]
 [ 0 10  0  0  0  0]
 [ 0  1  7  0  1  1]
 [ 1  0  0  8  0  1]
 [ 0  0  0  0 10  0]
 [ 0  0  0  0  0 10]]
0.817
n_feature=6, score=0.817
[0, 0, 1, 1, 1, 0, 1, 1, 1]
[[ 4  0  0  0  5  1]
 [ 0 10  0  0  0  0]
 [ 0  1  7  0  1  1]
 [ 1  0  0  8  0  1]
 [ 0  0  0  0 10  0]
 [ 0  0  0  0  0 10]]
0.817
n_feature=6, score=0.817
[0, 0, 1, 1, 1, 0, 1, 1, 1]
[[ 4  0  0  0  5  1]
 [ 0 10  0  0  0  0]
 [ 0  1  7  0  1  1]
 [ 1  0  0  8  0  1]
 [ 0  0  0  0 10  0]
 [ 0  0  0  0  0 10]]
0.817
n_feature=6, score=0.817
[0, 0, 1, 1, 1, 0, 1, 1, 1]
[[ 4  0  0  0  5  1]
 [ 0 10  0  0  0  0]
 [ 0  1  7  0  1  1]
 [ 1  0  0  8  0  1]
 [ 0  0  0  0 10  0]
 [ 0  0  0  0  0 10]]
0.817
n_feature=6, score=0.817
[0, 0, 1, 1, 1, 0, 1, 1, 1]
[[ 4  0  0  0  5  1]
 [ 0 10  0  0  0  0]
 [ 0  1  7  0  1  1]
 [ 1  0  0  8  0  1]
 [ 0  0  0  0 10  0]
 [ 0  0  0  0  0 10]]
0.817
n_feature=6, score=0.817
[0, 0, 1, 1, 1, 0, 1, 1, 1]
[[ 4  0  0  0  5  1]
 [ 0 10  0  0  0  0]
 [ 0  1  7  0  1  1]
 [ 1  0  0  8  0  1]
 [ 0  0  0  0 10  0]
 [ 0  0  0  0  0 10]]
0.817
n_feature=4, score=0.583
[0, 0, 1, 1, 0, 0, 1, 1, 0]
[[ 0  0  0  0  5  5]
 [ 0  7  0  3  0  0]
 [ 0  1  0  0  6  3]
 [ 1  0  0  8  0  1]
 [ 0  0  0  0 10  0]
 [ 0  0  0  0  0 10]]
0.583
n_feature=6, score=0.817
[0, 0, 1, 1, 1, 0, 1, 1, 1]
[[ 4  0  0  0  5  1]
 [ 0 10  0  0  0  0]
 [ 0  1  7  0  1  1]
 [ 1  0  0  8  0  1]
 [ 0  0  0  0 10  0]
 [ 0  0  0  0  0 10]]
0.817
n_feature=6, score=0.817
[0, 0, 1, 1, 1, 0, 1, 1, 1]
[[ 4  0  0  0  5  1]
 [ 0 10  0  0  0  0]
 [ 0  1  7  0  1  1]
 [ 1  0  0  8  0  1]
 [ 0  0  0  0 10  0]
 [ 0  0  0  0  0 10]]
0.817
n_feature=6, score=0.817
[0, 0, 1, 1, 1, 0, 1, 1, 1]
[[ 4  0  0  0  5  1]
 [ 0 10  0  0  0  0]
 [ 0  1  7  0  1  1]
 [ 1  0  0  8  0  1]
 [ 0  0  0  0 10  0]
 [ 0  0  0  0  0 10]]
0.817
n_feature=6, score=0.817
[0, 0, 1, 1, 1, 0, 1, 1, 1]
[[ 4  0  0  0  5  1]
 [ 0 10  0  0  0  0]
 [ 0  1  7  0  1  1]
 [ 1  0  0  8  0  1]
 [ 0  0  0  0 10  0]
 [ 0  0  0  0  0 10]]
0.817
n_feature=6, score=0.817
[0, 0, 1, 1, 1, 0, 1, 1, 1]
[[ 4  0  0  0  5  1]
 [ 0 10  0  0  0  0]
 [ 0  1  7  0  1  1]
 [ 1  0  0  8  0  1]
 [ 0  0  0  0 10  0]
 [ 0  0  0  0  0 10]]
0.817
n_feature=6, score=0.817
[0, 0, 1, 1, 1, 0, 1, 1, 1]
[[ 4  0  0  0  5  1]
 [ 0 10  0  0  0  0]
 [ 0  1  7  0  1  1]
 [ 1  0  0  8  0  1]
 [ 0  0  0  0 10  0]
 [ 0  0  0  0  0 10]]
0.817
n_feature=6, score=0.817
[0, 0, 1, 1, 1, 0, 1, 1, 1]
[[ 4  0  0  0  5  1]
 [ 0 10  0  0  0  0]
 [ 0  1  7  0  1  1]
 [ 1  0  0  8  0  1]
 [ 0  0  0  0 10  0]
 [ 0  0  0  0  0 10]]
0.817
n_feature=6, score=0.817
[0, 0, 1, 1, 1, 0, 1, 1, 1]
[[ 4  0  0  0  5  1]
 [ 0 10  0  0  0  0]
 [ 0  1  7  0  1  1]
 [ 1  0  0  8  0  1]
 [ 0  0  0  0 10  0]
 [ 0  0  0  0  0 10]]
0.817
n_feature=6, score=0.817
[0, 0, 1, 1, 1, 0, 1, 1, 1]
[[ 4  0  0  0  5  1]
 [ 0 10  0  0  0  0]
 [ 0  1  7  0  1  1]
 [ 1  0  0  8  0  1]
 [ 0  0  0  0 10  0]
 [ 0  0  0  0  0 10]]
0.817
n_feature=6, score=0.817
[0, 0, 1, 1, 1, 0, 1, 1, 1]
[[ 4  0  0  0  5  1]
 [ 0 10  0  0  0  0]
 [ 0  1  7  0  1  1]
 [ 1  0  0  8  0  1]
 [ 0  0  0  0 10  0]
 [ 0  0  0  0  0 10]]
0.817
n_feature=5, score=0.65
[0, 0, 1, 1, 1, 0, 1, 1, 0]
[[ 0  0  0  0  5  5]
 [ 0  7  0  3  0  0]
 [ 0  1  4  0  5  0]
 [ 0  0  0  8  0  2]
 [ 0  0  0  0 10  0]
 [ 0  0  0  0  0 10]]
0.65
n_feature=6, score=0.817
[0, 0, 1, 1, 1, 0, 1, 1, 1]
[[ 4  0  0  0  5  1]
 [ 0 10  0  0  0  0]
 [ 0  1  7  0  1  1]
 [ 1  0  0  8  0  1]
 [ 0  0  0  0 10  0]
 [ 0  0  0  0  0 10]]
0.817
n_feature=6, score=0.817
[0, 0, 1, 1, 1, 0, 1, 1, 1]
[[ 4  0  0  0  5  1]
 [ 0 10  0  0  0  0]
 [ 0  1  7  0  1  1]
 [ 1  0  0  8  0  1]
 [ 0  0  0  0 10  0]
 [ 0  0  0  0  0 10]]
0.817
n_feature=6, score=0.817
[0, 0, 1, 1, 1, 0, 1, 1, 1]
[[ 4  0  0  0  5  1]
 [ 0 10  0  0  0  0]
 [ 0  1  7  0  1  1]
 [ 1  0  0  8  0  1]
 [ 0  0  0  0 10  0]
 [ 0  0  0  0  0 10]]
0.817
n_feature=6, score=0.817
[0, 0, 1, 1, 1, 0, 1, 1, 1]
[[ 4  0  0  0  5  1]
 [ 0 10  0  0  0  0]
 [ 0  1  7  0  1  1]
 [ 1  0  0  8  0  1]
 [ 0  0  0  0 10  0]
 [ 0  0  0  0  0 10]]
0.817
n_feature=6, score=0.817
[0, 0, 1, 1, 1, 0, 1, 1, 1]
[[ 4  0  0  0  5  1]
 [ 0 10  0  0  0  0]
 [ 0  1  7  0  1  1]
 [ 1  0  0  8  0  1]
 [ 0  0  0  0 10  0]
 [ 0  0  0  0  0 10]]
0.817
n_feature=6, score=0.817
[0, 0, 1, 1, 1, 0, 1, 1, 1]
[[ 4  0  0  0  5  1]
 [ 0 10  0  0  0  0]
 [ 0  1  7  0  1  1]
 [ 1  0  0  8  0  1]
 [ 0  0  0  0 10  0]
 [ 0  0  0  0  0 10]]
0.817
n_feature=6, score=0.817
[0, 0, 1, 1, 1, 0, 1, 1, 1]
[[ 4  0  0  0  5  1]
 [ 0 10  0  0  0  0]
 [ 0  1  7  0  1  1]
 [ 1  0  0  8  0  1]
 [ 0  0  0  0 10  0]
 [ 0  0  0  0  0 10]]
0.817
n_feature=6, score=0.817
[0, 0, 1, 1, 1, 0, 1, 1, 1]
[[ 4  0  0  0  5  1]
 [ 0 10  0  0  0  0]
 [ 0  1  7  0  1  1]
 [ 1  0  0  8  0  1]
 [ 0  0  0  0 10  0]
 [ 0  0  0  0  0 10]]
0.817
n_feature=6, score=0.817
[0, 0, 1, 1, 1, 0, 1, 1, 1]
[[ 4  0  0  0  5  1]
 [ 0 10  0  0  0  0]
 [ 0  1  7  0  1  1]
 [ 1  0  0  8  0  1]
 [ 0  0  0  0 10  0]
 [ 0  0  0  0  0 10]]
0.817
n_feature=6, score=0.817
[0, 0, 1, 1, 1, 0, 1, 1, 1]
[[ 4  0  0  0  5  1]
 [ 0 10  0  0  0  0]
 [ 0  1  7  0  1  1]
 [ 1  0  0  8  0  1]
 [ 0  0  0  0 10  0]
 [ 0  0  0  0  0 10]]
0.817
n_feature=6, score=0.817
[0, 0, 1, 1, 1, 0, 1, 1, 1]
[[ 4  0  0  0  5  1]
 [ 0 10  0  0  0  0]
 [ 0  1  7  0  1  1]
 [ 1  0  0  8  0  1]
 [ 0  0  0  0 10  0]
 [ 0  0  0  0  0 10]]
0.817
n_feature=6, score=0.817
[0, 0, 1, 1, 1, 0, 1, 1, 1]
[[ 4  0  0  0  5  1]
 [ 0 10  0  0  0  0]
 [ 0  1  7  0  1  1]
 [ 1  0  0  8  0  1]
 [ 0  0  0  0 10  0]
 [ 0  0  0  0  0 10]]
0.817
n_feature=5, score=0.8
[0, 0, 1, 0, 1, 0, 1, 1, 1]
[[ 4  0  0  0  5  1]
 [ 0 10  0  0  0  0]
 [ 2  1  6  0  0  1]
 [ 1  0  0  8  0  1]
 [ 0  0  0  0 10  0]
 [ 0  0  0  0  0 10]]
0.8
n_feature=6, score=0.817
[0, 0, 1, 1, 1, 0, 1, 1, 1]
[[ 4  0  0  0  5  1]
 [ 0 10  0  0  0  0]
 [ 0  1  7  0  1  1]
 [ 1  0  0  8  0  1]
 [ 0  0  0  0 10  0]
 [ 0  0  0  0  0 10]]
0.817
n_feature=6, score=0.817
[0, 0, 1, 1, 1, 0, 1, 1, 1]
[[ 4  0  0  0  5  1]
 [ 0 10  0  0  0  0]
 [ 0  1  7  0  1  1]
 [ 1  0  0  8  0  1]
 [ 0  0  0  0 10  0]
 [ 0  0  0  0  0 10]]
0.817
n_feature=6, score=0.817
[0, 0, 1, 1, 1, 0, 1, 1, 1]
[[ 4  0  0  0  5  1]
 [ 0 10  0  0  0  0]
 [ 0  1  7  0  1  1]
 [ 1  0  0  8  0  1]
 [ 0  0  0  0 10  0]
 [ 0  0  0  0  0 10]]
0.817
n_feature=5, score=0.733
[0, 0, 1, 1, 1, 0, 1, 0, 1]
[[ 0  0  0  0  9  1]
 [ 0 10  0  0  0  0]
 [ 0  1  6  0  0  3]
 [ 0  0  0  8  1  1]
 [ 0  0  0  0 10  0]
 [ 0  0  0  0  0 10]]
0.733
n_feature=6, score=0.817
[0, 0, 1, 1, 1, 0, 1, 1, 1]
[[ 4  0  0  0  5  1]
 [ 0 10  0  0  0  0]
 [ 0  1  7  0  1  1]
 [ 1  0  0  8  0  1]
 [ 0  0  0  0 10  0]
 [ 0  0  0  0  0 10]]
0.817
n_feature=6, score=0.817
[0, 0, 1, 1, 1, 0, 1, 1, 1]
[[ 4  0  0  0  5  1]
 [ 0 10  0  0  0  0]
 [ 0  1  7  0  1  1]
 [ 1  0  0  8  0  1]
 [ 0  0  0  0 10  0]
 [ 0  0  0  0  0 10]]
0.817
n_feature=6, score=0.817
[0, 0, 1, 1, 1, 0, 1, 1, 1]
[[ 4  0  0  0  5  1]
 [ 0 10  0  0  0  0]
 [ 0  1  7  0  1  1]
 [ 1  0  0  8  0  1]
 [ 0  0  0  0 10  0]
 [ 0  0  0  0  0 10]]
0.817
n_feature=6, score=0.817
[0, 0, 1, 1, 1, 0, 1, 1, 1]
[[ 4  0  0  0  5  1]
 [ 0 10  0  0  0  0]
 [ 0  1  7  0  1  1]
 [ 1  0  0  8  0  1]
 [ 0  0  0  0 10  0]
 [ 0  0  0  0  0 10]]
0.817
n_feature=6, score=0.817
[0, 0, 1, 1, 1, 0, 1, 1, 1]
[[ 4  0  0  0  5  1]
 [ 0 10  0  0  0  0]
 [ 0  1  7  0  1  1]
 [ 1  0  0  8  0  1]
 [ 0  0  0  0 10  0]
 [ 0  0  0  0  0 10]]
0.817
n_feature=6, score=0.817
[0, 0, 1, 1, 1, 0, 1, 1, 1]
[[ 4  0  0  0  5  1]
 [ 0 10  0  0  0  0]
 [ 0  1  7  0  1  1]
 [ 1  0  0  8  0  1]
 [ 0  0  0  0 10  0]
 [ 0  0  0  0  0 10]]
0.817
n_feature=6, score=0.817
[0, 0, 1, 1, 1, 0, 1, 1, 1]
[[ 4  0  0  0  5  1]
 [ 0 10  0  0  0  0]
 [ 0  1  7  0  1  1]
 [ 1  0  0  8  0  1]
 [ 0  0  0  0 10  0]
 [ 0  0  0  0  0 10]]
0.817
n_feature=6, score=0.817
[0, 0, 1, 1, 1, 0, 1, 1, 1]
[[ 4  0  0  0  5  1]
 [ 0 10  0  0  0  0]
 [ 0  1  7  0  1  1]
 [ 1  0  0  8  0  1]
 [ 0  0  0  0 10  0]
 [ 0  0  0  0  0 10]]
0.817
n_feature=6, score=0.817
[0, 0, 1, 1, 1, 0, 1, 1, 1]
[[ 4  0  0  0  5  1]
 [ 0 10  0  0  0  0]
 [ 0  1  7  0  1  1]
 [ 1  0  0  8  0  1]
 [ 0  0  0  0 10  0]
 [ 0  0  0  0  0 10]]
0.817
n_feature=6, score=0.817
[0, 0, 1, 1, 1, 0, 1, 1, 1]
[[ 4  0  0  0  5  1]
 [ 0 10  0  0  0  0]
 [ 0  1  7  0  1  1]
 [ 1  0  0  8  0  1]
 [ 0  0  0  0 10  0]
 [ 0  0  0  0  0 10]]
0.817
n_feature=6, score=0.817
[0, 0, 1, 1, 1, 0, 1, 1, 1]
[[ 4  0  0  0  5  1]
 [ 0 10  0  0  0  0]
 [ 0  1  7  0  1  1]
 [ 1  0  0  8  0  1]
 [ 0  0  0  0 10  0]
 [ 0  0  0  0  0 10]]
0.817
n_feature=6, score=0.817
[0, 0, 1, 1, 1, 0, 1, 1, 1]
[[ 4  0  0  0  5  1]
 [ 0 10  0  0  0  0]
 [ 0  1  7  0  1  1]
 [ 1  0  0  8  0  1]
 [ 0  0  0  0 10  0]
 [ 0  0  0  0  0 10]]
0.817
n_feature=6, score=0.817
[0, 0, 1, 1, 1, 0, 1, 1, 1]
[[ 4  0  0  0  5  1]
 [ 0 10  0  0  0  0]
 [ 0  1  7  0  1  1]
 [ 1  0  0  8  0  1]
 [ 0  0  0  0 10  0]
 [ 0  0  0  0  0 10]]
0.817
n_feature=6, score=0.817
[0, 0, 1, 1, 1, 0, 1, 1, 1]
[[ 4  0  0  0  5  1]
 [ 0 10  0  0  0  0]
 [ 0  1  7  0  1  1]
 [ 1  0  0  8  0  1]
 [ 0  0  0  0 10  0]
 [ 0  0  0  0  0 10]]
0.817
n_feature=5, score=0.8
[0, 0, 1, 0, 1, 0, 1, 1, 1]
[[ 4  0  0  0  5  1]
 [ 0 10  0  0  0  0]
 [ 2  1  6  0  0  1]
 [ 1  0  0  8  0  1]
 [ 0  0  0  0 10  0]
 [ 0  0  0  0  0 10]]
0.8
n_feature=6, score=0.817
[0, 0, 1, 1, 1, 0, 1, 1, 1]
[[ 4  0  0  0  5  1]
 [ 0 10  0  0  0  0]
 [ 0  1  7  0  1  1]
 [ 1  0  0  8  0  1]
 [ 0  0  0  0 10  0]
 [ 0  0  0  0  0 10]]
0.817
n_feature=6, score=0.817
[0, 0, 1, 1, 1, 0, 1, 1, 1]
[[ 4  0  0  0  5  1]
 [ 0 10  0  0  0  0]
 [ 0  1  7  0  1  1]
 [ 1  0  0  8  0  1]
 [ 0  0  0  0 10  0]
 [ 0  0  0  0  0 10]]
0.817
n_feature=6, score=0.817
[0, 0, 1, 1, 1, 0, 1, 1, 1]
[[ 4  0  0  0  5  1]
 [ 0 10  0  0  0  0]
 [ 0  1  7  0  1  1]
 [ 1  0  0  8  0  1]
 [ 0  0  0  0 10  0]
 [ 0  0  0  0  0 10]]
0.817
n_feature=6, score=0.817
[0, 0, 1, 1, 1, 0, 1, 1, 1]
[[ 4  0  0  0  5  1]
 [ 0 10  0  0  0  0]
 [ 0  1  7  0  1  1]
 [ 1  0  0  8  0  1]
 [ 0  0  0  0 10  0]
 [ 0  0  0  0  0 10]]
0.817
n_feature=6, score=0.817
[0, 0, 1, 1, 1, 0, 1, 1, 1]
[[ 4  0  0  0  5  1]
 [ 0 10  0  0  0  0]
 [ 0  1  7  0  1  1]
 [ 1  0  0  8  0  1]
 [ 0  0  0  0 10  0]
 [ 0  0  0  0  0 10]]
0.817
n_feature=6, score=0.817
[0, 0, 1, 1, 1, 0, 1, 1, 1]
[[ 4  0  0  0  5  1]
 [ 0 10  0  0  0  0]
 [ 0  1  7  0  1  1]
 [ 1  0  0  8  0  1]
 [ 0  0  0  0 10  0]
 [ 0  0  0  0  0 10]]
0.817
n_feature=6, score=0.817
[0, 0, 1, 1, 1, 0, 1, 1, 1]
[[ 4  0  0  0  5  1]
 [ 0 10  0  0  0  0]
 [ 0  1  7  0  1  1]
 [ 1  0  0  8  0  1]
 [ 0  0  0  0 10  0]
 [ 0  0  0  0  0 10]]
0.817
n_feature=6, score=0.817
[0, 0, 1, 1, 1, 0, 1, 1, 1]
[[ 4  0  0  0  5  1]
 [ 0 10  0  0  0  0]
 [ 0  1  7  0  1  1]
 [ 1  0  0  8  0  1]
 [ 0  0  0  0 10  0]
 [ 0  0  0  0  0 10]]
0.817
n_feature=6, score=0.817
[0, 0, 1, 1, 1, 0, 1, 1, 1]
[[ 4  0  0  0  5  1]
 [ 0 10  0  0  0  0]
 [ 0  1  7  0  1  1]
 [ 1  0  0  8  0  1]
 [ 0  0  0  0 10  0]
 [ 0  0  0  0  0 10]]
0.817
n_feature=6, score=0.817
[0, 0, 1, 1, 1, 0, 1, 1, 1]
[[ 4  0  0  0  5  1]
 [ 0 10  0  0  0  0]
 [ 0  1  7  0  1  1]
 [ 1  0  0  8  0  1]
 [ 0  0  0  0 10  0]
 [ 0  0  0  0  0 10]]
0.817
n_feature=6, score=0.817
[0, 0, 1, 1, 1, 0, 1, 1, 1]
[[ 4  0  0  0  5  1]
 [ 0 10  0  0  0  0]
 [ 0  1  7  0  1  1]
 [ 1  0  0  8  0  1]
 [ 0  0  0  0 10  0]
 [ 0  0  0  0  0 10]]
0.817
n_feature=5, score=0.583
[0, 0, 0, 1, 1, 0, 1, 1, 1]
[[ 4  0  0  0  5  1]
 [ 0  4  6  0  0  0]
 [ 2  0  7  0  0  1]
 [ 1  0  0  0  8  1]
 [ 0  0  0  0 10  0]
 [ 0  0  0  0  0 10]]
0.583
n_feature=6, score=0.817
[0, 0, 1, 1, 1, 0, 1, 1, 1]
[[ 4  0  0  0  5  1]
 [ 0 10  0  0  0  0]
 [ 0  1  7  0  1  1]
 [ 1  0  0  8  0  1]
 [ 0  0  0  0 10  0]
 [ 0  0  0  0  0 10]]
0.817
n_feature=6, score=0.817
[0, 0, 1, 1, 1, 0, 1, 1, 1]
[[ 4  0  0  0  5  1]
 [ 0 10  0  0  0  0]
 [ 0  1  7  0  1  1]
 [ 1  0  0  8  0  1]
 [ 0  0  0  0 10  0]
 [ 0  0  0  0  0 10]]
0.817
n_feature=6, score=0.817
[0, 0, 1, 1, 1, 0, 1, 1, 1]
[[ 4  0  0  0  5  1]
 [ 0 10  0  0  0  0]
 [ 0  1  7  0  1  1]
 [ 1  0  0  8  0  1]
 [ 0  0  0  0 10  0]
 [ 0  0  0  0  0 10]]
0.817
n_feature=6, score=0.817
[0, 0, 1, 1, 1, 0, 1, 1, 1]
[[ 4  0  0  0  5  1]
 [ 0 10  0  0  0  0]
 [ 0  1  7  0  1  1]
 [ 1  0  0  8  0  1]
 [ 0  0  0  0 10  0]
 [ 0  0  0  0  0 10]]
0.817
n_feature=6, score=0.817
[0, 0, 1, 1, 1, 0, 1, 1, 1]
[[ 4  0  0  0  5  1]
 [ 0 10  0  0  0  0]
 [ 0  1  7  0  1  1]
 [ 1  0  0  8  0  1]
 [ 0  0  0  0 10  0]
 [ 0  0  0  0  0 10]]
0.817
n_feature=6, score=0.817
[0, 0, 1, 1, 1, 0, 1, 1, 1]
[[ 4  0  0  0  5  1]
 [ 0 10  0  0  0  0]
 [ 0  1  7  0  1  1]
 [ 1  0  0  8  0  1]
 [ 0  0  0  0 10  0]
 [ 0  0  0  0  0 10]]
0.817
n_feature=6, score=0.817
[0, 0, 1, 1, 1, 0, 1, 1, 1]
[[ 4  0  0  0  5  1]
 [ 0 10  0  0  0  0]
 [ 0  1  7  0  1  1]
 [ 1  0  0  8  0  1]
 [ 0  0  0  0 10  0]
 [ 0  0  0  0  0 10]]
0.817
******************************
[[0, 0, 1, 1, 1, 0, 1, 1, 1], [0, 0, 1, 1, 1, 0, 1, 1, 1], [0, 0, 1, 1, 1, 0, 1, 1, 1], [0, 0, 1, 1, 1, 0, 1, 1, 1], [0, 0, 0, 1, 1, 0, 1, 1, 1], [0, 0, 1, 1, 1, 0, 1, 1, 1], [0, 0, 1, 1, 1, 0, 1, 1, 1], [0, 0, 1, 1, 1, 0, 1, 1, 1], [0, 0, 1, 1, 1, 0, 1, 1, 1], [0, 0, 1, 1, 1, 0, 1, 1, 1], [0, 0, 1, 1, 1, 0, 1, 1, 1], [0, 0, 1, 1, 1, 0, 1, 1, 1], [0, 0, 1, 1, 1, 0, 1, 1, 1], [0, 0, 1, 1, 1, 0, 1, 1, 1], [0, 0, 1, 1, 1, 0, 1, 1, 1], [0, 0, 1, 1, 1, 0, 1, 1, 1], [0, 0, 1, 1, 1, 0, 1, 1, 1], [0, 0, 1, 1, 1, 0, 1, 1, 1], [0, 0, 1, 1, 1, 0, 1, 1, 1], [0, 0, 1, 1, 1, 0, 1, 1, 1]]
gen	nevals	avg              	std                    	min          	max          
0  	20    	[0.6192 4.5   ]  	[0.13063637 1.28452326]	[0.3 2. ]    	[0.8 7. ]    
1  	16    	[0.73 5.45]      	[0.0768082  1.39552857]	[0.567 2.   ]	[0.8 8. ]    
2  	7     	[0.77585 5.55   ]	[0.03473942 1.65755845]	[0.65 3.  ]  	[0.8 9. ]    
3  	15    	[0.79505 4.75   ]	[0.01295174 1.47901995]	[0.767 3.   ]	[0.817 9.   ]
4  	14    	[0.77505 4.05   ]	[0.08136859 0.86458082]	[0.5 2. ]    	[0.817 6.   ]
5  	11    	[0.8051 4.6   ]  	[0.00779038 1.0198039 ]	[0.8 3. ]    	[0.817 6.   ]
6  	15    	[0.786 5.05 ]    	[0.06338296 1.24398553]	[0.583 2.   ]	[0.817 7.   ]
7  	16    	[0.8136 5.65  ]  	[0.0068     0.90967027]	[0.8 3. ]    	[0.817 7.   ]
8  	7     	[0.81615 5.95   ]	[0.00370506 0.21794495]	[0.8 5. ]    	[0.817 6.   ]
9  	18    	[0.8153 6.    ]  	[0.00741013 0.        ]	[0.783 6.   ]	[0.817 6.   ]
10 	13    	[0.80025 5.85   ]	[0.05314591 0.35707142]	[0.583 5.   ]	[0.817 6.   ]
11 	10    	[0.81615 5.95   ]	[0.00370506 0.21794495]	[0.8 5. ]    	[0.817 6.   ]
12 	14    	[0.81615 6.05   ]	[0.00370506 0.21794495]	[0.8 6. ]    	[0.817 7.   ]
13 	7     	[0.807 5.95 ]    	[0.04358899 0.49749372]	[0.617 4.   ]	[0.817 7.   ]
14 	13    	[0.817 6.05 ]    	[0.         0.21794495]	[0.817 6.   ]	[0.817 7.   ]
15 	10    	[0.817 6.   ]    	[0. 0.]                	[0.817 6.   ]	[0.817 6.   ]
16 	11    	[0.8053 5.9   ]  	[0.05099912 0.43588989]	[0.583 4.   ]	[0.817 6.   ]
17 	12    	[0.80865 5.95   ]	[0.03639681 0.21794495]	[0.65 5.  ]  	[0.817 6.   ]
18 	17    	[0.81195 5.9    ]	[0.01848641 0.3       ]	[0.733 5.   ]	[0.817 6.   ]
19 	16    	[0.81615 5.95   ]	[0.00370506 0.21794495]	[0.8 5. ]    	[0.817 6.   ]
20 	8     	[0.8053 5.95  ]  	[0.05099912 0.21794495]	[0.583 5.   ]	[0.817 6.   ]
******************************
*****hall of fame*****
use_sensor_num: 6.0, score: 0.817
[0, 0, 1, 1, 1, 0, 1, 1, 1]
[2, 3, 4, 6, 7, 8]
*****hall of fame*****
use_sensor_num: 3.0, score: 0.8
[0, 0, 1, 0, 0, 0, 0, 1, 1]
[2, 7, 8]
*****hall of fame*****
use_sensor_num: 2.0, score: 0.617
[0, 0, 1, 0, 0, 0, 0, 1, 0]
[2, 7]
elapsed_time:121.93861269950867[sec]
