60,8
Starting Genetic Algorizm By Random Forest With 8 column
n_feature=6, score=0.667
[1, 1, 1, 1, 1, 0, 1, 0]
[[ 1  0  0  4  1  4]
 [ 0  7  0  3  0  0]
 [ 0  1  4  0  5  0]
 [ 0  0  0  8  0  2]
 [ 0  0  0  0 10  0]
 [ 0  0  0  0  0 10]]
0.667
n_feature=5, score=0.833
[1, 1, 0, 0, 0, 1, 1, 1]
[[ 2  0  0  4  2  2]
 [ 0 10  0  0  0  0]
 [ 0  1  9  0  0  0]
 [ 0  0  0  9  0  1]
 [ 0  0  0  0 10  0]
 [ 0  0  0  0  0 10]]
0.833
n_feature=2, score=0.433
[0, 1, 0, 0, 1, 0, 0, 0]
[[ 0  0  0  2  3  5]
 [ 0  5  2  1  2  0]
 [ 0  0  1  2  3  4]
 [ 0  0  1  0  8  1]
 [ 0  0  0  0 10  0]
 [ 0  0  0  0  0 10]]
0.433
n_feature=7, score=0.833
[1, 1, 1, 0, 1, 1, 1, 1]
[[ 4  0  0  4  1  1]
 [ 0 10  0  0  0  0]
 [ 2  1  7  0  0  0]
 [ 0  0  0  9  0  1]
 [ 0  0  0  0 10  0]
 [ 0  0  0  0  0 10]]
0.833
n_feature=5, score=0.617
[0, 1, 1, 1, 0, 1, 0, 1]
[[ 3  0  0  4  1  2]
 [ 0 10  0  0  0  0]
 [ 1  2  5  0  0  2]
 [ 0  0  0  9  0  1]
 [ 0  0  0 10  0  0]
 [ 0  0  0  0  0 10]]
0.617
n_feature=4, score=0.767
[0, 0, 1, 0, 1, 0, 1, 1]
[[ 3  0  1  4  0  2]
 [ 0 10  0  0  0  0]
 [ 1  1  5  0  3  0]
 [ 0  0  0  8  0  2]
 [ 0  0  0  0 10  0]
 [ 0  0  0  0  0 10]]
0.767
n_feature=5, score=0.767
[1, 1, 1, 0, 0, 1, 0, 1]
[[ 3  0  0  0  5  2]
 [ 0 10  0  0  0  0]
 [ 1  1  5  0  0  3]
 [ 0  0  0  8  1  1]
 [ 0  0  0  0 10  0]
 [ 0  0  0  0  0 10]]
0.767
n_feature=4, score=0.683
[1, 0, 1, 0, 1, 0, 1, 0]
[[ 1  0  1  4  0  4]
 [ 0  8  0  2  0  0]
 [ 0  1  4  0  5  0]
 [ 0  0  0  8  0  2]
 [ 0  0  0  0 10  0]
 [ 0  0  0  0  0 10]]
0.683
n_feature=4, score=0.667
[0, 0, 1, 1, 0, 0, 1, 1]
[[ 3  0  1  6  0  0]
 [ 0 10  0  0  0  0]
 [ 1  1  6  0  2  0]
 [ 0  0  0 10  0  0]
 [ 0  0  0  0 10  0]
 [ 0  0  0  9  0  1]]
0.667
n_feature=2, score=0.367
[1, 0, 0, 1, 0, 0, 0, 0]
[[ 1  0  0  0  0  9]
 [ 0 10  0  0  0  0]
 [ 0  1  0  0  0  9]
 [ 0  7  0  1  0  2]
 [ 0  0  0  0  0 10]
 [ 0  0  0  0  0 10]]
0.367
n_feature=3, score=0.55
[0, 1, 0, 0, 0, 1, 0, 1]
[[ 3  0  0  4  1  2]
 [ 0  5  0  0  0  5]
 [ 0  0  6  0  0  4]
 [ 0  0  0  9  0  1]
 [ 0  0  0 10  0  0]
 [ 0  0  0  0  0 10]]
0.55
n_feature=7, score=0.833
[1, 1, 1, 0, 1, 1, 1, 1]
[[ 4  0  0  4  1  1]
 [ 0 10  0  0  0  0]
 [ 2  1  7  0  0  0]
 [ 0  0  0  9  0  1]
 [ 0  0  0  0 10  0]
 [ 0  0  0  0  0 10]]
0.833
n_feature=4, score=0.833
[1, 0, 0, 0, 0, 1, 1, 1]
[[ 2  0  0  4  2  2]
 [ 0 10  0  0  0  0]
 [ 0  1  9  0  0  0]
 [ 0  0  0  9  0  1]
 [ 0  0  0  0 10  0]
 [ 0  0  0  0  0 10]]
0.833
n_feature=3, score=0.533
[0, 0, 0, 1, 0, 1, 0, 1]
[[ 4  0  0  4  0  2]
 [ 0  4  0  0  0  6]
 [ 0  0  6  0  0  4]
 [ 1  0  0  8  0  1]
 [ 0  0  0 10  0  0]
 [ 0  0  0  0  0 10]]
0.533
n_feature=4, score=0.783
[1, 0, 1, 0, 0, 0, 1, 1]
[[ 3  0  1  0  0  6]
 [ 0 10  0  0  0  0]
 [ 1  1  6  0  2  0]
 [ 0  0  0  8  0  2]
 [ 0  0  0  0 10  0]
 [ 0  0  0  0  0 10]]
0.783
n_feature=4, score=0.6
[0, 1, 0, 1, 1, 0, 1, 0]
[[ 0  0  1  4  1  4]
 [ 0  5  0  3  0  2]
 [ 0  0  3  0  6  1]
 [ 0  0  0  8  0  2]
 [ 0  0  0  0 10  0]
 [ 0  0  0  0  0 10]]
0.6
n_feature=5, score=0.7
[1, 0, 1, 1, 1, 0, 0, 1]
[[ 3  0  1  0  4  2]
 [ 0  7  0  3  0  0]
 [ 0  1  4  0  5  0]
 [ 0  0  0  8  0  2]
 [ 0  0  0  0 10  0]
 [ 0  0  0  0  0 10]]
0.7
n_feature=4, score=0.683
[1, 0, 1, 0, 1, 0, 1, 0]
[[ 1  0  1  4  0  4]
 [ 0  8  0  2  0  0]
 [ 0  1  4  0  5  0]
 [ 0  0  0  8  0  2]
 [ 0  0  0  0 10  0]
 [ 0  0  0  0  0 10]]
0.683
n_feature=4, score=0.517
[0, 1, 0, 1, 0, 1, 0, 1]
[[ 2  0  0  4  2  2]
 [ 0  5  0  0  0  5]
 [ 0  0  5  0  0  5]
 [ 0  0  0  9  0  1]
 [ 0  0  0 10  0  0]
 [ 0  0  0  0  0 10]]
0.517
n_feature=1, score=0.35
[0, 0, 0, 0, 1, 0, 0, 0]
[[ 0  0  0  2  3  5]
 [ 0  0  3  1  2  4]
 [ 0  0  1  2  3  4]
 [ 0  0  1  0  8  1]
 [ 0  0  0  0 10  0]
 [ 0  0  0  0  0 10]]
0.35
n_feature=5, score=0.767
[1, 1, 1, 0, 0, 1, 0, 1]
[[ 3  0  0  0  5  2]
 [ 0 10  0  0  0  0]
 [ 1  1  5  0  0  3]
 [ 0  0  0  8  1  1]
 [ 0  0  0  0 10  0]
 [ 0  0  0  0  0 10]]
0.767
n_feature=7, score=0.833
[1, 1, 1, 0, 1, 1, 1, 1]
[[ 4  0  0  4  1  1]
 [ 0 10  0  0  0  0]
 [ 2  1  7  0  0  0]
 [ 0  0  0  9  0  1]
 [ 0  0  0  0 10  0]
 [ 0  0  0  0  0 10]]
0.833
n_feature=7, score=0.833
[1, 1, 1, 0, 1, 1, 1, 1]
[[ 4  0  0  4  1  1]
 [ 0 10  0  0  0  0]
 [ 2  1  7  0  0  0]
 [ 0  0  0  9  0  1]
 [ 0  0  0  0 10  0]
 [ 0  0  0  0  0 10]]
0.833
n_feature=4, score=0.683
[1, 0, 1, 0, 1, 0, 1, 0]
[[ 1  0  1  4  0  4]
 [ 0  8  0  2  0  0]
 [ 0  1  4  0  5  0]
 [ 0  0  0  8  0  2]
 [ 0  0  0  0 10  0]
 [ 0  0  0  0  0 10]]
0.683
n_feature=3, score=0.633
[1, 1, 0, 0, 0, 1, 0, 0]
[[ 0  0  0  0  8  2]
 [ 0 10  0  0  0  0]
 [ 0  1  0  0  0  9]
 [ 0  0  0  8  1  1]
 [ 0  0  0  0 10  0]
 [ 0  0  0  0  0 10]]
0.633
n_feature=6, score=0.833
[1, 1, 1, 0, 0, 1, 1, 1]
[[ 2  0  0  4  2  2]
 [ 0 10  0  0  0  0]
 [ 0  1  9  0  0  0]
 [ 0  0  0  9  0  1]
 [ 0  0  0  0 10  0]
 [ 0  0  0  0  0 10]]
0.833
n_feature=4, score=0.767
[0, 0, 1, 0, 1, 0, 1, 1]
[[ 3  0  1  4  0  2]
 [ 0 10  0  0  0  0]
 [ 1  1  5  0  3  0]
 [ 0  0  0  8  0  2]
 [ 0  0  0  0 10  0]
 [ 0  0  0  0  0 10]]
0.767
n_feature=7, score=0.833
[1, 1, 1, 0, 1, 1, 1, 1]
[[ 4  0  0  4  1  1]
 [ 0 10  0  0  0  0]
 [ 2  1  7  0  0  0]
 [ 0  0  0  9  0  1]
 [ 0  0  0  0 10  0]
 [ 0  0  0  0  0 10]]
0.833
n_feature=2, score=0.45
[0, 0, 0, 0, 0, 0, 1, 1]
[[ 2  0  2  6  0  0]
 [ 0  0  0 10  0  0]
 [ 0  0  5  1  4  0]
 [ 0  0  0 10  0  0]
 [ 0  0  0  0 10  0]
 [ 0  0  0  9  1  0]]
0.45
n_feature=3, score=0.633
[1, 1, 0, 0, 0, 1, 0, 0]
[[ 0  0  0  0  8  2]
 [ 0 10  0  0  0  0]
 [ 0  1  0  0  0  9]
 [ 0  0  0  8  1  1]
 [ 0  0  0  0 10  0]
 [ 0  0  0  0  0 10]]
0.633
n_feature=5, score=0.85
[0, 1, 1, 0, 0, 1, 1, 1]
[[ 3  0  0  4  1  2]
 [ 0 10  0  0  0  0]
 [ 0  1  9  0  0  0]
 [ 0  0  0  9  0  1]
 [ 0  0  0  0 10  0]
 [ 0  0  0  0  0 10]]
0.85
n_feature=5, score=0.717
[1, 0, 1, 0, 1, 0, 1, 1]
[[ 3  0  1  4  0  2]
 [ 0  7  0  3  0  0]
 [ 0  1  5  0  4  0]
 [ 0  0  0  8  0  2]
 [ 0  0  0  0 10  0]
 [ 0  0  0  0  0 10]]
0.717
n_feature=7, score=0.833
[1, 1, 1, 0, 1, 1, 1, 1]
[[ 4  0  0  4  1  1]
 [ 0 10  0  0  0  0]
 [ 2  1  7  0  0  0]
 [ 0  0  0  9  0  1]
 [ 0  0  0  0 10  0]
 [ 0  0  0  0  0 10]]
0.833
n_feature=4, score=0.65
[1, 1, 1, 0, 1, 0, 0, 0]
[[ 0  0  1  0  4  5]
 [ 0  7  0  3  0  0]
 [ 0  1  4  0  5  0]
 [ 0  0  0  8  0  2]
 [ 0  0  0  0 10  0]
 [ 0  0  0  0  0 10]]
0.65
n_feature=3, score=0.7
[0, 0, 0, 0, 0, 1, 1, 1]
[[ 3  2  0  4  1  0]
 [ 0 10  0  0  0  0]
 [ 0  1  9  0  0  0]
 [ 0  1  0  9  0  0]
 [ 0  0  0  0 10  0]
 [ 0  9  0  0  0  1]]
0.7
n_feature=6, score=0.7
[1, 1, 1, 1, 1, 0, 0, 1]
[[ 3  0  0  0  5  2]
 [ 0  7  0  3  0  0]
 [ 0  1  4  0  5  0]
 [ 0  0  0  8  0  2]
 [ 0  0  0  0 10  0]
 [ 0  0  0  0  0 10]]
0.7
n_feature=6, score=0.85
[1, 0, 1, 0, 1, 1, 1, 1]
[[ 5  0  0  3  1  1]
 [ 0 10  0  0  0  0]
 [ 2  1  7  0  0  0]
 [ 0  0  0  9  0  1]
 [ 0  0  0  0 10  0]
 [ 0  0  0  0  0 10]]
0.85
n_feature=1, score=0.333
[1, 0, 0, 0, 0, 0, 0, 0]
[[ 0  0  0  0  0 10]
 [ 0 10  0  0  0  0]
 [ 0  1  0  0  0  9]
 [ 0  8  0  0  0  2]
 [ 0  0  0  0  0 10]
 [ 0  0  0  0  0 10]]
0.333
n_feature=4, score=0.75
[0, 1, 0, 0, 0, 1, 1, 1]
[[ 2  0  0  4  2  2]
 [ 0  5  0  0  0  5]
 [ 0  0  9  0  0  1]
 [ 0  0  0  9  0  1]
 [ 0  0  0  0 10  0]
 [ 0  0  0  0  0 10]]
0.75
n_feature=5, score=0.767
[1, 1, 1, 0, 0, 1, 0, 1]
[[ 3  0  0  0  5  2]
 [ 0 10  0  0  0  0]
 [ 1  1  5  0  0  3]
 [ 0  0  0  8  1  1]
 [ 0  0  0  0 10  0]
 [ 0  0  0  0  0 10]]
0.767
n_feature=5, score=0.833
[1, 1, 0, 0, 0, 1, 1, 1]
[[ 2  0  0  4  2  2]
 [ 0 10  0  0  0  0]
 [ 0  1  9  0  0  0]
 [ 0  0  0  9  0  1]
 [ 0  0  0  0 10  0]
 [ 0  0  0  0  0 10]]
0.833
n_feature=7, score=0.833
[1, 1, 1, 0, 1, 1, 1, 1]
[[ 4  0  0  4  1  1]
 [ 0 10  0  0  0  0]
 [ 2  1  7  0  0  0]
 [ 0  0  0  9  0  1]
 [ 0  0  0  0 10  0]
 [ 0  0  0  0  0 10]]
0.833
n_feature=7, score=0.833
[1, 1, 1, 0, 1, 1, 1, 1]
[[ 4  0  0  4  1  1]
 [ 0 10  0  0  0  0]
 [ 2  1  7  0  0  0]
 [ 0  0  0  9  0  1]
 [ 0  0  0  0 10  0]
 [ 0  0  0  0  0 10]]
0.833
n_feature=2, score=0.367
[1, 1, 0, 0, 0, 0, 0, 0]
[[ 0  0  0  0  0 10]
 [ 0  5  0  5  0  0]
 [ 0  0  0  1  0  9]
 [ 0  1  0  7  0  2]
 [ 0  0  0  0  0 10]
 [ 0  0  0  0  0 10]]
0.367
n_feature=6, score=0.85
[0, 1, 1, 0, 1, 1, 1, 1]
[[ 5  0  0  3  1  1]
 [ 0 10  0  0  0  0]
 [ 2  1  7  0  0  0]
 [ 0  0  0  9  0  1]
 [ 0  0  0  0 10  0]
 [ 0  0  0  0  0 10]]
0.85
n_feature=5, score=0.867
[0, 0, 1, 0, 1, 1, 1, 1]
[[ 5  0  0  3  1  1]
 [ 0 10  0  0  0  0]
 [ 1  1  8  0  0  0]
 [ 0  0  0  9  0  1]
 [ 0  0  0  0 10  0]
 [ 0  0  0  0  0 10]]
0.867
n_feature=2, score=0.367
[1, 1, 0, 0, 0, 0, 0, 0]
[[ 0  0  0  0  0 10]
 [ 0  5  0  5  0  0]
 [ 0  0  0  1  0  9]
 [ 0  1  0  7  0  2]
 [ 0  0  0  0  0 10]
 [ 0  0  0  0  0 10]]
0.367
n_feature=6, score=0.85
[0, 1, 1, 0, 1, 1, 1, 1]
[[ 5  0  0  3  1  1]
 [ 0 10  0  0  0  0]
 [ 2  1  7  0  0  0]
 [ 0  0  0  9  0  1]
 [ 0  0  0  0 10  0]
 [ 0  0  0  0  0 10]]
0.85
n_feature=5, score=0.85
[1, 0, 1, 0, 0, 1, 1, 1]
[[ 3  0  0  4  1  2]
 [ 0 10  0  0  0  0]
 [ 0  1  9  0  0  0]
 [ 0  0  0  9  0  1]
 [ 0  0  0  0 10  0]
 [ 0  0  0  0  0 10]]
0.85
n_feature=7, score=0.833
[1, 1, 1, 0, 1, 1, 1, 1]
[[ 4  0  0  4  1  1]
 [ 0 10  0  0  0  0]
 [ 2  1  7  0  0  0]
 [ 0  0  0  9  0  1]
 [ 0  0  0  0 10  0]
 [ 0  0  0  0  0 10]]
0.833
n_feature=6, score=0.717
[1, 1, 1, 0, 1, 0, 1, 1]
[[ 3  0  1  4  0  2]
 [ 0  7  0  3  0  0]
 [ 0  1  5  0  4  0]
 [ 0  0  0  8  0  2]
 [ 0  0  0  0 10  0]
 [ 0  0  0  0  0 10]]
0.717
n_feature=3, score=0.683
[1, 0, 1, 0, 1, 0, 0, 0]
[[ 0  0  1  0  4  5]
 [ 0  8  0  2  0  0]
 [ 0  1  5  0  4  0]
 [ 0  0  0  8  0  2]
 [ 0  0  0  0 10  0]
 [ 0  0  0  0  0 10]]
0.683
n_feature=3, score=0.7
[0, 0, 0, 0, 0, 1, 1, 1]
[[ 3  2  0  4  1  0]
 [ 0 10  0  0  0  0]
 [ 0  1  9  0  0  0]
 [ 0  1  0  9  0  0]
 [ 0  0  0  0 10  0]
 [ 0  9  0  0  0  1]]
0.7
n_feature=4, score=0.617
[0, 1, 1, 0, 1, 1, 0, 0]
[[ 5  0  0  2  2  1]
 [ 0  5  5  0  0  0]
 [ 2  0  7  0  0  1]
 [ 1  0  0  0  8  1]
 [ 0  0  0  0 10  0]
 [ 0  0  0  0  0 10]]
0.617
n_feature=2, score=0.45
[0, 0, 0, 0, 0, 0, 1, 1]
[[ 2  0  2  6  0  0]
 [ 0  0  0 10  0  0]
 [ 0  0  5  1  4  0]
 [ 0  0  0 10  0  0]
 [ 0  0  0  0 10  0]
 [ 0  0  0  9  1  0]]
0.45
n_feature=5, score=0.833
[1, 1, 0, 0, 0, 1, 1, 1]
[[ 2  0  0  4  2  2]
 [ 0 10  0  0  0  0]
 [ 0  1  9  0  0  0]
 [ 0  0  0  9  0  1]
 [ 0  0  0  0 10  0]
 [ 0  0  0  0  0 10]]
0.833
n_feature=7, score=0.833
[1, 1, 1, 0, 1, 1, 1, 1]
[[ 4  0  0  4  1  1]
 [ 0 10  0  0  0  0]
 [ 2  1  7  0  0  0]
 [ 0  0  0  9  0  1]
 [ 0  0  0  0 10  0]
 [ 0  0  0  0  0 10]]
0.833
n_feature=4, score=0.617
[0, 1, 1, 0, 1, 1, 0, 0]
[[ 5  0  0  2  2  1]
 [ 0  5  5  0  0  0]
 [ 2  0  7  0  0  1]
 [ 1  0  0  0  8  1]
 [ 0  0  0  0 10  0]
 [ 0  0  0  0  0 10]]
0.617
n_feature=2, score=0.45
[0, 0, 0, 0, 0, 0, 1, 1]
[[ 2  0  2  6  0  0]
 [ 0  0  0 10  0  0]
 [ 0  0  5  1  4  0]
 [ 0  0  0 10  0  0]
 [ 0  0  0  0 10  0]
 [ 0  0  0  9  1  0]]
0.45
n_feature=1, score=0.333
[0, 0, 0, 0, 0, 1, 0, 0]
[[ 0  0  0  0  8  2]
 [ 0  0  0  0  0 10]
 [ 0  0  0  0  0 10]
 [ 0  0  0  0  9  1]
 [ 0  0  0  0 10  0]
 [ 0  0  0  0  0 10]]
0.333
n_feature=1, score=0.267
[0, 0, 0, 0, 0, 0, 0, 1]
[[ 0  0  4  0  0  6]
 [ 0  0  0  0  0 10]
 [ 0  0  6  0  0  4]
 [ 0  0  0  0  0 10]
 [ 0  0  0  0  0 10]
 [ 0  0  0  0  0 10]]
0.267
n_feature=3, score=0.633
[0, 0, 1, 0, 0, 1, 0, 1]
[[ 4  0  0  4  0  2]
 [ 0 10  0  0  0  0]
 [ 1  2  5  0  0  2]
 [ 0  0  0  9  0  1]
 [ 0  0  0 10  0  0]
 [ 0  0  0  0  0 10]]
0.633
n_feature=2, score=0.417
[0, 0, 0, 1, 1, 0, 0, 0]
[[ 0  0  0  2  3  5]
 [ 0  4  3  1  2  0]
 [ 0  0  1  2  3  4]
 [ 1  0  1  0  7  1]
 [ 0  0  0  0 10  0]
 [ 0  0  0  0  0 10]]
0.417
n_feature=6, score=0.85
[0, 1, 1, 0, 1, 1, 1, 1]
[[ 5  0  0  3  1  1]
 [ 0 10  0  0  0  0]
 [ 2  1  7  0  0  0]
 [ 0  0  0  9  0  1]
 [ 0  0  0  0 10  0]
 [ 0  0  0  0  0 10]]
0.85
n_feature=7, score=0.833
[1, 1, 1, 0, 1, 1, 1, 1]
[[ 4  0  0  4  1  1]
 [ 0 10  0  0  0  0]
 [ 2  1  7  0  0  0]
 [ 0  0  0  9  0  1]
 [ 0  0  0  0 10  0]
 [ 0  0  0  0  0 10]]
0.833
n_feature=5, score=0.867
[0, 0, 1, 0, 1, 1, 1, 1]
[[ 5  0  0  3  1  1]
 [ 0 10  0  0  0  0]
 [ 1  1  8  0  0  0]
 [ 0  0  0  9  0  1]
 [ 0  0  0  0 10  0]
 [ 0  0  0  0  0 10]]
0.867
n_feature=2, score=0.367
[1, 1, 0, 0, 0, 0, 0, 0]
[[ 0  0  0  0  0 10]
 [ 0  5  0  5  0  0]
 [ 0  0  0  1  0  9]
 [ 0  1  0  7  0  2]
 [ 0  0  0  0  0 10]
 [ 0  0  0  0  0 10]]
0.367
n_feature=3, score=0.7
[0, 0, 0, 0, 0, 1, 1, 1]
[[ 3  2  0  4  1  0]
 [ 0 10  0  0  0  0]
 [ 0  1  9  0  0  0]
 [ 0  1  0  9  0  0]
 [ 0  0  0  0 10  0]
 [ 0  9  0  0  0  1]]
0.7
n_feature=4, score=0.767
[0, 0, 0, 0, 1, 1, 1, 1]
[[ 4  1  0  3  1  1]
 [ 0  6  0  0  0  4]
 [ 2  0  7  0  0  1]
 [ 0  0  0  9  0  1]
 [ 0  0  0  0 10  0]
 [ 0  0  0  0  0 10]]
0.767
n_feature=2, score=0.433
[0, 1, 1, 0, 0, 0, 0, 0]
[[ 3  0  1  0  6  0]
 [ 0  5  5  0  0  0]
 [ 2  0  7  1  0  0]
 [ 0  0  1  0  9  0]
 [ 0  0  0  0 10  0]
 [ 3  0  0  0  6  1]]
0.433
n_feature=1, score=0.35
[0, 0, 0, 0, 0, 0, 1, 0]
[[ 0  0  2  8  0  0]
 [ 0  0  0 10  0  0]
 [ 0  0  9  1  0  0]
 [ 0  0  0 10  0  0]
 [ 0  0  8  0  2  0]
 [ 1  0  0  9  0  0]]
0.35
n_feature=3, score=0.7
[0, 0, 0, 0, 0, 1, 1, 1]
[[ 3  2  0  4  1  0]
 [ 0 10  0  0  0  0]
 [ 0  1  9  0  0  0]
 [ 0  1  0  9  0  0]
 [ 0  0  0  0 10  0]
 [ 0  9  0  0  0  1]]
0.7
n_feature=4, score=0.65
[1, 1, 1, 0, 1, 0, 0, 0]
[[ 0  0  1  0  4  5]
 [ 0  7  0  3  0  0]
 [ 0  1  4  0  5  0]
 [ 0  0  0  8  0  2]
 [ 0  0  0  0 10  0]
 [ 0  0  0  0  0 10]]
0.65
n_feature=4, score=0.767
[0, 0, 0, 0, 1, 1, 1, 1]
[[ 4  1  0  3  1  1]
 [ 0  6  0  0  0  4]
 [ 2  0  7  0  0  1]
 [ 0  0  0  9  0  1]
 [ 0  0  0  0 10  0]
 [ 0  0  0  0  0 10]]
0.767
n_feature=2, score=0.433
[0, 1, 1, 0, 0, 0, 0, 0]
[[ 3  0  1  0  6  0]
 [ 0  5  5  0  0  0]
 [ 2  0  7  1  0  0]
 [ 0  0  1  0  9  0]
 [ 0  0  0  0 10  0]
 [ 3  0  0  0  6  1]]
0.433
n_feature=4, score=0.767
[0, 0, 0, 0, 1, 1, 1, 1]
[[ 4  1  0  3  1  1]
 [ 0  6  0  0  0  4]
 [ 2  0  7  0  0  1]
 [ 0  0  0  9  0  1]
 [ 0  0  0  0 10  0]
 [ 0  0  0  0  0 10]]
0.767
n_feature=2, score=0.433
[0, 1, 1, 0, 0, 0, 0, 0]
[[ 3  0  1  0  6  0]
 [ 0  5  5  0  0  0]
 [ 2  0  7  1  0  0]
 [ 0  0  1  0  9  0]
 [ 0  0  0  0 10  0]
 [ 3  0  0  0  6  1]]
0.433
n_feature=5, score=0.867
[0, 0, 1, 0, 1, 1, 1, 1]
[[ 5  0  0  3  1  1]
 [ 0 10  0  0  0  0]
 [ 1  1  8  0  0  0]
 [ 0  0  0  9  0  1]
 [ 0  0  0  0 10  0]
 [ 0  0  0  0  0 10]]
0.867
n_feature=7, score=0.833
[1, 1, 1, 0, 1, 1, 1, 1]
[[ 4  0  0  4  1  1]
 [ 0 10  0  0  0  0]
 [ 2  1  7  0  0  0]
 [ 0  0  0  9  0  1]
 [ 0  0  0  0 10  0]
 [ 0  0  0  0  0 10]]
0.833
n_feature=1, score=0.417
[0, 0, 1, 0, 0, 0, 0, 0]
[[ 3  1  0  0  6  0]
 [ 0 10  0  0  0  0]
 [ 2  6  1  0  1  0]
 [ 0  0  0  0 10  0]
 [ 0  0  0  0 10  0]
 [ 3  0  0  0  6  1]]
0.417
n_feature=4, score=0.767
[0, 0, 0, 0, 1, 1, 1, 1]
[[ 4  1  0  3  1  1]
 [ 0  6  0  0  0  4]
 [ 2  0  7  0  0  1]
 [ 0  0  0  9  0  1]
 [ 0  0  0  0 10  0]
 [ 0  0  0  0  0 10]]
0.767
n_feature=5, score=0.867
[0, 0, 1, 0, 1, 1, 1, 1]
[[ 5  0  0  3  1  1]
 [ 0 10  0  0  0  0]
 [ 1  1  8  0  0  0]
 [ 0  0  0  9  0  1]
 [ 0  0  0  0 10  0]
 [ 0  0  0  0  0 10]]
0.867
n_feature=4, score=0.767
[0, 0, 0, 0, 1, 1, 1, 1]
[[ 4  1  0  3  1  1]
 [ 0  6  0  0  0  4]
 [ 2  0  7  0  0  1]
 [ 0  0  0  9  0  1]
 [ 0  0  0  0 10  0]
 [ 0  0  0  0  0 10]]
0.767
n_feature=1, score=0.417
[0, 0, 1, 0, 0, 0, 0, 0]
[[ 3  1  0  0  6  0]
 [ 0 10  0  0  0  0]
 [ 2  6  1  0  1  0]
 [ 0  0  0  0 10  0]
 [ 0  0  0  0 10  0]
 [ 3  0  0  0  6  1]]
0.417
n_feature=4, score=0.633
[0, 0, 1, 0, 1, 1, 0, 1]
[[ 5  0  0  3  1  1]
 [ 0 10  0  0  0  0]
 [ 2  3  4  0  0  1]
 [ 0  0  0  9  0  1]
 [ 0  0  0 10  0  0]
 [ 0  0  0  0  0 10]]
0.633
n_feature=7, score=0.833
[1, 1, 1, 0, 1, 1, 1, 1]
[[ 4  0  0  4  1  1]
 [ 0 10  0  0  0  0]
 [ 2  1  7  0  0  0]
 [ 0  0  0  9  0  1]
 [ 0  0  0  0 10  0]
 [ 0  0  0  0  0 10]]
0.833
n_feature=1, score=0.25
[0, 1, 0, 0, 0, 0, 0, 0]
[[ 0  0  0  0  0 10]
 [ 2  5  0  0  0  3]
 [ 0  0  0  0  0 10]
 [ 1  1  0  0  0  8]
 [ 0  0  0  0  0 10]
 [ 0  0  0  0  0 10]]
0.25
n_feature=4, score=0.767
[0, 0, 0, 0, 1, 1, 1, 1]
[[ 4  1  0  3  1  1]
 [ 0  6  0  0  0  4]
 [ 2  0  7  0  0  1]
 [ 0  0  0  9  0  1]
 [ 0  0  0  0 10  0]
 [ 0  0  0  0  0 10]]
0.767
n_feature=1, score=0.333
[1, 0, 0, 0, 0, 0, 0, 0]
[[ 0  0  0  0  0 10]
 [ 0 10  0  0  0  0]
 [ 0  1  0  0  0  9]
 [ 0  8  0  0  0  2]
 [ 0  0  0  0  0 10]
 [ 0  0  0  0  0 10]]
0.333
n_feature=5, score=0.867
[0, 0, 1, 0, 1, 1, 1, 1]
[[ 5  0  0  3  1  1]
 [ 0 10  0  0  0  0]
 [ 1  1  8  0  0  0]
 [ 0  0  0  9  0  1]
 [ 0  0  0  0 10  0]
 [ 0  0  0  0  0 10]]
0.867
n_feature=5, score=0.867
[0, 0, 1, 0, 1, 1, 1, 1]
[[ 5  0  0  3  1  1]
 [ 0 10  0  0  0  0]
 [ 1  1  8  0  0  0]
 [ 0  0  0  9  0  1]
 [ 0  0  0  0 10  0]
 [ 0  0  0  0  0 10]]
0.867
n_feature=3, score=0.7
[0, 0, 0, 0, 0, 1, 1, 1]
[[ 3  2  0  4  1  0]
 [ 0 10  0  0  0  0]
 [ 0  1  9  0  0  0]
 [ 0  1  0  9  0  0]
 [ 0  0  0  0 10  0]
 [ 0  9  0  0  0  1]]
0.7
n_feature=2, score=0.45
[0, 0, 1, 0, 1, 0, 0, 0]
[[ 0  0  1  1  3  5]
 [ 0  4  6  0  0  0]
 [ 0  4  3  1  2  0]
 [ 1  0  0  0  8  1]
 [ 0  0  0  0 10  0]
 [ 0  0  0  0  0 10]]
0.45
n_feature=4, score=0.633
[0, 0, 1, 0, 1, 1, 0, 1]
[[ 5  0  0  3  1  1]
 [ 0 10  0  0  0  0]
 [ 2  3  4  0  0  1]
 [ 0  0  0  9  0  1]
 [ 0  0  0 10  0  0]
 [ 0  0  0  0  0 10]]
0.633
n_feature=1, score=0.267
[0, 0, 0, 0, 0, 0, 0, 1]
[[ 0  0  4  0  0  6]
 [ 0  0  0  0  0 10]
 [ 0  0  6  0  0  4]
 [ 0  0  0  0  0 10]
 [ 0  0  0  0  0 10]
 [ 0  0  0  0  0 10]]
0.267
n_feature=4, score=0.833
[0, 0, 1, 0, 1, 1, 1, 0]
[[ 5  0  0  3  1  1]
 [ 0 10  0  0  0  0]
 [ 3  1  6  0  0  0]
 [ 0  0  0  9  0  1]
 [ 0  0  0  0 10  0]
 [ 0  0  0  0  0 10]]
0.833
n_feature=2, score=0.45
[0, 0, 0, 0, 0, 0, 1, 1]
[[ 2  0  2  6  0  0]
 [ 0  0  0 10  0  0]
 [ 0  0  5  1  4  0]
 [ 0  0  0 10  0  0]
 [ 0  0  0  0 10  0]
 [ 0  0  0  9  1  0]]
0.45
n_feature=3, score=0.55
[0, 0, 1, 0, 1, 1, 0, 0]
[[ 5  0  0  2  2  1]
 [ 0  4  6  0  0  0]
 [ 3  4  3  0  0  0]
 [ 0  0  0  1  8  1]
 [ 0  0  0  0 10  0]
 [ 0  0  0  0  0 10]]
0.55
n_feature=1, score=0.417
[0, 0, 1, 0, 0, 0, 0, 0]
[[ 3  1  0  0  6  0]
 [ 0 10  0  0  0  0]
 [ 2  6  1  0  1  0]
 [ 0  0  0  0 10  0]
 [ 0  0  0  0 10  0]
 [ 3  0  0  0  6  1]]
0.417
n_feature=4, score=0.65
[0, 0, 0, 1, 1, 0, 1, 1]
[[ 3  0  1  4  0  2]
 [ 0  4  0  3  0  3]
 [ 2  0  4  0  3  1]
 [ 0  0  0  8  0  2]
 [ 0  0  0  0 10  0]
 [ 0  0  0  0  0 10]]
0.65
n_feature=1, score=0.267
[0, 0, 0, 0, 0, 0, 0, 1]
[[ 0  0  4  0  0  6]
 [ 0  0  0  0  0 10]
 [ 0  0  6  0  0  4]
 [ 0  0  0  0  0 10]
 [ 0  0  0  0  0 10]
 [ 0  0  0  0  0 10]]
0.267
n_feature=3, score=0.533
[0, 0, 0, 1, 0, 1, 0, 1]
[[ 4  0  0  4  0  2]
 [ 0  4  0  0  0  6]
 [ 0  0  6  0  0  4]
 [ 1  0  0  8  0  1]
 [ 0  0  0 10  0  0]
 [ 0  0  0  0  0 10]]
0.533
n_feature=3, score=0.55
[0, 0, 1, 0, 1, 1, 0, 0]
[[ 5  0  0  2  2  1]
 [ 0  4  6  0  0  0]
 [ 3  4  3  0  0  0]
 [ 0  0  0  1  8  1]
 [ 0  0  0  0 10  0]
 [ 0  0  0  0  0 10]]
0.55
n_feature=1, score=0.25
[0, 0, 0, 1, 0, 0, 0, 0]
[[ 1  0  0  0  0  9]
 [ 0  4  0  0  0  6]
 [ 0  0  0  0  0 10]
 [ 0  1  0  0  0  9]
 [ 0  0  0  0  0 10]
 [ 0  0  0  0  0 10]]
0.25
n_feature=1, score=0.267
[0, 0, 0, 0, 0, 0, 0, 1]
[[ 0  0  4  0  0  6]
 [ 0  0  0  0  0 10]
 [ 0  0  6  0  0  4]
 [ 0  0  0  0  0 10]
 [ 0  0  0  0  0 10]
 [ 0  0  0  0  0 10]]
0.267
n_feature=1, score=0.333
[1, 0, 0, 0, 0, 0, 0, 0]
[[ 0  0  0  0  0 10]
 [ 0 10  0  0  0  0]
 [ 0  1  0  0  0  9]
 [ 0  8  0  0  0  2]
 [ 0  0  0  0  0 10]
 [ 0  0  0  0  0 10]]
0.333
n_feature=1, score=0.267
[0, 0, 0, 0, 0, 0, 0, 1]
[[ 0  0  4  0  0  6]
 [ 0  0  0  0  0 10]
 [ 0  0  6  0  0  4]
 [ 0  0  0  0  0 10]
 [ 0  0  0  0  0 10]
 [ 0  0  0  0  0 10]]
0.267
n_feature=1, score=0.25
[0, 0, 0, 1, 0, 0, 0, 0]
[[ 1  0  0  0  0  9]
 [ 0  4  0  0  0  6]
 [ 0  0  0  0  0 10]
 [ 0  1  0  0  0  9]
 [ 0  0  0  0  0 10]
 [ 0  0  0  0  0 10]]
0.25
n_feature=1, score=0.25
[0, 0, 0, 1, 0, 0, 0, 0]
[[ 1  0  0  0  0  9]
 [ 0  4  0  0  0  6]
 [ 0  0  0  0  0 10]
 [ 0  1  0  0  0  9]
 [ 0  0  0  0  0 10]
 [ 0  0  0  0  0 10]]
0.25
n_feature=1, score=0.333
[0, 0, 0, 0, 0, 1, 0, 0]
[[ 0  0  0  0  8  2]
 [ 0  0  0  0  0 10]
 [ 0  0  0  0  0 10]
 [ 0  0  0  0  9  1]
 [ 0  0  0  0 10  0]
 [ 0  0  0  0  0 10]]
0.333
n_feature=1, score=0.267
[0, 0, 0, 0, 0, 0, 0, 1]
[[ 0  0  4  0  0  6]
 [ 0  0  0  0  0 10]
 [ 0  0  6  0  0  4]
 [ 0  0  0  0  0 10]
 [ 0  0  0  0  0 10]
 [ 0  0  0  0  0 10]]
0.267
n_feature=1, score=0.35
[0, 0, 0, 0, 1, 0, 0, 0]
[[ 0  0  0  2  3  5]
 [ 0  0  3  1  2  4]
 [ 0  0  1  2  3  4]
 [ 0  0  1  0  8  1]
 [ 0  0  0  0 10  0]
 [ 0  0  0  0  0 10]]
0.35
n_feature=2, score=0.367
[1, 1, 0, 0, 0, 0, 0, 0]
[[ 0  0  0  0  0 10]
 [ 0  5  0  5  0  0]
 [ 0  0  0  1  0  9]
 [ 0  1  0  7  0  2]
 [ 0  0  0  0  0 10]
 [ 0  0  0  0  0 10]]
0.367
n_feature=1, score=0.35
[0, 0, 0, 0, 0, 0, 1, 0]
[[ 0  0  2  8  0  0]
 [ 0  0  0 10  0  0]
 [ 0  0  9  1  0  0]
 [ 0  0  0 10  0  0]
 [ 0  0  8  0  2  0]
 [ 1  0  0  9  0  0]]
0.35
n_feature=1, score=0.267
[0, 0, 0, 0, 0, 0, 0, 1]
[[ 0  0  4  0  0  6]
 [ 0  0  0  0  0 10]
 [ 0  0  6  0  0  4]
 [ 0  0  0  0  0 10]
 [ 0  0  0  0  0 10]
 [ 0  0  0  0  0 10]]
0.267
******************************
[[0, 0, 0, 0, 0, 0, 0, 0], [0, 0, 0, 0, 0, 0, 0, 0], [0, 0, 0, 0, 0, 0, 0, 0], [0, 0, 0, 0, 0, 0, 0, 0], [0, 0, 0, 0, 0, 0, 0, 0], [0, 0, 0, 0, 0, 0, 0, 0], [0, 0, 0, 0, 0, 0, 0, 0], [0, 0, 0, 0, 0, 0, 0, 0], [0, 0, 0, 0, 0, 0, 0, 0], [0, 0, 0, 0, 0, 0, 0, 0], [0, 0, 0, 0, 0, 0, 0, 0], [0, 0, 0, 0, 0, 0, 0, 0], [0, 0, 0, 0, 0, 0, 0, 0], [0, 0, 0, 0, 0, 0, 0, 0], [0, 0, 0, 0, 0, 0, 0, 0], [0, 0, 0, 0, 0, 0, 0, 0], [0, 0, 0, 0, 0, 0, 0, 0], [0, 0, 0, 0, 0, 0, 0, 0], [0, 0, 0, 0, 0, 0, 0, 0], [0, 0, 0, 0, 0, 0, 0, 0]]
gen	nevals	avg                      	std                          	min                    	max                  
0  	20    	[ 500.5833 -495.85  ]    	[2179.08624187 2180.17252242]	[ 3.670e-01 -9.999e+03]	[9.999e+03 7.000e+00]
1  	12    	[1000.55485 -995.4    ]  	[2999.48171949 3001.20051646]	[ 3.500e-01 -9.999e+03]	[9.999e+03 7.000e+00]
2  	13    	[ 500.67985 -494.95   ]  	[2179.06409081 2180.37915223]	[ 3.330e-01 -9.999e+03]	[9.999e+03 7.000e+00]
3  	8     	[ 1500.5091 -1495.4   ]  	[3570.08026828 3572.2268321 ]	[ 3.670e-01 -9.999e+03]	[9.999e+03 7.000e+00]
4  	7     	[ 2000.4233 -1995.65  ]  	[3999.28835127 4001.67520265]	[ 4.500e-01 -9.999e+03]	[9.999e+03 7.000e+00]
5  	15    	[ 2500.21255 -2497.1    ]	[4329.42695676 4331.22428304]	[ 2.670e-01 -9.999e+03]	[9.999e+03 7.000e+00]
6  	9     	[ 2000.37835 -1996.35   ]	[3999.31082791 4001.32530888]	[ 3.500e-01 -9.999e+03]	[9.999e+03 7.000e+00]
7  	12    	[ 3000.20265 -2996.9    ]	[4581.78837878 4583.95069672]	[ 2.500e-01 -9.999e+03]	[9.999e+03 7.000e+00]
8  	8     	[ 4499.92755 -4497.55   ]	[4974.09818773 4976.24889324]	[ 2.670e-01 -9.999e+03]	[9.999e+03 5.000e+00]
9  	8     	[ 7499.37 -7498.7 ]      	[4329.48616047 4330.64667342]	[ 3.330e-01 -9.999e+03]	[9.999e+03 4.000e+00]
10 	18    	[ 8499.2175 -8498.8   ]  	[3570.19646106 3571.19032817]	[ 2.670e-01 -9.999e+03]	[9.999e+03 3.000e+00]
11 	8     	[ 8499.1925 -8499.    ]  	[3570.25597264 3570.71421427]	[ 2.500e-01 -9.999e+03]	[9.999e+03 1.000e+00]
12 	16    	[ 9499.06335 -9499.     ]	[2179.17333552 2179.44947177]	[ 2.670e-01 -9.999e+03]	[9.999e+03 1.000e+00]
13 	9     	[ 9499.0625 -9499.    ]  	[2179.17704059 2179.44947177]	[ 2.500e-01 -9.999e+03]	[9.999e+03 1.000e+00]
14 	14    	[ 9499.0625 -9499.    ]  	[2179.17704059 2179.44947177]	[ 2.500e-01 -9.999e+03]	[9.999e+03 1.000e+00]
15 	10    	[ 9499.06665 -9499.     ]	[2179.15895116 2179.44947177]	[ 3.330e-01 -9.999e+03]	[9.999e+03 1.000e+00]
16 	14    	[ 9999. -9999.]          	[0. 0.]                      	[ 9999. -9999.]        	[ 9999. -9999.]      
17 	15    	[ 8999.13085 -8999.     ]	[2999.60745003 3000.        ]	[ 2.670e-01 -9.999e+03]	[9.999e+03 1.000e+00]
18 	11    	[ 9499.06835 -9498.95   ]	[2179.15154103 2179.66741672]	[ 3.670e-01 -9.999e+03]	[9.999e+03 2.000e+00]
19 	10    	[ 8999.13085 -8999.     ]	[2999.60745003 3000.        ]	[ 2.670e-01 -9.999e+03]	[9.999e+03 1.000e+00]
20 	10    	[ 9999. -9999.]          	[0. 0.]                      	[ 9999. -9999.]        	[ 9999. -9999.]      
******************************
*****hall of fame*****
use_sensor_num: -9999.0, score: 9999.0
[0, 0, 0, 0, 0, 0, 0, 0]
[]
elapsed_time:50.77079653739929[sec]
