60,10
Starting Genetic Algorizm By Random Forest With 10 column
n_feature=8, score=0.867
[1, 1, 1, 1, 1, 0, 1, 0, 1, 1]
[[ 5  0  0  0  4  1]
 [ 0 10  0  0  0  0]
 [ 0  0  8  0  0  2]
 [ 0  1  0  9  0  0]
 [ 0  0  0  0 10  0]
 [ 0  0  0  0  0 10]]
0.867
n_feature=4, score=0.367
[0, 0, 0, 1, 1, 1, 0, 1, 0, 0]
[[ 1  0  0  0  9  0]
 [ 1  3  6  0  0  0]
 [ 3  0  6  0  0  1]
 [ 0  0  1  2  7  0]
 [ 0  0  0  0 10  0]
 [ 1  0  9  0  0  0]]
0.367
n_feature=6, score=0.75
[1, 0, 0, 0, 1, 1, 1, 0, 1, 1]
[[ 0  0  0  4  4  2]
 [ 0 10  0  0  0  0]
 [ 0  1  6  0  0  3]
 [ 0  1  0  9  0  0]
 [ 0  0  0  0 10  0]
 [ 0  0  0  0  0 10]]
0.75
n_feature=7, score=0.667
[1, 1, 0, 1, 1, 1, 0, 1, 0, 1]
[[ 1  0  0  0  9  0]
 [ 0  4  6  0  0  0]
 [ 2  0  6  0  0  2]
 [ 0  0  1  9  0  0]
 [ 0  0  0  0 10  0]
 [ 0  0  0  0  0 10]]
0.667
n_feature=6, score=0.733
[0, 0, 1, 0, 1, 0, 1, 1, 1, 1]
[[ 6  1  0  0  3  0]
 [ 0 10  0  0  0  0]
 [ 1  0  6  0  0  3]
 [ 0  1  0  2  7  0]
 [ 0  0  0  0 10  0]
 [ 0  0  0  0  0 10]]
0.733
n_feature=5, score=0.5
[1, 0, 0, 1, 0, 1, 1, 0, 1, 0]
[[ 1  0  0  4  1  4]
 [ 0  9  0  1  0  0]
 [ 0  0  0  1  0  9]
 [ 0  0  0 10  0  0]
 [ 0  0  0  0  0 10]
 [ 0  0  0  0  0 10]]
0.5
n_feature=4, score=0.517
[1, 0, 1, 0, 0, 0, 1, 1, 0, 0]
[[ 7  0  0  0  3  0]
 [ 0  4  0  6  0  0]
 [ 2  0  6  0  0  2]
 [ 0  7  0  3  0  0]
 [ 0  0  0  0 10  0]
 [ 0  0  9  0  0  1]]
0.517
n_feature=4, score=0.8
[1, 1, 1, 0, 0, 1, 0, 0, 0, 0]
[[ 0  0  1  0  4  5]
 [ 0 10  0  0  0  0]
 [ 0  0 10  0  0  0]
 [ 0  2  0  8  0  0]
 [ 0  0  0  0 10  0]
 [ 0  0  0  0  0 10]]
0.8
n_feature=3, score=0.367
[0, 1, 0, 0, 0, 1, 0, 1, 0, 0]
[[ 0  1  0  0  9  0]
 [ 0  4  6  0  0  0]
 [ 0  4  6  0  0  0]
 [ 0  0  1  2  7  0]
 [ 0  0  0  0 10  0]
 [ 0  0  0  9  1  0]]
0.367
n_feature=3, score=0.267
[0, 0, 0, 0, 0, 0, 1, 1, 1, 0]
[[ 3  0  0  0  7  0]
 [ 0  0  0  6  2  2]
 [ 0  0  0  6  3  1]
 [ 0  0  0  3  7  0]
 [ 0  0  0  0 10  0]
 [ 0  0  0  9  1  0]]
0.267
n_feature=6, score=0.917
[1, 1, 1, 1, 1, 0, 0, 0, 0, 1]
[[ 7  0  0  0  3  0]
 [ 0 10  0  0  0  0]
 [ 0  0  9  0  0  1]
 [ 0  1  0  9  0  0]
 [ 0  0  0  0 10  0]
 [ 0  0  0  0  0 10]]
0.917
n_feature=5, score=0.617
[1, 1, 0, 0, 0, 1, 0, 1, 0, 1]
[[ 1  3  0  0  6  0]
 [ 0  2  0  8  0  0]
 [ 0  0  5  1  2  2]
 [ 0  1  0  9  0  0]
 [ 0  0  0  0 10  0]
 [ 0  0  0  0  0 10]]
0.617
n_feature=5, score=0.7
[1, 0, 1, 0, 0, 0, 1, 1, 0, 1]
[[ 6  0  0  0  3  1]
 [ 0  0  0 10  0  0]
 [ 2  0  6  0  0  2]
 [ 0  0  0 10  0  0]
 [ 0  0  0  0 10  0]
 [ 0  0  0  0  0 10]]
0.7
n_feature=6, score=0.817
[0, 1, 1, 0, 1, 0, 1, 0, 1, 1]
[[ 6  0  0  0  4  0]
 [ 0 10  0  0  0  0]
 [ 0  0  8  0  0  2]
 [ 0  1  0  9  0  0]
 [ 0  0  0  4  6  0]
 [ 0  0  0  0  0 10]]
0.817
n_feature=5, score=0.65
[1, 0, 0, 1, 1, 0, 1, 0, 1, 0]
[[ 0  0  0  4  5  1]
 [ 0 10  0  0  0  0]
 [ 1  0  0  0  0  9]
 [ 1  0  0  9  0  0]
 [ 0  0  0  0 10  0]
 [ 0  0  0  0  0 10]]
0.65
n_feature=5, score=0.65
[1, 0, 0, 1, 0, 1, 0, 1, 0, 1]
[[ 4  0  0  0  6  0]
 [ 0  1  0  9  0  0]
 [ 0  0  4  1  3  2]
 [ 0  0  0 10  0  0]
 [ 0  0  0  0 10  0]
 [ 0  0  0  0  0 10]]
0.65
n_feature=5, score=0.717
[0, 0, 1, 1, 1, 1, 0, 0, 0, 1]
[[ 0  1  0  1  4  4]
 [ 0 10  0  0  0  0]
 [ 0  0  7  0  0  3]
 [ 0  0  0 10  0  0]
 [ 0  0  0  4  6  0]
 [ 0  0  0  0  0 10]]
0.717
n_feature=3, score=0.333
[0, 0, 0, 0, 1, 1, 0, 0, 1, 0]
[[ 0  1  0  3  6  0]
 [ 0  0  0  0  0 10]
 [ 0  0  0  0  0 10]
 [ 0  0  0  0  9  1]
 [ 0  0  0  0 10  0]
 [ 0  0  0  0  0 10]]
0.333
n_feature=4, score=0.433
[1, 0, 0, 0, 0, 1, 0, 0, 1, 1]
[[ 0  3  1  1  0  5]
 [ 0  0  0 10  0  0]
 [ 0  0  6  1  0  3]
 [ 0  0  0 10  0  0]
 [ 0  0  4  0  0  6]
 [ 0  0  0  0  0 10]]
0.433
n_feature=4, score=0.683
[1, 0, 1, 0, 0, 0, 0, 0, 1, 1]
[[ 4  0  1  0  4  1]
 [ 0  0  0 10  0  0]
 [ 0  0  7  0  0  3]
 [ 0  0  0 10  0  0]
 [ 0  0  0  0 10  0]
 [ 0  0  0  0  0 10]]
0.683
n_feature=4, score=0.7
[0, 0, 1, 1, 0, 0, 0, 0, 1, 1]
[[ 0  0  2  0  4  4]
 [ 0  9  0  1  0  0]
 [ 0  0  7  0  0  3]
 [ 0  0  0 10  0  0]
 [ 0  0  0  4  6  0]
 [ 0  0  0  0  0 10]]
0.7
n_feature=7, score=0.85
[1, 0, 1, 0, 1, 0, 1, 1, 1, 1]
[[ 6  0  0  0  4  0]
 [ 0 10  0  0  0  0]
 [ 1  0  6  0  0  3]
 [ 0  1  0  9  0  0]
 [ 0  0  0  0 10  0]
 [ 0  0  0  0  0 10]]
0.85
n_feature=6, score=0.617
[1, 1, 1, 0, 0, 1, 0, 0, 1, 1]
[[ 0  0  1  0  4  5]
 [ 0  0  0 10  0  0]
 [ 0  0  7  0  0  3]
 [ 0  0  0 10  0  0]
 [ 0  0  0  0 10  0]
 [ 0  0  0  0  0 10]]
0.617
n_feature=4, score=0.767
[0, 1, 1, 0, 1, 0, 1, 0, 0, 0]
[[ 7  0  0  2  1  0]
 [ 0 10  0  0  0  0]
 [ 0  0 10  0  0  0]
 [ 0  1  0  9  0  0]
 [ 0  0  0 10  0  0]
 [ 0  0  0  0  0 10]]
0.767
n_feature=7, score=0.867
[1, 1, 1, 0, 1, 0, 1, 0, 1, 1]
[[ 5  0  0  0  4  1]
 [ 0 10  0  0  0  0]
 [ 0  0  8  0  0  2]
 [ 0  1  0  9  0  0]
 [ 0  0  0  0 10  0]
 [ 0  0  0  0  0 10]]
0.867
n_feature=5, score=0.65
[1, 0, 0, 1, 1, 0, 1, 0, 1, 0]
[[ 0  0  0  4  5  1]
 [ 0 10  0  0  0  0]
 [ 1  0  0  0  0  9]
 [ 1  0  0  9  0  0]
 [ 0  0  0  0 10  0]
 [ 0  0  0  0  0 10]]
0.65
n_feature=5, score=0.7
[1, 0, 1, 0, 0, 0, 1, 1, 0, 1]
[[ 6  0  0  0  3  1]
 [ 0  0  0 10  0  0]
 [ 2  0  6  0  0  2]
 [ 0  0  0 10  0  0]
 [ 0  0  0  0 10  0]
 [ 0  0  0  0  0 10]]
0.7
n_feature=10, score=0.867
[1, 1, 1, 1, 1, 1, 1, 1, 1, 1]
[[ 5  0  0  0  4  1]
 [ 0 10  0  0  0  0]
 [ 0  0  7  0  0  3]
 [ 0  0  0 10  0  0]
 [ 0  0  0  0 10  0]
 [ 0  0  0  0  0 10]]
0.867
n_feature=5, score=0.833
[1, 0, 0, 0, 1, 0, 1, 0, 1, 1]
[[ 5  0  0  1  4  0]
 [ 0 10  0  0  0  0]
 [ 0  1  6  0  0  3]
 [ 0  1  0  9  0  0]
 [ 0  0  0  0 10  0]
 [ 0  0  0  0  0 10]]
0.833
n_feature=5, score=0.7
[1, 0, 1, 0, 0, 0, 1, 1, 0, 1]
[[ 6  0  0  0  3  1]
 [ 0  0  0 10  0  0]
 [ 2  0  6  0  0  2]
 [ 0  0  0 10  0  0]
 [ 0  0  0  0 10  0]
 [ 0  0  0  0  0 10]]
0.7
n_feature=6, score=0.917
[1, 1, 1, 1, 1, 0, 0, 0, 0, 1]
[[ 7  0  0  0  3  0]
 [ 0 10  0  0  0  0]
 [ 0  0  9  0  0  1]
 [ 0  1  0  9  0  0]
 [ 0  0  0  0 10  0]
 [ 0  0  0  0  0 10]]
0.917
n_feature=5, score=0.717
[0, 0, 1, 1, 1, 1, 0, 0, 0, 1]
[[ 0  1  0  1  4  4]
 [ 0 10  0  0  0  0]
 [ 0  0  7  0  0  3]
 [ 0  0  0 10  0  0]
 [ 0  0  0  4  6  0]
 [ 0  0  0  0  0 10]]
0.717
n_feature=5, score=0.75
[1, 0, 0, 0, 1, 1, 1, 0, 0, 1]
[[ 0  0  0  4  4  2]
 [ 0 10  0  0  0  0]
 [ 0  1  6  0  0  3]
 [ 0  1  0  9  0  0]
 [ 0  0  0  0 10  0]
 [ 0  0  0  0  0 10]]
0.75
n_feature=8, score=0.85
[1, 1, 1, 1, 1, 0, 0, 1, 1, 1]
[[ 6  0  0  0  4  0]
 [ 0 10  0  0  0  0]
 [ 2  0  6  0  0  2]
 [ 0  1  0  9  0  0]
 [ 0  0  0  0 10  0]
 [ 0  0  0  0  0 10]]
0.85
n_feature=4, score=0.767
[0, 1, 1, 0, 1, 0, 1, 0, 0, 0]
[[ 7  0  0  2  1  0]
 [ 0 10  0  0  0  0]
 [ 0  0 10  0  0  0]
 [ 0  1  0  9  0  0]
 [ 0  0  0 10  0  0]
 [ 0  0  0  0  0 10]]
0.767
n_feature=4, score=0.767
[0, 1, 1, 0, 1, 0, 1, 0, 0, 0]
[[ 7  0  0  2  1  0]
 [ 0 10  0  0  0  0]
 [ 0  0 10  0  0  0]
 [ 0  1  0  9  0  0]
 [ 0  0  0 10  0  0]
 [ 0  0  0  0  0 10]]
0.767
n_feature=4, score=0.7
[0, 0, 1, 1, 0, 0, 0, 0, 1, 1]
[[ 0  0  2  0  4  4]
 [ 0  9  0  1  0  0]
 [ 0  0  7  0  0  3]
 [ 0  0  0 10  0  0]
 [ 0  0  0  4  6  0]
 [ 0  0  0  0  0 10]]
0.7
n_feature=4, score=0.8
[1, 0, 0, 1, 1, 0, 0, 0, 0, 1]
[[ 3  0  0  1  5  1]
 [ 0 10  0  0  0  0]
 [ 1  0  6  0  0  3]
 [ 1  0  0  9  0  0]
 [ 0  0  0  0 10  0]
 [ 0  0  0  0  0 10]]
0.8
n_feature=7, score=0.867
[1, 1, 1, 0, 1, 0, 1, 0, 1, 1]
[[ 5  0  0  0  4  1]
 [ 0 10  0  0  0  0]
 [ 0  0  8  0  0  2]
 [ 0  1  0  9  0  0]
 [ 0  0  0  0 10  0]
 [ 0  0  0  0  0 10]]
0.867
n_feature=5, score=0.833
[1, 0, 0, 0, 1, 0, 1, 0, 1, 1]
[[ 5  0  0  1  4  0]
 [ 0 10  0  0  0  0]
 [ 0  1  6  0  0  3]
 [ 0  1  0  9  0  0]
 [ 0  0  0  0 10  0]
 [ 0  0  0  0  0 10]]
0.833
n_feature=6, score=0.75
[1, 0, 0, 0, 1, 1, 1, 0, 1, 1]
[[ 0  0  0  4  4  2]
 [ 0 10  0  0  0  0]
 [ 0  1  6  0  0  3]
 [ 0  1  0  9  0  0]
 [ 0  0  0  0 10  0]
 [ 0  0  0  0  0 10]]
0.75
n_feature=7, score=0.667
[1, 0, 0, 0, 1, 1, 1, 1, 1, 1]
[[ 1  0  0  0  9  0]
 [ 0  4  6  0  0  0]
 [ 2  0  6  0  0  2]
 [ 0  0  1  9  0  0]
 [ 0  0  0  0 10  0]
 [ 0  0  0  0  0 10]]
0.667
n_feature=8, score=0.867
[1, 1, 1, 1, 1, 0, 1, 0, 1, 1]
[[ 5  0  0  0  4  1]
 [ 0 10  0  0  0  0]
 [ 0  0  8  0  0  2]
 [ 0  1  0  9  0  0]
 [ 0  0  0  0 10  0]
 [ 0  0  0  0  0 10]]
0.867
n_feature=7, score=0.783
[1, 1, 1, 1, 1, 1, 0, 0, 0, 1]
[[ 1  0  0  1  4  4]
 [ 0 10  0  0  0  0]
 [ 0  0  7  0  0  3]
 [ 0  1  0  9  0  0]
 [ 0  0  0  0 10  0]
 [ 0  0  0  0  0 10]]
0.783
n_feature=6, score=0.817
[0, 1, 1, 0, 1, 0, 1, 0, 1, 1]
[[ 6  0  0  0  4  0]
 [ 0 10  0  0  0  0]
 [ 0  0  8  0  0  2]
 [ 0  1  0  9  0  0]
 [ 0  0  0  4  6  0]
 [ 0  0  0  0  0 10]]
0.817
n_feature=8, score=0.867
[1, 1, 1, 1, 1, 0, 1, 0, 1, 1]
[[ 5  0  0  0  4  1]
 [ 0 10  0  0  0  0]
 [ 0  0  8  0  0  2]
 [ 0  1  0  9  0  0]
 [ 0  0  0  0 10  0]
 [ 0  0  0  0  0 10]]
0.867
n_feature=8, score=0.867
[1, 1, 1, 1, 1, 0, 1, 0, 1, 1]
[[ 5  0  0  0  4  1]
 [ 0 10  0  0  0  0]
 [ 0  0  8  0  0  2]
 [ 0  1  0  9  0  0]
 [ 0  0  0  0 10  0]
 [ 0  0  0  0  0 10]]
0.867
n_feature=6, score=0.817
[0, 1, 1, 0, 1, 0, 1, 0, 1, 1]
[[ 6  0  0  0  4  0]
 [ 0 10  0  0  0  0]
 [ 0  0  8  0  0  2]
 [ 0  1  0  9  0  0]
 [ 0  0  0  4  6  0]
 [ 0  0  0  0  0 10]]
0.817
n_feature=5, score=0.833
[1, 0, 0, 0, 1, 0, 1, 0, 1, 1]
[[ 5  0  0  1  4  0]
 [ 0 10  0  0  0  0]
 [ 0  1  6  0  0  3]
 [ 0  1  0  9  0  0]
 [ 0  0  0  0 10  0]
 [ 0  0  0  0  0 10]]
0.833
n_feature=6, score=0.817
[0, 1, 1, 0, 1, 0, 1, 0, 1, 1]
[[ 6  0  0  0  4  0]
 [ 0 10  0  0  0  0]
 [ 0  0  8  0  0  2]
 [ 0  1  0  9  0  0]
 [ 0  0  0  4  6  0]
 [ 0  0  0  0  0 10]]
0.817
n_feature=5, score=0.933
[1, 1, 1, 0, 1, 0, 1, 0, 0, 0]
[[ 7  0  0  0  3  0]
 [ 0 10  0  0  0  0]
 [ 0  0 10  0  0  0]
 [ 0  1  0  9  0  0]
 [ 0  0  0  0 10  0]
 [ 0  0  0  0  0 10]]
0.933
n_feature=7, score=0.867
[1, 1, 1, 0, 1, 0, 1, 0, 1, 1]
[[ 5  0  0  0  4  1]
 [ 0 10  0  0  0  0]
 [ 0  0  8  0  0  2]
 [ 0  1  0  9  0  0]
 [ 0  0  0  0 10  0]
 [ 0  0  0  0  0 10]]
0.867
n_feature=7, score=0.867
[1, 1, 1, 0, 1, 0, 1, 0, 1, 1]
[[ 5  0  0  0  4  1]
 [ 0 10  0  0  0  0]
 [ 0  0  8  0  0  2]
 [ 0  1  0  9  0  0]
 [ 0  0  0  0 10  0]
 [ 0  0  0  0  0 10]]
0.867
n_feature=6, score=0.867
[1, 1, 1, 0, 1, 0, 1, 0, 0, 1]
[[ 5  0  0  0  4  1]
 [ 0 10  0  0  0  0]
 [ 0  0  8  0  0  2]
 [ 0  1  0  9  0  0]
 [ 0  0  0  0 10  0]
 [ 0  0  0  0  0 10]]
0.867
n_feature=7, score=0.9
[1, 1, 1, 1, 1, 0, 0, 0, 1, 1]
[[ 6  0  0  0  3  1]
 [ 0 10  0  0  0  0]
 [ 0  0  9  0  0  1]
 [ 0  1  0  9  0  0]
 [ 0  0  0  0 10  0]
 [ 0  0  0  0  0 10]]
0.9
n_feature=7, score=0.867
[1, 1, 1, 0, 1, 0, 1, 0, 1, 1]
[[ 5  0  0  0  4  1]
 [ 0 10  0  0  0  0]
 [ 0  0  8  0  0  2]
 [ 0  1  0  9  0  0]
 [ 0  0  0  0 10  0]
 [ 0  0  0  0  0 10]]
0.867
n_feature=7, score=0.867
[1, 1, 1, 0, 1, 0, 1, 0, 1, 1]
[[ 5  0  0  0  4  1]
 [ 0 10  0  0  0  0]
 [ 0  0  8  0  0  2]
 [ 0  1  0  9  0  0]
 [ 0  0  0  0 10  0]
 [ 0  0  0  0  0 10]]
0.867
n_feature=7, score=0.9
[1, 1, 1, 1, 1, 0, 0, 0, 1, 1]
[[ 6  0  0  0  3  1]
 [ 0 10  0  0  0  0]
 [ 0  0  9  0  0  1]
 [ 0  1  0  9  0  0]
 [ 0  0  0  0 10  0]
 [ 0  0  0  0  0 10]]
0.9
n_feature=6, score=0.817
[0, 1, 1, 0, 1, 0, 1, 0, 1, 1]
[[ 6  0  0  0  4  0]
 [ 0 10  0  0  0  0]
 [ 0  0  8  0  0  2]
 [ 0  1  0  9  0  0]
 [ 0  0  0  4  6  0]
 [ 0  0  0  0  0 10]]
0.817
n_feature=7, score=0.867
[1, 1, 1, 0, 1, 0, 1, 0, 1, 1]
[[ 5  0  0  0  4  1]
 [ 0 10  0  0  0  0]
 [ 0  0  8  0  0  2]
 [ 0  1  0  9  0  0]
 [ 0  0  0  0 10  0]
 [ 0  0  0  0  0 10]]
0.867
n_feature=7, score=0.867
[1, 1, 1, 0, 1, 0, 1, 0, 1, 1]
[[ 5  0  0  0  4  1]
 [ 0 10  0  0  0  0]
 [ 0  0  8  0  0  2]
 [ 0  1  0  9  0  0]
 [ 0  0  0  0 10  0]
 [ 0  0  0  0  0 10]]
0.867
n_feature=7, score=0.867
[1, 1, 1, 0, 1, 0, 1, 0, 1, 1]
[[ 5  0  0  0  4  1]
 [ 0 10  0  0  0  0]
 [ 0  0  8  0  0  2]
 [ 0  1  0  9  0  0]
 [ 0  0  0  0 10  0]
 [ 0  0  0  0  0 10]]
0.867
n_feature=7, score=0.867
[1, 1, 1, 0, 1, 0, 1, 0, 1, 1]
[[ 5  0  0  0  4  1]
 [ 0 10  0  0  0  0]
 [ 0  0  8  0  0  2]
 [ 0  1  0  9  0  0]
 [ 0  0  0  0 10  0]
 [ 0  0  0  0  0 10]]
0.867
n_feature=8, score=0.867
[1, 1, 1, 1, 1, 0, 1, 0, 1, 1]
[[ 5  0  0  0  4  1]
 [ 0 10  0  0  0  0]
 [ 0  0  8  0  0  2]
 [ 0  1  0  9  0  0]
 [ 0  0  0  0 10  0]
 [ 0  0  0  0  0 10]]
0.867
n_feature=6, score=0.883
[1, 1, 1, 0, 1, 0, 0, 0, 1, 1]
[[ 6  0  0  0  3  1]
 [ 0 10  0  0  0  0]
 [ 0  0  8  0  0  2]
 [ 0  1  0  9  0  0]
 [ 0  0  0  0 10  0]
 [ 0  0  0  0  0 10]]
0.883
n_feature=7, score=0.867
[1, 1, 1, 0, 1, 0, 1, 0, 1, 1]
[[ 5  0  0  0  4  1]
 [ 0 10  0  0  0  0]
 [ 0  0  8  0  0  2]
 [ 0  1  0  9  0  0]
 [ 0  0  0  0 10  0]
 [ 0  0  0  0  0 10]]
0.867
n_feature=7, score=0.9
[1, 1, 1, 1, 1, 0, 0, 0, 1, 1]
[[ 6  0  0  0  3  1]
 [ 0 10  0  0  0  0]
 [ 0  0  9  0  0  1]
 [ 0  1  0  9  0  0]
 [ 0  0  0  0 10  0]
 [ 0  0  0  0  0 10]]
0.9
n_feature=7, score=0.9
[1, 1, 1, 1, 1, 0, 0, 0, 1, 1]
[[ 6  0  0  0  3  1]
 [ 0 10  0  0  0  0]
 [ 0  0  9  0  0  1]
 [ 0  1  0  9  0  0]
 [ 0  0  0  0 10  0]
 [ 0  0  0  0  0 10]]
0.9
n_feature=6, score=0.867
[1, 1, 1, 0, 1, 0, 1, 0, 0, 1]
[[ 5  0  0  0  4  1]
 [ 0 10  0  0  0  0]
 [ 0  0  8  0  0  2]
 [ 0  1  0  9  0  0]
 [ 0  0  0  0 10  0]
 [ 0  0  0  0  0 10]]
0.867
n_feature=7, score=0.867
[1, 1, 1, 0, 1, 0, 1, 0, 1, 1]
[[ 5  0  0  0  4  1]
 [ 0 10  0  0  0  0]
 [ 0  0  8  0  0  2]
 [ 0  1  0  9  0  0]
 [ 0  0  0  0 10  0]
 [ 0  0  0  0  0 10]]
0.867
n_feature=7, score=0.9
[1, 1, 1, 1, 1, 0, 0, 0, 1, 1]
[[ 6  0  0  0  3  1]
 [ 0 10  0  0  0  0]
 [ 0  0  9  0  0  1]
 [ 0  1  0  9  0  0]
 [ 0  0  0  0 10  0]
 [ 0  0  0  0  0 10]]
0.9
n_feature=8, score=0.85
[1, 1, 1, 0, 1, 0, 1, 1, 1, 1]
[[ 6  0  0  0  4  0]
 [ 0 10  0  0  0  0]
 [ 2  0  6  0  0  2]
 [ 0  1  0  9  0  0]
 [ 0  0  0  0 10  0]
 [ 0  0  0  0  0 10]]
0.85
n_feature=7, score=0.9
[1, 1, 1, 1, 1, 0, 0, 0, 1, 1]
[[ 6  0  0  0  3  1]
 [ 0 10  0  0  0  0]
 [ 0  0  9  0  0  1]
 [ 0  1  0  9  0  0]
 [ 0  0  0  0 10  0]
 [ 0  0  0  0  0 10]]
0.9
n_feature=7, score=0.9
[1, 1, 1, 1, 1, 0, 0, 0, 1, 1]
[[ 6  0  0  0  3  1]
 [ 0 10  0  0  0  0]
 [ 0  0  9  0  0  1]
 [ 0  1  0  9  0  0]
 [ 0  0  0  0 10  0]
 [ 0  0  0  0  0 10]]
0.9
n_feature=7, score=0.9
[1, 1, 1, 1, 1, 0, 0, 0, 1, 1]
[[ 6  0  0  0  3  1]
 [ 0 10  0  0  0  0]
 [ 0  0  9  0  0  1]
 [ 0  1  0  9  0  0]
 [ 0  0  0  0 10  0]
 [ 0  0  0  0  0 10]]
0.9
n_feature=7, score=0.867
[1, 1, 1, 0, 1, 0, 1, 0, 1, 1]
[[ 5  0  0  0  4  1]
 [ 0 10  0  0  0  0]
 [ 0  0  8  0  0  2]
 [ 0  1  0  9  0  0]
 [ 0  0  0  0 10  0]
 [ 0  0  0  0  0 10]]
0.867
n_feature=7, score=0.9
[1, 1, 1, 1, 1, 0, 0, 0, 1, 1]
[[ 6  0  0  0  3  1]
 [ 0 10  0  0  0  0]
 [ 0  0  9  0  0  1]
 [ 0  1  0  9  0  0]
 [ 0  0  0  0 10  0]
 [ 0  0  0  0  0 10]]
0.9
n_feature=6, score=0.917
[1, 1, 1, 1, 1, 0, 0, 0, 0, 1]
[[ 7  0  0  0  3  0]
 [ 0 10  0  0  0  0]
 [ 0  0  9  0  0  1]
 [ 0  1  0  9  0  0]
 [ 0  0  0  0 10  0]
 [ 0  0  0  0  0 10]]
0.917
n_feature=7, score=0.9
[1, 1, 1, 1, 1, 0, 0, 0, 1, 1]
[[ 6  0  0  0  3  1]
 [ 0 10  0  0  0  0]
 [ 0  0  9  0  0  1]
 [ 0  1  0  9  0  0]
 [ 0  0  0  0 10  0]
 [ 0  0  0  0  0 10]]
0.9
n_feature=8, score=0.867
[1, 1, 1, 1, 1, 0, 1, 0, 1, 1]
[[ 5  0  0  0  4  1]
 [ 0 10  0  0  0  0]
 [ 0  0  8  0  0  2]
 [ 0  1  0  9  0  0]
 [ 0  0  0  0 10  0]
 [ 0  0  0  0  0 10]]
0.867
n_feature=6, score=0.883
[1, 1, 1, 0, 1, 0, 0, 0, 1, 1]
[[ 6  0  0  0  3  1]
 [ 0 10  0  0  0  0]
 [ 0  0  8  0  0  2]
 [ 0  1  0  9  0  0]
 [ 0  0  0  0 10  0]
 [ 0  0  0  0  0 10]]
0.883
n_feature=7, score=0.9
[1, 1, 1, 1, 1, 0, 0, 0, 1, 1]
[[ 6  0  0  0  3  1]
 [ 0 10  0  0  0  0]
 [ 0  0  9  0  0  1]
 [ 0  1  0  9  0  0]
 [ 0  0  0  0 10  0]
 [ 0  0  0  0  0 10]]
0.9
n_feature=7, score=0.9
[1, 1, 1, 1, 1, 0, 0, 0, 1, 1]
[[ 6  0  0  0  3  1]
 [ 0 10  0  0  0  0]
 [ 0  0  9  0  0  1]
 [ 0  1  0  9  0  0]
 [ 0  0  0  0 10  0]
 [ 0  0  0  0  0 10]]
0.9
n_feature=7, score=0.9
[1, 1, 1, 1, 1, 0, 0, 0, 1, 1]
[[ 6  0  0  0  3  1]
 [ 0 10  0  0  0  0]
 [ 0  0  9  0  0  1]
 [ 0  1  0  9  0  0]
 [ 0  0  0  0 10  0]
 [ 0  0  0  0  0 10]]
0.9
n_feature=7, score=0.9
[1, 1, 1, 1, 1, 0, 0, 0, 1, 1]
[[ 6  0  0  0  3  1]
 [ 0 10  0  0  0  0]
 [ 0  0  9  0  0  1]
 [ 0  1  0  9  0  0]
 [ 0  0  0  0 10  0]
 [ 0  0  0  0  0 10]]
0.9
n_feature=7, score=0.867
[1, 1, 1, 0, 1, 0, 1, 0, 1, 1]
[[ 5  0  0  0  4  1]
 [ 0 10  0  0  0  0]
 [ 0  0  8  0  0  2]
 [ 0  1  0  9  0  0]
 [ 0  0  0  0 10  0]
 [ 0  0  0  0  0 10]]
0.867
n_feature=7, score=0.9
[1, 1, 1, 1, 1, 0, 0, 0, 1, 1]
[[ 6  0  0  0  3  1]
 [ 0 10  0  0  0  0]
 [ 0  0  9  0  0  1]
 [ 0  1  0  9  0  0]
 [ 0  0  0  0 10  0]
 [ 0  0  0  0  0 10]]
0.9
n_feature=7, score=0.9
[1, 1, 1, 1, 1, 0, 0, 0, 1, 1]
[[ 6  0  0  0  3  1]
 [ 0 10  0  0  0  0]
 [ 0  0  9  0  0  1]
 [ 0  1  0  9  0  0]
 [ 0  0  0  0 10  0]
 [ 0  0  0  0  0 10]]
0.9
n_feature=7, score=0.9
[1, 1, 1, 1, 1, 0, 0, 0, 1, 1]
[[ 6  0  0  0  3  1]
 [ 0 10  0  0  0  0]
 [ 0  0  9  0  0  1]
 [ 0  1  0  9  0  0]
 [ 0  0  0  0 10  0]
 [ 0  0  0  0  0 10]]
0.9
n_feature=7, score=0.9
[1, 1, 1, 1, 1, 0, 0, 0, 1, 1]
[[ 6  0  0  0  3  1]
 [ 0 10  0  0  0  0]
 [ 0  0  9  0  0  1]
 [ 0  1  0  9  0  0]
 [ 0  0  0  0 10  0]
 [ 0  0  0  0  0 10]]
0.9
n_feature=7, score=0.9
[1, 1, 1, 1, 1, 0, 0, 0, 1, 1]
[[ 6  0  0  0  3  1]
 [ 0 10  0  0  0  0]
 [ 0  0  9  0  0  1]
 [ 0  1  0  9  0  0]
 [ 0  0  0  0 10  0]
 [ 0  0  0  0  0 10]]
0.9
n_feature=7, score=0.9
[1, 1, 1, 1, 1, 0, 0, 0, 1, 1]
[[ 6  0  0  0  3  1]
 [ 0 10  0  0  0  0]
 [ 0  0  9  0  0  1]
 [ 0  1  0  9  0  0]
 [ 0  0  0  0 10  0]
 [ 0  0  0  0  0 10]]
0.9
n_feature=6, score=0.917
[1, 1, 1, 1, 1, 0, 0, 0, 0, 1]
[[ 7  0  0  0  3  0]
 [ 0 10  0  0  0  0]
 [ 0  0  9  0  0  1]
 [ 0  1  0  9  0  0]
 [ 0  0  0  0 10  0]
 [ 0  0  0  0  0 10]]
0.917
n_feature=6, score=0.883
[1, 1, 1, 0, 1, 0, 0, 0, 1, 1]
[[ 6  0  0  0  3  1]
 [ 0 10  0  0  0  0]
 [ 0  0  8  0  0  2]
 [ 0  1  0  9  0  0]
 [ 0  0  0  0 10  0]
 [ 0  0  0  0  0 10]]
0.883
n_feature=7, score=0.9
[1, 1, 1, 1, 1, 0, 0, 0, 1, 1]
[[ 6  0  0  0  3  1]
 [ 0 10  0  0  0  0]
 [ 0  0  9  0  0  1]
 [ 0  1  0  9  0  0]
 [ 0  0  0  0 10  0]
 [ 0  0  0  0  0 10]]
0.9
n_feature=7, score=0.9
[1, 1, 1, 1, 1, 0, 0, 0, 1, 1]
[[ 6  0  0  0  3  1]
 [ 0 10  0  0  0  0]
 [ 0  0  9  0  0  1]
 [ 0  1  0  9  0  0]
 [ 0  0  0  0 10  0]
 [ 0  0  0  0  0 10]]
0.9
n_feature=6, score=0.917
[1, 1, 1, 1, 1, 0, 0, 0, 0, 1]
[[ 7  0  0  0  3  0]
 [ 0 10  0  0  0  0]
 [ 0  0  9  0  0  1]
 [ 0  1  0  9  0  0]
 [ 0  0  0  0 10  0]
 [ 0  0  0  0  0 10]]
0.917
n_feature=6, score=0.867
[1, 1, 1, 1, 0, 0, 0, 0, 1, 1]
[[ 3  0  0  0  4  3]
 [ 0 10  0  0  0  0]
 [ 0  0  9  0  0  1]
 [ 0  0  0 10  0  0]
 [ 0  0  0  0 10  0]
 [ 0  0  0  0  0 10]]
0.867
n_feature=7, score=0.9
[1, 1, 1, 1, 1, 0, 0, 0, 1, 1]
[[ 6  0  0  0  3  1]
 [ 0 10  0  0  0  0]
 [ 0  0  9  0  0  1]
 [ 0  1  0  9  0  0]
 [ 0  0  0  0 10  0]
 [ 0  0  0  0  0 10]]
0.9
n_feature=6, score=0.917
[1, 1, 1, 1, 1, 0, 0, 0, 0, 1]
[[ 7  0  0  0  3  0]
 [ 0 10  0  0  0  0]
 [ 0  0  9  0  0  1]
 [ 0  1  0  9  0  0]
 [ 0  0  0  0 10  0]
 [ 0  0  0  0  0 10]]
0.917
n_feature=7, score=0.9
[1, 1, 1, 1, 1, 0, 0, 0, 1, 1]
[[ 6  0  0  0  3  1]
 [ 0 10  0  0  0  0]
 [ 0  0  9  0  0  1]
 [ 0  1  0  9  0  0]
 [ 0  0  0  0 10  0]
 [ 0  0  0  0  0 10]]
0.9
n_feature=7, score=0.9
[1, 1, 1, 1, 1, 0, 0, 0, 1, 1]
[[ 6  0  0  0  3  1]
 [ 0 10  0  0  0  0]
 [ 0  0  9  0  0  1]
 [ 0  1  0  9  0  0]
 [ 0  0  0  0 10  0]
 [ 0  0  0  0  0 10]]
0.9
n_feature=7, score=0.9
[1, 1, 1, 1, 1, 0, 0, 0, 1, 1]
[[ 6  0  0  0  3  1]
 [ 0 10  0  0  0  0]
 [ 0  0  9  0  0  1]
 [ 0  1  0  9  0  0]
 [ 0  0  0  0 10  0]
 [ 0  0  0  0  0 10]]
0.9
n_feature=7, score=0.9
[1, 1, 1, 1, 1, 0, 0, 0, 1, 1]
[[ 6  0  0  0  3  1]
 [ 0 10  0  0  0  0]
 [ 0  0  9  0  0  1]
 [ 0  1  0  9  0  0]
 [ 0  0  0  0 10  0]
 [ 0  0  0  0  0 10]]
0.9
n_feature=7, score=0.9
[1, 1, 1, 1, 1, 0, 0, 0, 1, 1]
[[ 6  0  0  0  3  1]
 [ 0 10  0  0  0  0]
 [ 0  0  9  0  0  1]
 [ 0  1  0  9  0  0]
 [ 0  0  0  0 10  0]
 [ 0  0  0  0  0 10]]
0.9
n_feature=7, score=0.9
[1, 1, 1, 1, 1, 0, 0, 0, 1, 1]
[[ 6  0  0  0  3  1]
 [ 0 10  0  0  0  0]
 [ 0  0  9  0  0  1]
 [ 0  1  0  9  0  0]
 [ 0  0  0  0 10  0]
 [ 0  0  0  0  0 10]]
0.9
n_feature=7, score=0.883
[1, 1, 1, 1, 1, 0, 1, 0, 0, 1]
[[ 5  0  0  0  4  1]
 [ 0 10  0  0  0  0]
 [ 0  0  9  0  0  1]
 [ 0  1  0  9  0  0]
 [ 0  0  0  0 10  0]
 [ 0  0  0  0  0 10]]
0.883
n_feature=7, score=0.9
[1, 1, 1, 1, 1, 0, 0, 0, 1, 1]
[[ 6  0  0  0  3  1]
 [ 0 10  0  0  0  0]
 [ 0  0  9  0  0  1]
 [ 0  1  0  9  0  0]
 [ 0  0  0  0 10  0]
 [ 0  0  0  0  0 10]]
0.9
n_feature=6, score=0.917
[1, 1, 1, 1, 1, 0, 0, 0, 0, 1]
[[ 7  0  0  0  3  0]
 [ 0 10  0  0  0  0]
 [ 0  0  9  0  0  1]
 [ 0  1  0  9  0  0]
 [ 0  0  0  0 10  0]
 [ 0  0  0  0  0 10]]
0.917
n_feature=7, score=0.9
[1, 1, 1, 1, 1, 0, 0, 0, 1, 1]
[[ 6  0  0  0  3  1]
 [ 0 10  0  0  0  0]
 [ 0  0  9  0  0  1]
 [ 0  1  0  9  0  0]
 [ 0  0  0  0 10  0]
 [ 0  0  0  0  0 10]]
0.9
n_feature=7, score=0.9
[1, 1, 1, 1, 1, 0, 0, 0, 1, 1]
[[ 6  0  0  0  3  1]
 [ 0 10  0  0  0  0]
 [ 0  0  9  0  0  1]
 [ 0  1  0  9  0  0]
 [ 0  0  0  0 10  0]
 [ 0  0  0  0  0 10]]
0.9
n_feature=6, score=0.883
[1, 1, 1, 0, 1, 0, 0, 0, 1, 1]
[[ 6  0  0  0  3  1]
 [ 0 10  0  0  0  0]
 [ 0  0  8  0  0  2]
 [ 0  1  0  9  0  0]
 [ 0  0  0  0 10  0]
 [ 0  0  0  0  0 10]]
0.883
n_feature=6, score=0.917
[1, 1, 1, 1, 1, 0, 0, 0, 0, 1]
[[ 7  0  0  0  3  0]
 [ 0 10  0  0  0  0]
 [ 0  0  9  0  0  1]
 [ 0  1  0  9  0  0]
 [ 0  0  0  0 10  0]
 [ 0  0  0  0  0 10]]
0.917
n_feature=7, score=0.9
[1, 1, 1, 1, 1, 0, 0, 0, 1, 1]
[[ 6  0  0  0  3  1]
 [ 0 10  0  0  0  0]
 [ 0  0  9  0  0  1]
 [ 0  1  0  9  0  0]
 [ 0  0  0  0 10  0]
 [ 0  0  0  0  0 10]]
0.9
n_feature=7, score=0.9
[1, 1, 1, 1, 1, 0, 0, 0, 1, 1]
[[ 6  0  0  0  3  1]
 [ 0 10  0  0  0  0]
 [ 0  0  9  0  0  1]
 [ 0  1  0  9  0  0]
 [ 0  0  0  0 10  0]
 [ 0  0  0  0  0 10]]
0.9
n_feature=6, score=0.917
[1, 1, 1, 1, 1, 0, 0, 0, 0, 1]
[[ 7  0  0  0  3  0]
 [ 0 10  0  0  0  0]
 [ 0  0  9  0  0  1]
 [ 0  1  0  9  0  0]
 [ 0  0  0  0 10  0]
 [ 0  0  0  0  0 10]]
0.917
n_feature=7, score=0.9
[1, 1, 1, 1, 1, 0, 0, 0, 1, 1]
[[ 6  0  0  0  3  1]
 [ 0 10  0  0  0  0]
 [ 0  0  9  0  0  1]
 [ 0  1  0  9  0  0]
 [ 0  0  0  0 10  0]
 [ 0  0  0  0  0 10]]
0.9
n_feature=5, score=0.9
[1, 1, 1, 1, 0, 0, 0, 0, 0, 1]
[[ 5  0  0  0  4  1]
 [ 0 10  0  0  0  0]
 [ 0  0 10  0  0  0]
 [ 0  1  0  9  0  0]
 [ 0  0  0  0 10  0]
 [ 0  0  0  0  0 10]]
0.9
n_feature=6, score=0.917
[1, 1, 1, 1, 1, 0, 0, 0, 0, 1]
[[ 7  0  0  0  3  0]
 [ 0 10  0  0  0  0]
 [ 0  0  9  0  0  1]
 [ 0  1  0  9  0  0]
 [ 0  0  0  0 10  0]
 [ 0  0  0  0  0 10]]
0.917
n_feature=6, score=0.917
[1, 1, 1, 1, 1, 0, 0, 0, 0, 1]
[[ 7  0  0  0  3  0]
 [ 0 10  0  0  0  0]
 [ 0  0  9  0  0  1]
 [ 0  1  0  9  0  0]
 [ 0  0  0  0 10  0]
 [ 0  0  0  0  0 10]]
0.917
n_feature=5, score=0.883
[1, 0, 1, 1, 1, 0, 0, 0, 0, 1]
[[ 7  0  0  0  3  0]
 [ 0 10  0  0  0  0]
 [ 0  0  7  0  0  3]
 [ 1  0  0  9  0  0]
 [ 0  0  0  0 10  0]
 [ 0  0  0  0  0 10]]
0.883
n_feature=5, score=0.867
[0, 1, 1, 1, 1, 0, 0, 0, 0, 1]
[[ 7  0  0  0  3  0]
 [ 0 10  0  0  0  0]
 [ 0  0 10  0  0  0]
 [ 1  0  0  9  0  0]
 [ 0  0  0  4  6  0]
 [ 0  0  0  0  0 10]]
0.867
n_feature=6, score=0.917
[1, 1, 1, 1, 1, 0, 0, 0, 0, 1]
[[ 7  0  0  0  3  0]
 [ 0 10  0  0  0  0]
 [ 0  0  9  0  0  1]
 [ 0  1  0  9  0  0]
 [ 0  0  0  0 10  0]
 [ 0  0  0  0  0 10]]
0.917
n_feature=6, score=0.917
[1, 1, 1, 1, 1, 0, 0, 0, 0, 1]
[[ 7  0  0  0  3  0]
 [ 0 10  0  0  0  0]
 [ 0  0  9  0  0  1]
 [ 0  1  0  9  0  0]
 [ 0  0  0  0 10  0]
 [ 0  0  0  0  0 10]]
0.917
n_feature=6, score=0.917
[1, 1, 1, 1, 1, 0, 0, 0, 0, 1]
[[ 7  0  0  0  3  0]
 [ 0 10  0  0  0  0]
 [ 0  0  9  0  0  1]
 [ 0  1  0  9  0  0]
 [ 0  0  0  0 10  0]
 [ 0  0  0  0  0 10]]
0.917
n_feature=8, score=0.867
[1, 1, 1, 0, 1, 1, 0, 1, 1, 1]
[[ 6  0  0  0  4  0]
 [ 0 10  0  0  0  0]
 [ 0  0  7  0  0  3]
 [ 0  1  0  9  0  0]
 [ 0  0  0  0 10  0]
 [ 0  0  0  0  0 10]]
0.867
n_feature=6, score=0.917
[1, 1, 1, 1, 1, 0, 0, 0, 0, 1]
[[ 7  0  0  0  3  0]
 [ 0 10  0  0  0  0]
 [ 0  0  9  0  0  1]
 [ 0  1  0  9  0  0]
 [ 0  0  0  0 10  0]
 [ 0  0  0  0  0 10]]
0.917
n_feature=6, score=0.917
[1, 1, 1, 1, 1, 0, 0, 0, 0, 1]
[[ 7  0  0  0  3  0]
 [ 0 10  0  0  0  0]
 [ 0  0  9  0  0  1]
 [ 0  1  0  9  0  0]
 [ 0  0  0  0 10  0]
 [ 0  0  0  0  0 10]]
0.917
n_feature=6, score=0.917
[1, 1, 1, 1, 1, 0, 0, 0, 0, 1]
[[ 7  0  0  0  3  0]
 [ 0 10  0  0  0  0]
 [ 0  0  9  0  0  1]
 [ 0  1  0  9  0  0]
 [ 0  0  0  0 10  0]
 [ 0  0  0  0  0 10]]
0.917
n_feature=6, score=0.917
[1, 1, 1, 1, 1, 0, 0, 0, 0, 1]
[[ 7  0  0  0  3  0]
 [ 0 10  0  0  0  0]
 [ 0  0  9  0  0  1]
 [ 0  1  0  9  0  0]
 [ 0  0  0  0 10  0]
 [ 0  0  0  0  0 10]]
0.917
n_feature=6, score=0.917
[1, 1, 1, 1, 1, 0, 0, 0, 0, 1]
[[ 7  0  0  0  3  0]
 [ 0 10  0  0  0  0]
 [ 0  0  9  0  0  1]
 [ 0  1  0  9  0  0]
 [ 0  0  0  0 10  0]
 [ 0  0  0  0  0 10]]
0.917
n_feature=6, score=0.917
[1, 1, 1, 1, 1, 0, 0, 0, 0, 1]
[[ 7  0  0  0  3  0]
 [ 0 10  0  0  0  0]
 [ 0  0  9  0  0  1]
 [ 0  1  0  9  0  0]
 [ 0  0  0  0 10  0]
 [ 0  0  0  0  0 10]]
0.917
n_feature=6, score=0.917
[1, 1, 1, 1, 1, 0, 0, 0, 0, 1]
[[ 7  0  0  0  3  0]
 [ 0 10  0  0  0  0]
 [ 0  0  9  0  0  1]
 [ 0  1  0  9  0  0]
 [ 0  0  0  0 10  0]
 [ 0  0  0  0  0 10]]
0.917
n_feature=6, score=0.917
[1, 1, 1, 1, 1, 0, 0, 0, 0, 1]
[[ 7  0  0  0  3  0]
 [ 0 10  0  0  0  0]
 [ 0  0  9  0  0  1]
 [ 0  1  0  9  0  0]
 [ 0  0  0  0 10  0]
 [ 0  0  0  0  0 10]]
0.917
n_feature=5, score=0.933
[1, 1, 1, 0, 1, 0, 0, 0, 0, 1]
[[ 7  0  0  0  3  0]
 [ 0 10  0  0  0  0]
 [ 0  0 10  0  0  0]
 [ 0  1  0  9  0  0]
 [ 0  0  0  0 10  0]
 [ 0  0  0  0  0 10]]
0.933
n_feature=6, score=0.917
[1, 1, 1, 1, 1, 0, 0, 0, 0, 1]
[[ 7  0  0  0  3  0]
 [ 0 10  0  0  0  0]
 [ 0  0  9  0  0  1]
 [ 0  1  0  9  0  0]
 [ 0  0  0  0 10  0]
 [ 0  0  0  0  0 10]]
0.917
n_feature=6, score=0.9
[1, 1, 1, 1, 1, 0, 0, 1, 0, 0]
[[ 7  0  0  0  3  0]
 [ 0 10  0  0  0  0]
 [ 2  0  8  0  0  0]
 [ 0  1  0  9  0  0]
 [ 0  0  0  0 10  0]
 [ 0  0  0  0  0 10]]
0.9
n_feature=6, score=0.917
[1, 1, 1, 1, 1, 0, 0, 0, 0, 1]
[[ 7  0  0  0  3  0]
 [ 0 10  0  0  0  0]
 [ 0  0  9  0  0  1]
 [ 0  1  0  9  0  0]
 [ 0  0  0  0 10  0]
 [ 0  0  0  0  0 10]]
0.917
n_feature=6, score=0.917
[1, 1, 1, 1, 1, 0, 0, 0, 0, 1]
[[ 7  0  0  0  3  0]
 [ 0 10  0  0  0  0]
 [ 0  0  9  0  0  1]
 [ 0  1  0  9  0  0]
 [ 0  0  0  0 10  0]
 [ 0  0  0  0  0 10]]
0.917
n_feature=6, score=0.917
[1, 1, 1, 1, 1, 0, 0, 0, 0, 1]
[[ 7  0  0  0  3  0]
 [ 0 10  0  0  0  0]
 [ 0  0  9  0  0  1]
 [ 0  1  0  9  0  0]
 [ 0  0  0  0 10  0]
 [ 0  0  0  0  0 10]]
0.917
n_feature=6, score=0.917
[1, 1, 1, 1, 1, 0, 0, 0, 0, 1]
[[ 7  0  0  0  3  0]
 [ 0 10  0  0  0  0]
 [ 0  0  9  0  0  1]
 [ 0  1  0  9  0  0]
 [ 0  0  0  0 10  0]
 [ 0  0  0  0  0 10]]
0.917
n_feature=6, score=0.917
[1, 1, 1, 1, 1, 0, 0, 0, 0, 1]
[[ 7  0  0  0  3  0]
 [ 0 10  0  0  0  0]
 [ 0  0  9  0  0  1]
 [ 0  1  0  9  0  0]
 [ 0  0  0  0 10  0]
 [ 0  0  0  0  0 10]]
0.917
n_feature=7, score=0.883
[1, 1, 1, 1, 1, 0, 1, 0, 0, 1]
[[ 5  0  0  0  4  1]
 [ 0 10  0  0  0  0]
 [ 0  0  9  0  0  1]
 [ 0  1  0  9  0  0]
 [ 0  0  0  0 10  0]
 [ 0  0  0  0  0 10]]
0.883
n_feature=7, score=0.867
[1, 1, 1, 1, 1, 0, 0, 1, 0, 1]
[[ 7  0  0  0  3  0]
 [ 0 10  0  0  0  0]
 [ 2  0  6  0  0  2]
 [ 0  1  0  9  0  0]
 [ 0  0  0  0 10  0]
 [ 0  0  0  0  0 10]]
0.867
n_feature=6, score=0.917
[1, 1, 1, 1, 1, 0, 0, 0, 0, 1]
[[ 7  0  0  0  3  0]
 [ 0 10  0  0  0  0]
 [ 0  0  9  0  0  1]
 [ 0  1  0  9  0  0]
 [ 0  0  0  0 10  0]
 [ 0  0  0  0  0 10]]
0.917
n_feature=5, score=0.933
[1, 1, 1, 0, 1, 0, 0, 0, 0, 1]
[[ 7  0  0  0  3  0]
 [ 0 10  0  0  0  0]
 [ 0  0 10  0  0  0]
 [ 0  1  0  9  0  0]
 [ 0  0  0  0 10  0]
 [ 0  0  0  0  0 10]]
0.933
n_feature=6, score=0.917
[1, 1, 1, 1, 1, 0, 0, 0, 0, 1]
[[ 7  0  0  0  3  0]
 [ 0 10  0  0  0  0]
 [ 0  0  9  0  0  1]
 [ 0  1  0  9  0  0]
 [ 0  0  0  0 10  0]
 [ 0  0  0  0  0 10]]
0.917
n_feature=7, score=0.867
[1, 1, 1, 1, 1, 0, 0, 1, 0, 1]
[[ 7  0  0  0  3  0]
 [ 0 10  0  0  0  0]
 [ 2  0  6  0  0  2]
 [ 0  1  0  9  0  0]
 [ 0  0  0  0 10  0]
 [ 0  0  0  0  0 10]]
0.867
n_feature=6, score=0.917
[1, 1, 1, 1, 1, 0, 0, 0, 0, 1]
[[ 7  0  0  0  3  0]
 [ 0 10  0  0  0  0]
 [ 0  0  9  0  0  1]
 [ 0  1  0  9  0  0]
 [ 0  0  0  0 10  0]
 [ 0  0  0  0  0 10]]
0.917
n_feature=6, score=0.917
[1, 1, 1, 1, 1, 0, 0, 0, 0, 1]
[[ 7  0  0  0  3  0]
 [ 0 10  0  0  0  0]
 [ 0  0  9  0  0  1]
 [ 0  1  0  9  0  0]
 [ 0  0  0  0 10  0]
 [ 0  0  0  0  0 10]]
0.917
n_feature=5, score=0.933
[1, 1, 1, 0, 1, 0, 0, 0, 0, 1]
[[ 7  0  0  0  3  0]
 [ 0 10  0  0  0  0]
 [ 0  0 10  0  0  0]
 [ 0  1  0  9  0  0]
 [ 0  0  0  0 10  0]
 [ 0  0  0  0  0 10]]
0.933
n_feature=6, score=0.867
[1, 1, 1, 0, 1, 0, 1, 0, 0, 1]
[[ 5  0  0  0  4  1]
 [ 0 10  0  0  0  0]
 [ 0  0  8  0  0  2]
 [ 0  1  0  9  0  0]
 [ 0  0  0  0 10  0]
 [ 0  0  0  0  0 10]]
0.867
n_feature=6, score=0.917
[1, 1, 1, 1, 1, 0, 0, 0, 0, 1]
[[ 7  0  0  0  3  0]
 [ 0 10  0  0  0  0]
 [ 0  0  9  0  0  1]
 [ 0  1  0  9  0  0]
 [ 0  0  0  0 10  0]
 [ 0  0  0  0  0 10]]
0.917
n_feature=5, score=0.817
[1, 0, 0, 1, 1, 0, 0, 0, 1, 1]
[[ 4  0  0  1  5  0]
 [ 0 10  0  0  0  0]
 [ 1  0  6  0  0  3]
 [ 1  0  0  9  0  0]
 [ 0  0  0  0 10  0]
 [ 0  0  0  0  0 10]]
0.817
n_feature=7, score=0.783
[1, 1, 1, 1, 1, 1, 0, 0, 0, 1]
[[ 1  0  0  1  4  4]
 [ 0 10  0  0  0  0]
 [ 0  0  7  0  0  3]
 [ 0  1  0  9  0  0]
 [ 0  0  0  0 10  0]
 [ 0  0  0  0  0 10]]
0.783
n_feature=5, score=0.933
[1, 1, 1, 0, 1, 0, 0, 0, 0, 1]
[[ 7  0  0  0  3  0]
 [ 0 10  0  0  0  0]
 [ 0  0 10  0  0  0]
 [ 0  1  0  9  0  0]
 [ 0  0  0  0 10  0]
 [ 0  0  0  0  0 10]]
0.933
n_feature=6, score=0.917
[1, 1, 1, 1, 1, 0, 0, 0, 0, 1]
[[ 7  0  0  0  3  0]
 [ 0 10  0  0  0  0]
 [ 0  0  9  0  0  1]
 [ 0  1  0  9  0  0]
 [ 0  0  0  0 10  0]
 [ 0  0  0  0  0 10]]
0.917
n_feature=6, score=0.917
[1, 1, 1, 1, 1, 0, 0, 0, 0, 1]
[[ 7  0  0  0  3  0]
 [ 0 10  0  0  0  0]
 [ 0  0  9  0  0  1]
 [ 0  1  0  9  0  0]
 [ 0  0  0  0 10  0]
 [ 0  0  0  0  0 10]]
0.917
n_feature=5, score=0.883
[1, 0, 1, 1, 1, 0, 0, 0, 0, 1]
[[ 7  0  0  0  3  0]
 [ 0 10  0  0  0  0]
 [ 0  0  7  0  0  3]
 [ 1  0  0  9  0  0]
 [ 0  0  0  0 10  0]
 [ 0  0  0  0  0 10]]
0.883
n_feature=5, score=0.933
[1, 1, 1, 0, 1, 0, 0, 0, 0, 1]
[[ 7  0  0  0  3  0]
 [ 0 10  0  0  0  0]
 [ 0  0 10  0  0  0]
 [ 0  1  0  9  0  0]
 [ 0  0  0  0 10  0]
 [ 0  0  0  0  0 10]]
0.933
n_feature=6, score=0.917
[1, 1, 1, 1, 1, 0, 0, 0, 0, 1]
[[ 7  0  0  0  3  0]
 [ 0 10  0  0  0  0]
 [ 0  0  9  0  0  1]
 [ 0  1  0  9  0  0]
 [ 0  0  0  0 10  0]
 [ 0  0  0  0  0 10]]
0.917
n_feature=6, score=0.833
[1, 1, 0, 1, 1, 0, 0, 0, 1, 1]
[[ 3  0  0  1  5  1]
 [ 0 10  0  0  0  0]
 [ 0  1  8  0  0  1]
 [ 0  1  0  9  0  0]
 [ 0  0  0  0 10  0]
 [ 0  0  0  0  0 10]]
0.833
n_feature=5, score=0.933
[1, 1, 1, 0, 1, 0, 0, 0, 0, 1]
[[ 7  0  0  0  3  0]
 [ 0 10  0  0  0  0]
 [ 0  0 10  0  0  0]
 [ 0  1  0  9  0  0]
 [ 0  0  0  0 10  0]
 [ 0  0  0  0  0 10]]
0.933
n_feature=6, score=0.917
[1, 1, 1, 1, 1, 0, 0, 0, 0, 1]
[[ 7  0  0  0  3  0]
 [ 0 10  0  0  0  0]
 [ 0  0  9  0  0  1]
 [ 0  1  0  9  0  0]
 [ 0  0  0  0 10  0]
 [ 0  0  0  0  0 10]]
0.917
n_feature=5, score=0.933
[1, 1, 1, 0, 1, 0, 0, 0, 0, 1]
[[ 7  0  0  0  3  0]
 [ 0 10  0  0  0  0]
 [ 0  0 10  0  0  0]
 [ 0  1  0  9  0  0]
 [ 0  0  0  0 10  0]
 [ 0  0  0  0  0 10]]
0.933
n_feature=6, score=0.917
[1, 1, 1, 1, 1, 0, 0, 0, 0, 1]
[[ 7  0  0  0  3  0]
 [ 0 10  0  0  0  0]
 [ 0  0  9  0  0  1]
 [ 0  1  0  9  0  0]
 [ 0  0  0  0 10  0]
 [ 0  0  0  0  0 10]]
0.917
n_feature=6, score=0.917
[1, 1, 1, 1, 1, 0, 0, 0, 0, 1]
[[ 7  0  0  0  3  0]
 [ 0 10  0  0  0  0]
 [ 0  0  9  0  0  1]
 [ 0  1  0  9  0  0]
 [ 0  0  0  0 10  0]
 [ 0  0  0  0  0 10]]
0.917
n_feature=6, score=0.917
[1, 1, 1, 1, 1, 0, 0, 0, 0, 1]
[[ 7  0  0  0  3  0]
 [ 0 10  0  0  0  0]
 [ 0  0  9  0  0  1]
 [ 0  1  0  9  0  0]
 [ 0  0  0  0 10  0]
 [ 0  0  0  0  0 10]]
0.917
n_feature=6, score=0.917
[1, 1, 1, 1, 1, 0, 0, 0, 0, 1]
[[ 7  0  0  0  3  0]
 [ 0 10  0  0  0  0]
 [ 0  0  9  0  0  1]
 [ 0  1  0  9  0  0]
 [ 0  0  0  0 10  0]
 [ 0  0  0  0  0 10]]
0.917
n_feature=6, score=0.917
[1, 1, 1, 1, 1, 0, 0, 0, 0, 1]
[[ 7  0  0  0  3  0]
 [ 0 10  0  0  0  0]
 [ 0  0  9  0  0  1]
 [ 0  1  0  9  0  0]
 [ 0  0  0  0 10  0]
 [ 0  0  0  0  0 10]]
0.917
n_feature=5, score=0.933
[1, 1, 1, 0, 1, 0, 0, 0, 0, 1]
[[ 7  0  0  0  3  0]
 [ 0 10  0  0  0  0]
 [ 0  0 10  0  0  0]
 [ 0  1  0  9  0  0]
 [ 0  0  0  0 10  0]
 [ 0  0  0  0  0 10]]
0.933
n_feature=4, score=0.883
[1, 0, 1, 0, 1, 0, 0, 0, 0, 1]
[[ 7  0  0  0  3  0]
 [ 0 10  0  0  0  0]
 [ 0  0  7  0  0  3]
 [ 0  1  0  9  0  0]
 [ 0  0  0  0 10  0]
 [ 0  0  0  0  0 10]]
0.883
n_feature=6, score=0.917
[1, 1, 1, 1, 1, 0, 0, 0, 0, 1]
[[ 7  0  0  0  3  0]
 [ 0 10  0  0  0  0]
 [ 0  0  9  0  0  1]
 [ 0  1  0  9  0  0]
 [ 0  0  0  0 10  0]
 [ 0  0  0  0  0 10]]
0.917
n_feature=5, score=0.933
[1, 1, 1, 0, 1, 0, 0, 0, 0, 1]
[[ 7  0  0  0  3  0]
 [ 0 10  0  0  0  0]
 [ 0  0 10  0  0  0]
 [ 0  1  0  9  0  0]
 [ 0  0  0  0 10  0]
 [ 0  0  0  0  0 10]]
0.933
n_feature=5, score=0.933
[1, 1, 1, 0, 1, 0, 0, 0, 0, 1]
[[ 7  0  0  0  3  0]
 [ 0 10  0  0  0  0]
 [ 0  0 10  0  0  0]
 [ 0  1  0  9  0  0]
 [ 0  0  0  0 10  0]
 [ 0  0  0  0  0 10]]
0.933
n_feature=5, score=0.933
[1, 1, 1, 0, 1, 0, 0, 0, 0, 1]
[[ 7  0  0  0  3  0]
 [ 0 10  0  0  0  0]
 [ 0  0 10  0  0  0]
 [ 0  1  0  9  0  0]
 [ 0  0  0  0 10  0]
 [ 0  0  0  0  0 10]]
0.933
n_feature=4, score=0.933
[1, 1, 1, 0, 1, 0, 0, 0, 0, 0]
[[ 7  0  0  0  3  0]
 [ 0 10  0  0  0  0]
 [ 0  0 10  0  0  0]
 [ 0  1  0  9  0  0]
 [ 0  0  0  0 10  0]
 [ 0  0  0  0  0 10]]
0.933
n_feature=4, score=0.883
[1, 1, 1, 0, 0, 0, 0, 0, 0, 1]
[[ 5  0  0  0  4  1]
 [ 0 10  0  0  0  0]
 [ 0  0 10  0  0  0]
 [ 0  2  0  8  0  0]
 [ 0  0  0  0 10  0]
 [ 0  0  0  0  0 10]]
0.883
n_feature=5, score=0.933
[1, 1, 1, 0, 1, 0, 0, 0, 0, 1]
[[ 7  0  0  0  3  0]
 [ 0 10  0  0  0  0]
 [ 0  0 10  0  0  0]
 [ 0  1  0  9  0  0]
 [ 0  0  0  0 10  0]
 [ 0  0  0  0  0 10]]
0.933
n_feature=5, score=0.933
[1, 1, 1, 0, 1, 0, 0, 0, 0, 1]
[[ 7  0  0  0  3  0]
 [ 0 10  0  0  0  0]
 [ 0  0 10  0  0  0]
 [ 0  1  0  9  0  0]
 [ 0  0  0  0 10  0]
 [ 0  0  0  0  0 10]]
0.933
n_feature=5, score=0.933
[1, 1, 1, 0, 1, 0, 0, 0, 0, 1]
[[ 7  0  0  0  3  0]
 [ 0 10  0  0  0  0]
 [ 0  0 10  0  0  0]
 [ 0  1  0  9  0  0]
 [ 0  0  0  0 10  0]
 [ 0  0  0  0  0 10]]
0.933
n_feature=6, score=0.917
[1, 1, 1, 1, 1, 0, 0, 0, 0, 1]
[[ 7  0  0  0  3  0]
 [ 0 10  0  0  0  0]
 [ 0  0  9  0  0  1]
 [ 0  1  0  9  0  0]
 [ 0  0  0  0 10  0]
 [ 0  0  0  0  0 10]]
0.917
n_feature=5, score=0.933
[1, 1, 1, 0, 1, 0, 0, 0, 0, 1]
[[ 7  0  0  0  3  0]
 [ 0 10  0  0  0  0]
 [ 0  0 10  0  0  0]
 [ 0  1  0  9  0  0]
 [ 0  0  0  0 10  0]
 [ 0  0  0  0  0 10]]
0.933
n_feature=5, score=0.933
[1, 1, 1, 0, 1, 0, 0, 0, 0, 1]
[[ 7  0  0  0  3  0]
 [ 0 10  0  0  0  0]
 [ 0  0 10  0  0  0]
 [ 0  1  0  9  0  0]
 [ 0  0  0  0 10  0]
 [ 0  0  0  0  0 10]]
0.933
n_feature=5, score=0.933
[1, 1, 1, 0, 1, 0, 0, 0, 0, 1]
[[ 7  0  0  0  3  0]
 [ 0 10  0  0  0  0]
 [ 0  0 10  0  0  0]
 [ 0  1  0  9  0  0]
 [ 0  0  0  0 10  0]
 [ 0  0  0  0  0 10]]
0.933
n_feature=5, score=0.833
[1, 1, 1, 0, 0, 0, 0, 0, 1, 1]
[[ 3  0  0  0  4  3]
 [ 0 10  0  0  0  0]
 [ 0  0  9  0  0  1]
 [ 0  2  0  8  0  0]
 [ 0  0  0  0 10  0]
 [ 0  0  0  0  0 10]]
0.833
n_feature=4, score=0.933
[1, 1, 1, 0, 1, 0, 0, 0, 0, 0]
[[ 7  0  0  0  3  0]
 [ 0 10  0  0  0  0]
 [ 0  0 10  0  0  0]
 [ 0  1  0  9  0  0]
 [ 0  0  0  0 10  0]
 [ 0  0  0  0  0 10]]
0.933
n_feature=5, score=0.933
[1, 1, 1, 0, 1, 0, 0, 0, 0, 1]
[[ 7  0  0  0  3  0]
 [ 0 10  0  0  0  0]
 [ 0  0 10  0  0  0]
 [ 0  1  0  9  0  0]
 [ 0  0  0  0 10  0]
 [ 0  0  0  0  0 10]]
0.933
n_feature=4, score=0.933
[1, 1, 1, 0, 1, 0, 0, 0, 0, 0]
[[ 7  0  0  0  3  0]
 [ 0 10  0  0  0  0]
 [ 0  0 10  0  0  0]
 [ 0  1  0  9  0  0]
 [ 0  0  0  0 10  0]
 [ 0  0  0  0  0 10]]
0.933
n_feature=4, score=0.933
[1, 1, 1, 0, 1, 0, 0, 0, 0, 0]
[[ 7  0  0  0  3  0]
 [ 0 10  0  0  0  0]
 [ 0  0 10  0  0  0]
 [ 0  1  0  9  0  0]
 [ 0  0  0  0 10  0]
 [ 0  0  0  0  0 10]]
0.933
n_feature=5, score=0.933
[1, 1, 1, 0, 1, 0, 0, 0, 0, 1]
[[ 7  0  0  0  3  0]
 [ 0 10  0  0  0  0]
 [ 0  0 10  0  0  0]
 [ 0  1  0  9  0  0]
 [ 0  0  0  0 10  0]
 [ 0  0  0  0  0 10]]
0.933
n_feature=5, score=0.933
[1, 1, 1, 0, 1, 0, 0, 0, 0, 1]
[[ 7  0  0  0  3  0]
 [ 0 10  0  0  0  0]
 [ 0  0 10  0  0  0]
 [ 0  1  0  9  0  0]
 [ 0  0  0  0 10  0]
 [ 0  0  0  0  0 10]]
0.933
n_feature=4, score=0.933
[1, 1, 1, 0, 1, 0, 0, 0, 0, 0]
[[ 7  0  0  0  3  0]
 [ 0 10  0  0  0  0]
 [ 0  0 10  0  0  0]
 [ 0  1  0  9  0  0]
 [ 0  0  0  0 10  0]
 [ 0  0  0  0  0 10]]
0.933
n_feature=4, score=0.933
[1, 1, 1, 0, 1, 0, 0, 0, 0, 0]
[[ 7  0  0  0  3  0]
 [ 0 10  0  0  0  0]
 [ 0  0 10  0  0  0]
 [ 0  1  0  9  0  0]
 [ 0  0  0  0 10  0]
 [ 0  0  0  0  0 10]]
0.933
n_feature=2, score=0.583
[0, 0, 1, 0, 1, 0, 0, 0, 0, 0]
[[ 6  1  0  3  0  0]
 [ 0 10  0  0  0  0]
 [ 0  0  0  0  0 10]
 [ 0  1  0  9  0  0]
 [ 0  0  0 10  0  0]
 [ 0  0  0  0  0 10]]
0.583
n_feature=4, score=0.933
[1, 1, 1, 0, 1, 0, 0, 0, 0, 0]
[[ 7  0  0  0  3  0]
 [ 0 10  0  0  0  0]
 [ 0  0 10  0  0  0]
 [ 0  1  0  9  0  0]
 [ 0  0  0  0 10  0]
 [ 0  0  0  0  0 10]]
0.933
n_feature=4, score=0.933
[1, 1, 1, 0, 1, 0, 0, 0, 0, 0]
[[ 7  0  0  0  3  0]
 [ 0 10  0  0  0  0]
 [ 0  0 10  0  0  0]
 [ 0  1  0  9  0  0]
 [ 0  0  0  0 10  0]
 [ 0  0  0  0  0 10]]
0.933
n_feature=5, score=0.933
[1, 1, 1, 0, 1, 0, 0, 0, 0, 1]
[[ 7  0  0  0  3  0]
 [ 0 10  0  0  0  0]
 [ 0  0 10  0  0  0]
 [ 0  1  0  9  0  0]
 [ 0  0  0  0 10  0]
 [ 0  0  0  0  0 10]]
0.933
n_feature=4, score=0.933
[1, 1, 1, 0, 1, 0, 0, 0, 0, 0]
[[ 7  0  0  0  3  0]
 [ 0 10  0  0  0  0]
 [ 0  0 10  0  0  0]
 [ 0  1  0  9  0  0]
 [ 0  0  0  0 10  0]
 [ 0  0  0  0  0 10]]
0.933
n_feature=4, score=0.933
[1, 1, 1, 0, 1, 0, 0, 0, 0, 0]
[[ 7  0  0  0  3  0]
 [ 0 10  0  0  0  0]
 [ 0  0 10  0  0  0]
 [ 0  1  0  9  0  0]
 [ 0  0  0  0 10  0]
 [ 0  0  0  0  0 10]]
0.933
n_feature=5, score=0.933
[1, 1, 1, 0, 1, 0, 0, 0, 0, 1]
[[ 7  0  0  0  3  0]
 [ 0 10  0  0  0  0]
 [ 0  0 10  0  0  0]
 [ 0  1  0  9  0  0]
 [ 0  0  0  0 10  0]
 [ 0  0  0  0  0 10]]
0.933
n_feature=5, score=0.933
[1, 1, 1, 0, 1, 0, 0, 0, 0, 1]
[[ 7  0  0  0  3  0]
 [ 0 10  0  0  0  0]
 [ 0  0 10  0  0  0]
 [ 0  1  0  9  0  0]
 [ 0  0  0  0 10  0]
 [ 0  0  0  0  0 10]]
0.933
n_feature=4, score=0.933
[1, 1, 1, 0, 1, 0, 0, 0, 0, 0]
[[ 7  0  0  0  3  0]
 [ 0 10  0  0  0  0]
 [ 0  0 10  0  0  0]
 [ 0  1  0  9  0  0]
 [ 0  0  0  0 10  0]
 [ 0  0  0  0  0 10]]
0.933
n_feature=4, score=0.933
[1, 1, 1, 0, 1, 0, 0, 0, 0, 0]
[[ 7  0  0  0  3  0]
 [ 0 10  0  0  0  0]
 [ 0  0 10  0  0  0]
 [ 0  1  0  9  0  0]
 [ 0  0  0  0 10  0]
 [ 0  0  0  0  0 10]]
0.933
n_feature=4, score=0.933
[1, 1, 1, 0, 1, 0, 0, 0, 0, 0]
[[ 7  0  0  0  3  0]
 [ 0 10  0  0  0  0]
 [ 0  0 10  0  0  0]
 [ 0  1  0  9  0  0]
 [ 0  0  0  0 10  0]
 [ 0  0  0  0  0 10]]
0.933
n_feature=4, score=0.933
[1, 1, 1, 0, 1, 0, 0, 0, 0, 0]
[[ 7  0  0  0  3  0]
 [ 0 10  0  0  0  0]
 [ 0  0 10  0  0  0]
 [ 0  1  0  9  0  0]
 [ 0  0  0  0 10  0]
 [ 0  0  0  0  0 10]]
0.933
n_feature=5, score=0.817
[1, 1, 1, 0, 1, 1, 0, 0, 0, 0]
[[ 0  1  0  4  4  1]
 [ 0 10  0  0  0  0]
 [ 0  0 10  0  0  0]
 [ 0  1  0  9  0  0]
 [ 0  0  0  0 10  0]
 [ 0  0  0  0  0 10]]
0.817
n_feature=4, score=0.933
[1, 1, 1, 0, 1, 0, 0, 0, 0, 0]
[[ 7  0  0  0  3  0]
 [ 0 10  0  0  0  0]
 [ 0  0 10  0  0  0]
 [ 0  1  0  9  0  0]
 [ 0  0  0  0 10  0]
 [ 0  0  0  0  0 10]]
0.933
n_feature=4, score=0.933
[1, 1, 1, 0, 1, 0, 0, 0, 0, 0]
[[ 7  0  0  0  3  0]
 [ 0 10  0  0  0  0]
 [ 0  0 10  0  0  0]
 [ 0  1  0  9  0  0]
 [ 0  0  0  0 10  0]
 [ 0  0  0  0  0 10]]
0.933
n_feature=4, score=0.933
[1, 1, 1, 0, 1, 0, 0, 0, 0, 0]
[[ 7  0  0  0  3  0]
 [ 0 10  0  0  0  0]
 [ 0  0 10  0  0  0]
 [ 0  1  0  9  0  0]
 [ 0  0  0  0 10  0]
 [ 0  0  0  0  0 10]]
0.933
n_feature=4, score=0.933
[1, 1, 1, 0, 1, 0, 0, 0, 0, 0]
[[ 7  0  0  0  3  0]
 [ 0 10  0  0  0  0]
 [ 0  0 10  0  0  0]
 [ 0  1  0  9  0  0]
 [ 0  0  0  0 10  0]
 [ 0  0  0  0  0 10]]
0.933
n_feature=4, score=0.933
[1, 1, 1, 0, 1, 0, 0, 0, 0, 0]
[[ 7  0  0  0  3  0]
 [ 0 10  0  0  0  0]
 [ 0  0 10  0  0  0]
 [ 0  1  0  9  0  0]
 [ 0  0  0  0 10  0]
 [ 0  0  0  0  0 10]]
0.933
n_feature=4, score=0.933
[1, 1, 1, 0, 1, 0, 0, 0, 0, 0]
[[ 7  0  0  0  3  0]
 [ 0 10  0  0  0  0]
 [ 0  0 10  0  0  0]
 [ 0  1  0  9  0  0]
 [ 0  0  0  0 10  0]
 [ 0  0  0  0  0 10]]
0.933
n_feature=5, score=0.933
[1, 1, 1, 0, 1, 0, 0, 0, 0, 1]
[[ 7  0  0  0  3  0]
 [ 0 10  0  0  0  0]
 [ 0  0 10  0  0  0]
 [ 0  1  0  9  0  0]
 [ 0  0  0  0 10  0]
 [ 0  0  0  0  0 10]]
0.933
n_feature=4, score=0.933
[1, 1, 1, 0, 1, 0, 0, 0, 0, 0]
[[ 7  0  0  0  3  0]
 [ 0 10  0  0  0  0]
 [ 0  0 10  0  0  0]
 [ 0  1  0  9  0  0]
 [ 0  0  0  0 10  0]
 [ 0  0  0  0  0 10]]
0.933
n_feature=4, score=0.933
[1, 1, 1, 0, 1, 0, 0, 0, 0, 0]
[[ 7  0  0  0  3  0]
 [ 0 10  0  0  0  0]
 [ 0  0 10  0  0  0]
 [ 0  1  0  9  0  0]
 [ 0  0  0  0 10  0]
 [ 0  0  0  0  0 10]]
0.933
n_feature=4, score=0.933
[1, 1, 1, 0, 1, 0, 0, 0, 0, 0]
[[ 7  0  0  0  3  0]
 [ 0 10  0  0  0  0]
 [ 0  0 10  0  0  0]
 [ 0  1  0  9  0  0]
 [ 0  0  0  0 10  0]
 [ 0  0  0  0  0 10]]
0.933
n_feature=5, score=0.9
[1, 1, 1, 0, 1, 0, 0, 1, 0, 0]
[[ 7  0  0  0  3  0]
 [ 0 10  0  0  0  0]
 [ 2  0  8  0  0  0]
 [ 0  1  0  9  0  0]
 [ 0  0  0  0 10  0]
 [ 0  0  0  0  0 10]]
0.9
n_feature=4, score=0.933
[1, 1, 1, 0, 1, 0, 0, 0, 0, 0]
[[ 7  0  0  0  3  0]
 [ 0 10  0  0  0  0]
 [ 0  0 10  0  0  0]
 [ 0  1  0  9  0  0]
 [ 0  0  0  0 10  0]
 [ 0  0  0  0  0 10]]
0.933
n_feature=4, score=0.933
[1, 1, 1, 0, 1, 0, 0, 0, 0, 0]
[[ 7  0  0  0  3  0]
 [ 0 10  0  0  0  0]
 [ 0  0 10  0  0  0]
 [ 0  1  0  9  0  0]
 [ 0  0  0  0 10  0]
 [ 0  0  0  0  0 10]]
0.933
n_feature=4, score=0.933
[1, 1, 1, 0, 1, 0, 0, 0, 0, 0]
[[ 7  0  0  0  3  0]
 [ 0 10  0  0  0  0]
 [ 0  0 10  0  0  0]
 [ 0  1  0  9  0  0]
 [ 0  0  0  0 10  0]
 [ 0  0  0  0  0 10]]
0.933
n_feature=4, score=0.933
[1, 1, 1, 0, 1, 0, 0, 0, 0, 0]
[[ 7  0  0  0  3  0]
 [ 0 10  0  0  0  0]
 [ 0  0 10  0  0  0]
 [ 0  1  0  9  0  0]
 [ 0  0  0  0 10  0]
 [ 0  0  0  0  0 10]]
0.933
n_feature=4, score=0.933
[1, 1, 1, 0, 1, 0, 0, 0, 0, 0]
[[ 7  0  0  0  3  0]
 [ 0 10  0  0  0  0]
 [ 0  0 10  0  0  0]
 [ 0  1  0  9  0  0]
 [ 0  0  0  0 10  0]
 [ 0  0  0  0  0 10]]
0.933
n_feature=4, score=0.933
[1, 1, 1, 0, 1, 0, 0, 0, 0, 0]
[[ 7  0  0  0  3  0]
 [ 0 10  0  0  0  0]
 [ 0  0 10  0  0  0]
 [ 0  1  0  9  0  0]
 [ 0  0  0  0 10  0]
 [ 0  0  0  0  0 10]]
0.933
n_feature=5, score=0.9
[1, 1, 1, 0, 1, 0, 0, 1, 0, 0]
[[ 7  0  0  0  3  0]
 [ 0 10  0  0  0  0]
 [ 2  0  8  0  0  0]
 [ 0  1  0  9  0  0]
 [ 0  0  0  0 10  0]
 [ 0  0  0  0  0 10]]
0.9
n_feature=4, score=0.933
[1, 1, 1, 0, 1, 0, 0, 0, 0, 0]
[[ 7  0  0  0  3  0]
 [ 0 10  0  0  0  0]
 [ 0  0 10  0  0  0]
 [ 0  1  0  9  0  0]
 [ 0  0  0  0 10  0]
 [ 0  0  0  0  0 10]]
0.933
n_feature=4, score=0.933
[1, 1, 1, 0, 1, 0, 0, 0, 0, 0]
[[ 7  0  0  0  3  0]
 [ 0 10  0  0  0  0]
 [ 0  0 10  0  0  0]
 [ 0  1  0  9  0  0]
 [ 0  0  0  0 10  0]
 [ 0  0  0  0  0 10]]
0.933
n_feature=4, score=0.933
[1, 1, 1, 0, 1, 0, 0, 0, 0, 0]
[[ 7  0  0  0  3  0]
 [ 0 10  0  0  0  0]
 [ 0  0 10  0  0  0]
 [ 0  1  0  9  0  0]
 [ 0  0  0  0 10  0]
 [ 0  0  0  0  0 10]]
0.933
n_feature=4, score=0.933
[1, 1, 1, 0, 1, 0, 0, 0, 0, 0]
[[ 7  0  0  0  3  0]
 [ 0 10  0  0  0  0]
 [ 0  0 10  0  0  0]
 [ 0  1  0  9  0  0]
 [ 0  0  0  0 10  0]
 [ 0  0  0  0  0 10]]
0.933
n_feature=4, score=0.933
[1, 1, 1, 0, 1, 0, 0, 0, 0, 0]
[[ 7  0  0  0  3  0]
 [ 0 10  0  0  0  0]
 [ 0  0 10  0  0  0]
 [ 0  1  0  9  0  0]
 [ 0  0  0  0 10  0]
 [ 0  0  0  0  0 10]]
0.933
n_feature=4, score=0.933
[1, 1, 1, 0, 1, 0, 0, 0, 0, 0]
[[ 7  0  0  0  3  0]
 [ 0 10  0  0  0  0]
 [ 0  0 10  0  0  0]
 [ 0  1  0  9  0  0]
 [ 0  0  0  0 10  0]
 [ 0  0  0  0  0 10]]
0.933
n_feature=4, score=0.933
[1, 1, 1, 0, 1, 0, 0, 0, 0, 0]
[[ 7  0  0  0  3  0]
 [ 0 10  0  0  0  0]
 [ 0  0 10  0  0  0]
 [ 0  1  0  9  0  0]
 [ 0  0  0  0 10  0]
 [ 0  0  0  0  0 10]]
0.933
n_feature=4, score=0.933
[1, 1, 1, 0, 1, 0, 0, 0, 0, 0]
[[ 7  0  0  0  3  0]
 [ 0 10  0  0  0  0]
 [ 0  0 10  0  0  0]
 [ 0  1  0  9  0  0]
 [ 0  0  0  0 10  0]
 [ 0  0  0  0  0 10]]
0.933
n_feature=4, score=0.933
[1, 1, 1, 0, 1, 0, 0, 0, 0, 0]
[[ 7  0  0  0  3  0]
 [ 0 10  0  0  0  0]
 [ 0  0 10  0  0  0]
 [ 0  1  0  9  0  0]
 [ 0  0  0  0 10  0]
 [ 0  0  0  0  0 10]]
0.933
n_feature=4, score=0.933
[1, 1, 1, 0, 1, 0, 0, 0, 0, 0]
[[ 7  0  0  0  3  0]
 [ 0 10  0  0  0  0]
 [ 0  0 10  0  0  0]
 [ 0  1  0  9  0  0]
 [ 0  0  0  0 10  0]
 [ 0  0  0  0  0 10]]
0.933
n_feature=4, score=0.933
[1, 1, 1, 0, 1, 0, 0, 0, 0, 0]
[[ 7  0  0  0  3  0]
 [ 0 10  0  0  0  0]
 [ 0  0 10  0  0  0]
 [ 0  1  0  9  0  0]
 [ 0  0  0  0 10  0]
 [ 0  0  0  0  0 10]]
0.933
n_feature=4, score=0.933
[1, 1, 1, 0, 1, 0, 0, 0, 0, 0]
[[ 7  0  0  0  3  0]
 [ 0 10  0  0  0  0]
 [ 0  0 10  0  0  0]
 [ 0  1  0  9  0  0]
 [ 0  0  0  0 10  0]
 [ 0  0  0  0  0 10]]
0.933
n_feature=4, score=0.933
[1, 1, 1, 0, 1, 0, 0, 0, 0, 0]
[[ 7  0  0  0  3  0]
 [ 0 10  0  0  0  0]
 [ 0  0 10  0  0  0]
 [ 0  1  0  9  0  0]
 [ 0  0  0  0 10  0]
 [ 0  0  0  0  0 10]]
0.933
n_feature=3, score=0.767
[0, 1, 1, 0, 1, 0, 0, 0, 0, 0]
[[ 7  0  0  3  0  0]
 [ 0 10  0  0  0  0]
 [ 0  0 10  0  0  0]
 [ 0  1  0  9  0  0]
 [ 0  0  0 10  0  0]
 [ 0  0  0  0  0 10]]
0.767
n_feature=4, score=0.933
[1, 1, 1, 0, 1, 0, 0, 0, 0, 0]
[[ 7  0  0  0  3  0]
 [ 0 10  0  0  0  0]
 [ 0  0 10  0  0  0]
 [ 0  1  0  9  0  0]
 [ 0  0  0  0 10  0]
 [ 0  0  0  0  0 10]]
0.933
n_feature=4, score=0.933
[1, 1, 1, 0, 1, 0, 0, 0, 0, 0]
[[ 7  0  0  0  3  0]
 [ 0 10  0  0  0  0]
 [ 0  0 10  0  0  0]
 [ 0  1  0  9  0  0]
 [ 0  0  0  0 10  0]
 [ 0  0  0  0  0 10]]
0.933
n_feature=4, score=0.933
[1, 1, 1, 0, 1, 0, 0, 0, 0, 0]
[[ 7  0  0  0  3  0]
 [ 0 10  0  0  0  0]
 [ 0  0 10  0  0  0]
 [ 0  1  0  9  0  0]
 [ 0  0  0  0 10  0]
 [ 0  0  0  0  0 10]]
0.933
n_feature=5, score=0.9
[1, 1, 1, 0, 1, 0, 0, 1, 0, 0]
[[ 7  0  0  0  3  0]
 [ 0 10  0  0  0  0]
 [ 2  0  8  0  0  0]
 [ 0  1  0  9  0  0]
 [ 0  0  0  0 10  0]
 [ 0  0  0  0  0 10]]
0.9
n_feature=4, score=0.933
[1, 1, 1, 0, 1, 0, 0, 0, 0, 0]
[[ 7  0  0  0  3  0]
 [ 0 10  0  0  0  0]
 [ 0  0 10  0  0  0]
 [ 0  1  0  9  0  0]
 [ 0  0  0  0 10  0]
 [ 0  0  0  0  0 10]]
0.933
n_feature=5, score=0.933
[1, 1, 1, 0, 1, 0, 0, 0, 0, 1]
[[ 7  0  0  0  3  0]
 [ 0 10  0  0  0  0]
 [ 0  0 10  0  0  0]
 [ 0  1  0  9  0  0]
 [ 0  0  0  0 10  0]
 [ 0  0  0  0  0 10]]
0.933
n_feature=4, score=0.933
[1, 1, 1, 0, 1, 0, 0, 0, 0, 0]
[[ 7  0  0  0  3  0]
 [ 0 10  0  0  0  0]
 [ 0  0 10  0  0  0]
 [ 0  1  0  9  0  0]
 [ 0  0  0  0 10  0]
 [ 0  0  0  0  0 10]]
0.933
n_feature=4, score=0.933
[1, 1, 1, 0, 1, 0, 0, 0, 0, 0]
[[ 7  0  0  0  3  0]
 [ 0 10  0  0  0  0]
 [ 0  0 10  0  0  0]
 [ 0  1  0  9  0  0]
 [ 0  0  0  0 10  0]
 [ 0  0  0  0  0 10]]
0.933
n_feature=4, score=0.933
[1, 1, 1, 0, 1, 0, 0, 0, 0, 0]
[[ 7  0  0  0  3  0]
 [ 0 10  0  0  0  0]
 [ 0  0 10  0  0  0]
 [ 0  1  0  9  0  0]
 [ 0  0  0  0 10  0]
 [ 0  0  0  0  0 10]]
0.933
n_feature=3, score=0.767
[0, 1, 1, 0, 1, 0, 0, 0, 0, 0]
[[ 7  0  0  3  0  0]
 [ 0 10  0  0  0  0]
 [ 0  0 10  0  0  0]
 [ 0  1  0  9  0  0]
 [ 0  0  0 10  0  0]
 [ 0  0  0  0  0 10]]
0.767
n_feature=5, score=0.817
[1, 1, 1, 0, 1, 1, 0, 0, 0, 0]
[[ 0  1  0  4  4  1]
 [ 0 10  0  0  0  0]
 [ 0  0 10  0  0  0]
 [ 0  1  0  9  0  0]
 [ 0  0  0  0 10  0]
 [ 0  0  0  0  0 10]]
0.817
n_feature=4, score=0.933
[1, 1, 1, 0, 1, 0, 0, 0, 0, 0]
[[ 7  0  0  0  3  0]
 [ 0 10  0  0  0  0]
 [ 0  0 10  0  0  0]
 [ 0  1  0  9  0  0]
 [ 0  0  0  0 10  0]
 [ 0  0  0  0  0 10]]
0.933
n_feature=4, score=0.933
[1, 1, 1, 0, 1, 0, 0, 0, 0, 0]
[[ 7  0  0  0  3  0]
 [ 0 10  0  0  0  0]
 [ 0  0 10  0  0  0]
 [ 0  1  0  9  0  0]
 [ 0  0  0  0 10  0]
 [ 0  0  0  0  0 10]]
0.933
n_feature=4, score=0.933
[1, 1, 1, 0, 1, 0, 0, 0, 0, 0]
[[ 7  0  0  0  3  0]
 [ 0 10  0  0  0  0]
 [ 0  0 10  0  0  0]
 [ 0  1  0  9  0  0]
 [ 0  0  0  0 10  0]
 [ 0  0  0  0  0 10]]
0.933
n_feature=4, score=0.933
[1, 1, 1, 0, 1, 0, 0, 0, 0, 0]
[[ 7  0  0  0  3  0]
 [ 0 10  0  0  0  0]
 [ 0  0 10  0  0  0]
 [ 0  1  0  9  0  0]
 [ 0  0  0  0 10  0]
 [ 0  0  0  0  0 10]]
0.933
n_feature=3, score=0.667
[0, 1, 0, 1, 1, 0, 0, 0, 0, 0]
[[ 0  0  0  3  6  1]
 [ 0  9  1  0  0  0]
 [ 0  0 10  0  0  0]
 [ 0  0  1  1  8  0]
 [ 0  0  0  0 10  0]
 [ 0  0  0  0  0 10]]
0.667
******************************
[[1, 1, 1, 0, 1, 0, 0, 0, 0, 0], [1, 1, 1, 0, 1, 0, 0, 0, 0, 0], [1, 1, 1, 0, 1, 0, 0, 0, 0, 0], [1, 1, 1, 0, 1, 0, 0, 1, 0, 0], [1, 1, 1, 0, 1, 0, 0, 0, 0, 0], [1, 1, 1, 0, 1, 0, 0, 0, 0, 1], [1, 1, 1, 0, 1, 0, 0, 0, 0, 0], [1, 1, 1, 0, 1, 0, 0, 0, 0, 0], [1, 1, 1, 0, 1, 0, 0, 0, 0, 0], [0, 1, 1, 0, 1, 0, 0, 0, 0, 0], [1, 1, 1, 0, 1, 0, 0, 0, 0, 0], [1, 1, 1, 0, 1, 0, 0, 0, 0, 0], [1, 1, 1, 0, 1, 1, 0, 0, 0, 0], [1, 1, 1, 0, 1, 0, 0, 0, 0, 0], [1, 1, 1, 0, 1, 0, 0, 0, 0, 0], [1, 1, 1, 0, 1, 0, 0, 0, 0, 0], [1, 1, 1, 0, 1, 0, 0, 0, 0, 0], [1, 1, 1, 0, 1, 0, 0, 0, 0, 0], [0, 1, 0, 1, 1, 0, 0, 0, 0, 0], [1, 1, 1, 0, 1, 0, 0, 0, 0, 0]]
gen	nevals	avg              	std                    	min          	max            
0  	20    	[0.6176 4.9   ]  	[0.18285934 1.3       ]	[0.267 3.   ]	[0.917 8.   ]  
1  	12    	[0.7768 5.9   ]  	[0.08593695 1.33790882]	[0.617 4.   ]	[ 0.917 10.   ]
2  	13    	[0.79595 5.85   ]	[0.06520312 1.65151446]	[0.667 4.   ]	[ 0.917 10.   ]
3  	12    	[0.85355 6.65   ]	[0.0343227  1.10792599]	[0.767 4.   ]	[0.933 8.   ]  
4  	10    	[0.87025 6.95   ]	[0.01704663 0.49749372]	[0.817 6.   ]	[0.9 8. ]      
5  	10    	[0.88265 6.95   ]	[0.01772082 0.38405729]	[0.85 6.  ]  	[0.9 8. ]      
6  	12    	[0.8967 6.95  ]  	[0.01126543 0.38405729]	[0.867 6.   ]	[0.917 8.   ]  
7  	20    	[0.90005 6.7    ]	[0.01188055 0.45825757]	[0.867 6.   ]	[0.917 7.   ]  
8  	9     	[0.90595 6.45   ]	[0.00972869 0.58949131]	[0.883 5.   ]	[0.917 7.   ]  
9  	14    	[0.9103 6.    ]  	[0.0162145  0.54772256]	[0.867 5.   ]	[0.917 8.   ]  
10 	8     	[0.91695 5.95   ]	[0.00521991 0.21794495]	[0.9 5. ]    	[0.933 6.   ]  
11 	11    	[0.9119 6.05  ]  	[0.01753254 0.49749372]	[0.867 5.   ]	[0.933 7.   ]  
12 	10    	[0.9051 5.7   ]  	[0.03876841 0.55677644]	[0.783 5.   ]	[0.933 7.   ]  
13 	12    	[0.9167 5.55  ]  	[0.02236314 0.58949131]	[0.833 4.   ]	[0.933 6.   ]  
14 	11    	[0.9265 5.15  ]  	[0.01211404 0.57227616]	[0.883 4.   ]	[0.933 6.   ]  
15 	8     	[0.9272 4.8   ]  	[0.02188972 0.50990195]	[0.833 4.   ]	[0.933 6.   ]  
16 	10    	[0.9155 4.35  ]  	[0.07628073 0.72629195]	[0.583 2.   ]	[0.933 5.   ]  
17 	13    	[0.9272 4.15  ]  	[0.02528161 0.35707142]	[0.817 4.   ]	[0.933 5.   ]  
18 	15    	[0.9297 4.1   ]  	[0.0099 0.3   ]        	[0.9 4. ]    	[0.933 5.   ]  
19 	9     	[0.9247 3.95  ]  	[0.03617886 0.21794495]	[0.767 3.   ]	[0.933 4.   ]  
20 	16    	[0.90395 4.05   ]	[0.06927444 0.49749372]	[0.667 3.   ]	[0.933 5.   ]  
******************************
*****hall of fame*****
use_sensor_num: 4.0, score: 0.933
[1, 1, 1, 0, 1, 0, 0, 0, 0, 0]
[0, 1, 2, 4]
*****hall of fame*****
use_sensor_num: 3.0, score: 0.767
[0, 1, 1, 0, 1, 0, 0, 0, 0, 0]
[1, 2, 4]
*****hall of fame*****
use_sensor_num: 2.0, score: 0.583
[0, 0, 1, 0, 1, 0, 0, 0, 0, 0]
[2, 4]
elapsed_time:116.31104159355164[sec]
