60,3
Starting Genetic Algorizm By Random Forest With 3 column
n_feature=3, score=0.783
[1, 1, 1]
[[ 7  3  0  0  0  0]
 [ 0 10  0  0  0  0]
 [ 0  0 10  0  0  0]
 [ 0  0  0 10  0  0]
 [ 0  0  0 10  0  0]
 [ 0  0  0  0  0 10]]
0.783
n_feature=2, score=0.583
[1, 1, 0]
[[ 0 10  0  0  0  0]
 [ 0 10  0  0  0  0]
 [ 0  0 10  0  0  0]
 [ 0  0  0 10  0  0]
 [ 0  0  0 10  0  0]
 [ 0  0  0  5  0  5]]
0.583
n_feature=2, score=0.633
[1, 0, 1]
[[ 7  3  0  0  0  0]
 [ 0 10  0  0  0  0]
 [ 5  4  1  0  0  0]
 [ 0  0  0  0 10  0]
 [ 0  0  0  0 10  0]
 [ 0  0  0  0  0 10]]
0.633
n_feature=1, score=0.35
[1, 0, 0]
[[ 0  0 10  0  0  0]
 [ 0  0 10  0  0  0]
 [ 0  0 10  0  0  0]
 [ 0  0  0  0 10  0]
 [ 0  0  0  0 10  0]
 [ 0  0  0  0  9  1]]
0.35
n_feature=2, score=0.55
[0, 1, 1]
[[ 0  3  0  7  0  0]
 [ 0 10  0  0  0  0]
 [ 0  0  9  0  1  0]
 [ 0  0  0 10  0  0]
 [ 0  0  0 10  0  0]
 [ 0  5  1  0  0  4]]
0.55
n_feature=2, score=0.633
[1, 0, 1]
[[ 7  3  0  0  0  0]
 [ 0 10  0  0  0  0]
 [ 5  4  1  0  0  0]
 [ 0  0  0  0 10  0]
 [ 0  0  0  0 10  0]
 [ 0  0  0  0  0 10]]
0.633
n_feature=1, score=0.35
[0, 0, 1]
[[ 0  0  0  1  6  3]
 [ 0  0  0  0  0 10]
 [ 0  2  1  1  4  2]
 [ 0  0  0  0 10  0]
 [ 0  0  0  0 10  0]
 [ 0  0  0  0  0 10]]
0.35
n_feature=3, score=0.783
[1, 1, 1]
[[ 7  3  0  0  0  0]
 [ 0 10  0  0  0  0]
 [ 0  0 10  0  0  0]
 [ 0  0  0 10  0  0]
 [ 0  0  0 10  0  0]
 [ 0  0  0  0  0 10]]
0.783
n_feature=2, score=0.55
[0, 1, 1]
[[ 0  3  0  7  0  0]
 [ 0 10  0  0  0  0]
 [ 0  0  9  0  1  0]
 [ 0  0  0 10  0  0]
 [ 0  0  0 10  0  0]
 [ 0  5  1  0  0  4]]
0.55
n_feature=2, score=0.583
[1, 1, 0]
[[ 0 10  0  0  0  0]
 [ 0 10  0  0  0  0]
 [ 0  0 10  0  0  0]
 [ 0  0  0 10  0  0]
 [ 0  0  0 10  0  0]
 [ 0  0  0  5  0  5]]
0.583
n_feature=3, score=0.783
[1, 1, 1]
[[ 7  3  0  0  0  0]
 [ 0 10  0  0  0  0]
 [ 0  0 10  0  0  0]
 [ 0  0  0 10  0  0]
 [ 0  0  0 10  0  0]
 [ 0  0  0  0  0 10]]
0.783
n_feature=1, score=0.4
[0, 1, 0]
[[ 0  0  0 10  0  0]
 [ 0  0  0 10  0  0]
 [ 0  0 10  0  0  0]
 [ 0  0  0 10  0  0]
 [ 0  0  0 10  0  0]
 [ 0  0  1  5  0  4]]
0.4
n_feature=1, score=0.35
[1, 0, 0]
[[ 0  0 10  0  0  0]
 [ 0  0 10  0  0  0]
 [ 0  0 10  0  0  0]
 [ 0  0  0  0 10  0]
 [ 0  0  0  0 10  0]
 [ 0  0  0  0  9  1]]
0.35
n_feature=2, score=0.633
[1, 0, 1]
[[ 7  3  0  0  0  0]
 [ 0 10  0  0  0  0]
 [ 5  4  1  0  0  0]
 [ 0  0  0  0 10  0]
 [ 0  0  0  0 10  0]
 [ 0  0  0  0  0 10]]
0.633
n_feature=2, score=0.55
[0, 1, 1]
[[ 0  3  0  7  0  0]
 [ 0 10  0  0  0  0]
 [ 0  0  9  0  1  0]
 [ 0  0  0 10  0  0]
 [ 0  0  0 10  0  0]
 [ 0  5  1  0  0  4]]
0.55
n_feature=3, score=0.783
[1, 1, 1]
[[ 7  3  0  0  0  0]
 [ 0 10  0  0  0  0]
 [ 0  0 10  0  0  0]
 [ 0  0  0 10  0  0]
 [ 0  0  0 10  0  0]
 [ 0  0  0  0  0 10]]
0.783
n_feature=1, score=0.35
[0, 0, 1]
[[ 0  0  0  1  6  3]
 [ 0  0  0  0  0 10]
 [ 0  2  1  1  4  2]
 [ 0  0  0  0 10  0]
 [ 0  0  0  0 10  0]
 [ 0  0  0  0  0 10]]
0.35
n_feature=2, score=0.55
[0, 1, 1]
[[ 0  3  0  7  0  0]
 [ 0 10  0  0  0  0]
 [ 0  0  9  0  1  0]
 [ 0  0  0 10  0  0]
 [ 0  0  0 10  0  0]
 [ 0  5  1  0  0  4]]
0.55
n_feature=1, score=0.4
[0, 1, 0]
[[ 0  0  0 10  0  0]
 [ 0  0  0 10  0  0]
 [ 0  0 10  0  0  0]
 [ 0  0  0 10  0  0]
 [ 0  0  0 10  0  0]
 [ 0  0  1  5  0  4]]
0.4
n_feature=3, score=0.783
[1, 1, 1]
[[ 7  3  0  0  0  0]
 [ 0 10  0  0  0  0]
 [ 0  0 10  0  0  0]
 [ 0  0  0 10  0  0]
 [ 0  0  0 10  0  0]
 [ 0  0  0  0  0 10]]
0.783
n_feature=2, score=0.633
[1, 0, 1]
[[ 7  3  0  0  0  0]
 [ 0 10  0  0  0  0]
 [ 5  4  1  0  0  0]
 [ 0  0  0  0 10  0]
 [ 0  0  0  0 10  0]
 [ 0  0  0  0  0 10]]
0.633
n_feature=1, score=0.4
[0, 1, 0]
[[ 0  0  0 10  0  0]
 [ 0  0  0 10  0  0]
 [ 0  0 10  0  0  0]
 [ 0  0  0 10  0  0]
 [ 0  0  0 10  0  0]
 [ 0  0  1  5  0  4]]
0.4
n_feature=1, score=0.35
[1, 0, 0]
[[ 0  0 10  0  0  0]
 [ 0  0 10  0  0  0]
 [ 0  0 10  0  0  0]
 [ 0  0  0  0 10  0]
 [ 0  0  0  0 10  0]
 [ 0  0  0  0  9  1]]
0.35
n_feature=3, score=0.783
[1, 1, 1]
[[ 7  3  0  0  0  0]
 [ 0 10  0  0  0  0]
 [ 0  0 10  0  0  0]
 [ 0  0  0 10  0  0]
 [ 0  0  0 10  0  0]
 [ 0  0  0  0  0 10]]
0.783
n_feature=2, score=0.583
[1, 1, 0]
[[ 0 10  0  0  0  0]
 [ 0 10  0  0  0  0]
 [ 0  0 10  0  0  0]
 [ 0  0  0 10  0  0]
 [ 0  0  0 10  0  0]
 [ 0  0  0  5  0  5]]
0.583
n_feature=1, score=0.35
[0, 0, 1]
[[ 0  0  0  1  6  3]
 [ 0  0  0  0  0 10]
 [ 0  2  1  1  4  2]
 [ 0  0  0  0 10  0]
 [ 0  0  0  0 10  0]
 [ 0  0  0  0  0 10]]
0.35
n_feature=1, score=0.35
[1, 0, 0]
[[ 0  0 10  0  0  0]
 [ 0  0 10  0  0  0]
 [ 0  0 10  0  0  0]
 [ 0  0  0  0 10  0]
 [ 0  0  0  0 10  0]
 [ 0  0  0  0  9  1]]
0.35
n_feature=1, score=0.4
[0, 1, 0]
[[ 0  0  0 10  0  0]
 [ 0  0  0 10  0  0]
 [ 0  0 10  0  0  0]
 [ 0  0  0 10  0  0]
 [ 0  0  0 10  0  0]
 [ 0  0  1  5  0  4]]
0.4
n_feature=1, score=0.35
[1, 0, 0]
[[ 0  0 10  0  0  0]
 [ 0  0 10  0  0  0]
 [ 0  0 10  0  0  0]
 [ 0  0  0  0 10  0]
 [ 0  0  0  0 10  0]
 [ 0  0  0  0  9  1]]
0.35
n_feature=3, score=0.783
[1, 1, 1]
[[ 7  3  0  0  0  0]
 [ 0 10  0  0  0  0]
 [ 0  0 10  0  0  0]
 [ 0  0  0 10  0  0]
 [ 0  0  0 10  0  0]
 [ 0  0  0  0  0 10]]
0.783
n_feature=2, score=0.583
[1, 1, 0]
[[ 0 10  0  0  0  0]
 [ 0 10  0  0  0  0]
 [ 0  0 10  0  0  0]
 [ 0  0  0 10  0  0]
 [ 0  0  0 10  0  0]
 [ 0  0  0  5  0  5]]
0.583
n_feature=3, score=0.783
[1, 1, 1]
[[ 7  3  0  0  0  0]
 [ 0 10  0  0  0  0]
 [ 0  0 10  0  0  0]
 [ 0  0  0 10  0  0]
 [ 0  0  0 10  0  0]
 [ 0  0  0  0  0 10]]
0.783
n_feature=2, score=0.583
[1, 1, 0]
[[ 0 10  0  0  0  0]
 [ 0 10  0  0  0  0]
 [ 0  0 10  0  0  0]
 [ 0  0  0 10  0  0]
 [ 0  0  0 10  0  0]
 [ 0  0  0  5  0  5]]
0.583
n_feature=1, score=0.35
[0, 0, 1]
[[ 0  0  0  1  6  3]
 [ 0  0  0  0  0 10]
 [ 0  2  1  1  4  2]
 [ 0  0  0  0 10  0]
 [ 0  0  0  0 10  0]
 [ 0  0  0  0  0 10]]
0.35
n_feature=3, score=0.783
[1, 1, 1]
[[ 7  3  0  0  0  0]
 [ 0 10  0  0  0  0]
 [ 0  0 10  0  0  0]
 [ 0  0  0 10  0  0]
 [ 0  0  0 10  0  0]
 [ 0  0  0  0  0 10]]
0.783
n_feature=2, score=0.633
[1, 0, 1]
[[ 7  3  0  0  0  0]
 [ 0 10  0  0  0  0]
 [ 5  4  1  0  0  0]
 [ 0  0  0  0 10  0]
 [ 0  0  0  0 10  0]
 [ 0  0  0  0  0 10]]
0.633
n_feature=3, score=0.783
[1, 1, 1]
[[ 7  3  0  0  0  0]
 [ 0 10  0  0  0  0]
 [ 0  0 10  0  0  0]
 [ 0  0  0 10  0  0]
 [ 0  0  0 10  0  0]
 [ 0  0  0  0  0 10]]
0.783
n_feature=3, score=0.783
[1, 1, 1]
[[ 7  3  0  0  0  0]
 [ 0 10  0  0  0  0]
 [ 0  0 10  0  0  0]
 [ 0  0  0 10  0  0]
 [ 0  0  0 10  0  0]
 [ 0  0  0  0  0 10]]
0.783
n_feature=1, score=0.4
[0, 1, 0]
[[ 0  0  0 10  0  0]
 [ 0  0  0 10  0  0]
 [ 0  0 10  0  0  0]
 [ 0  0  0 10  0  0]
 [ 0  0  0 10  0  0]
 [ 0  0  1  5  0  4]]
0.4
n_feature=1, score=0.35
[0, 0, 1]
[[ 0  0  0  1  6  3]
 [ 0  0  0  0  0 10]
 [ 0  2  1  1  4  2]
 [ 0  0  0  0 10  0]
 [ 0  0  0  0 10  0]
 [ 0  0  0  0  0 10]]
0.35
n_feature=2, score=0.583
[1, 1, 0]
[[ 0 10  0  0  0  0]
 [ 0 10  0  0  0  0]
 [ 0  0 10  0  0  0]
 [ 0  0  0 10  0  0]
 [ 0  0  0 10  0  0]
 [ 0  0  0  5  0  5]]
0.583
n_feature=1, score=0.35
[1, 0, 0]
[[ 0  0 10  0  0  0]
 [ 0  0 10  0  0  0]
 [ 0  0 10  0  0  0]
 [ 0  0  0  0 10  0]
 [ 0  0  0  0 10  0]
 [ 0  0  0  0  9  1]]
0.35
n_feature=2, score=0.55
[0, 1, 1]
[[ 0  3  0  7  0  0]
 [ 0 10  0  0  0  0]
 [ 0  0  9  0  1  0]
 [ 0  0  0 10  0  0]
 [ 0  0  0 10  0  0]
 [ 0  5  1  0  0  4]]
0.55
n_feature=1, score=0.4
[0, 1, 0]
[[ 0  0  0 10  0  0]
 [ 0  0  0 10  0  0]
 [ 0  0 10  0  0  0]
 [ 0  0  0 10  0  0]
 [ 0  0  0 10  0  0]
 [ 0  0  1  5  0  4]]
0.4
n_feature=1, score=0.35
[1, 0, 0]
[[ 0  0 10  0  0  0]
 [ 0  0 10  0  0  0]
 [ 0  0 10  0  0  0]
 [ 0  0  0  0 10  0]
 [ 0  0  0  0 10  0]
 [ 0  0  0  0  9  1]]
0.35
n_feature=3, score=0.783
[1, 1, 1]
[[ 7  3  0  0  0  0]
 [ 0 10  0  0  0  0]
 [ 0  0 10  0  0  0]
 [ 0  0  0 10  0  0]
 [ 0  0  0 10  0  0]
 [ 0  0  0  0  0 10]]
0.783
n_feature=3, score=0.783
[1, 1, 1]
[[ 7  3  0  0  0  0]
 [ 0 10  0  0  0  0]
 [ 0  0 10  0  0  0]
 [ 0  0  0 10  0  0]
 [ 0  0  0 10  0  0]
 [ 0  0  0  0  0 10]]
0.783
n_feature=2, score=0.583
[1, 1, 0]
[[ 0 10  0  0  0  0]
 [ 0 10  0  0  0  0]
 [ 0  0 10  0  0  0]
 [ 0  0  0 10  0  0]
 [ 0  0  0 10  0  0]
 [ 0  0  0  5  0  5]]
0.583
n_feature=2, score=0.55
[0, 1, 1]
[[ 0  3  0  7  0  0]
 [ 0 10  0  0  0  0]
 [ 0  0  9  0  1  0]
 [ 0  0  0 10  0  0]
 [ 0  0  0 10  0  0]
 [ 0  5  1  0  0  4]]
0.55
n_feature=3, score=0.783
[1, 1, 1]
[[ 7  3  0  0  0  0]
 [ 0 10  0  0  0  0]
 [ 0  0 10  0  0  0]
 [ 0  0  0 10  0  0]
 [ 0  0  0 10  0  0]
 [ 0  0  0  0  0 10]]
0.783
n_feature=3, score=0.783
[1, 1, 1]
[[ 7  3  0  0  0  0]
 [ 0 10  0  0  0  0]
 [ 0  0 10  0  0  0]
 [ 0  0  0 10  0  0]
 [ 0  0  0 10  0  0]
 [ 0  0  0  0  0 10]]
0.783
n_feature=3, score=0.783
[1, 1, 1]
[[ 7  3  0  0  0  0]
 [ 0 10  0  0  0  0]
 [ 0  0 10  0  0  0]
 [ 0  0  0 10  0  0]
 [ 0  0  0 10  0  0]
 [ 0  0  0  0  0 10]]
0.783
n_feature=3, score=0.783
[1, 1, 1]
[[ 7  3  0  0  0  0]
 [ 0 10  0  0  0  0]
 [ 0  0 10  0  0  0]
 [ 0  0  0 10  0  0]
 [ 0  0  0 10  0  0]
 [ 0  0  0  0  0 10]]
0.783
n_feature=3, score=0.783
[1, 1, 1]
[[ 7  3  0  0  0  0]
 [ 0 10  0  0  0  0]
 [ 0  0 10  0  0  0]
 [ 0  0  0 10  0  0]
 [ 0  0  0 10  0  0]
 [ 0  0  0  0  0 10]]
0.783
n_feature=3, score=0.783
[1, 1, 1]
[[ 7  3  0  0  0  0]
 [ 0 10  0  0  0  0]
 [ 0  0 10  0  0  0]
 [ 0  0  0 10  0  0]
 [ 0  0  0 10  0  0]
 [ 0  0  0  0  0 10]]
0.783
n_feature=3, score=0.783
[1, 1, 1]
[[ 7  3  0  0  0  0]
 [ 0 10  0  0  0  0]
 [ 0  0 10  0  0  0]
 [ 0  0  0 10  0  0]
 [ 0  0  0 10  0  0]
 [ 0  0  0  0  0 10]]
0.783
n_feature=3, score=0.783
[1, 1, 1]
[[ 7  3  0  0  0  0]
 [ 0 10  0  0  0  0]
 [ 0  0 10  0  0  0]
 [ 0  0  0 10  0  0]
 [ 0  0  0 10  0  0]
 [ 0  0  0  0  0 10]]
0.783
n_feature=3, score=0.783
[1, 1, 1]
[[ 7  3  0  0  0  0]
 [ 0 10  0  0  0  0]
 [ 0  0 10  0  0  0]
 [ 0  0  0 10  0  0]
 [ 0  0  0 10  0  0]
 [ 0  0  0  0  0 10]]
0.783
n_feature=3, score=0.783
[1, 1, 1]
[[ 7  3  0  0  0  0]
 [ 0 10  0  0  0  0]
 [ 0  0 10  0  0  0]
 [ 0  0  0 10  0  0]
 [ 0  0  0 10  0  0]
 [ 0  0  0  0  0 10]]
0.783
n_feature=2, score=0.633
[1, 0, 1]
[[ 7  3  0  0  0  0]
 [ 0 10  0  0  0  0]
 [ 5  4  1  0  0  0]
 [ 0  0  0  0 10  0]
 [ 0  0  0  0 10  0]
 [ 0  0  0  0  0 10]]
0.633
n_feature=2, score=0.583
[1, 1, 0]
[[ 0 10  0  0  0  0]
 [ 0 10  0  0  0  0]
 [ 0  0 10  0  0  0]
 [ 0  0  0 10  0  0]
 [ 0  0  0 10  0  0]
 [ 0  0  0  5  0  5]]
0.583
n_feature=1, score=0.35
[0, 0, 1]
[[ 0  0  0  1  6  3]
 [ 0  0  0  0  0 10]
 [ 0  2  1  1  4  2]
 [ 0  0  0  0 10  0]
 [ 0  0  0  0 10  0]
 [ 0  0  0  0  0 10]]
0.35
n_feature=1, score=0.35
[0, 0, 1]
[[ 0  0  0  1  6  3]
 [ 0  0  0  0  0 10]
 [ 0  2  1  1  4  2]
 [ 0  0  0  0 10  0]
 [ 0  0  0  0 10  0]
 [ 0  0  0  0  0 10]]
0.35
n_feature=2, score=0.583
[1, 1, 0]
[[ 0 10  0  0  0  0]
 [ 0 10  0  0  0  0]
 [ 0  0 10  0  0  0]
 [ 0  0  0 10  0  0]
 [ 0  0  0 10  0  0]
 [ 0  0  0  5  0  5]]
0.583
n_feature=3, score=0.783
[1, 1, 1]
[[ 7  3  0  0  0  0]
 [ 0 10  0  0  0  0]
 [ 0  0 10  0  0  0]
 [ 0  0  0 10  0  0]
 [ 0  0  0 10  0  0]
 [ 0  0  0  0  0 10]]
0.783
n_feature=3, score=0.783
[1, 1, 1]
[[ 7  3  0  0  0  0]
 [ 0 10  0  0  0  0]
 [ 0  0 10  0  0  0]
 [ 0  0  0 10  0  0]
 [ 0  0  0 10  0  0]
 [ 0  0  0  0  0 10]]
0.783
n_feature=3, score=0.783
[1, 1, 1]
[[ 7  3  0  0  0  0]
 [ 0 10  0  0  0  0]
 [ 0  0 10  0  0  0]
 [ 0  0  0 10  0  0]
 [ 0  0  0 10  0  0]
 [ 0  0  0  0  0 10]]
0.783
n_feature=3, score=0.783
[1, 1, 1]
[[ 7  3  0  0  0  0]
 [ 0 10  0  0  0  0]
 [ 0  0 10  0  0  0]
 [ 0  0  0 10  0  0]
 [ 0  0  0 10  0  0]
 [ 0  0  0  0  0 10]]
0.783
n_feature=3, score=0.783
[1, 1, 1]
[[ 7  3  0  0  0  0]
 [ 0 10  0  0  0  0]
 [ 0  0 10  0  0  0]
 [ 0  0  0 10  0  0]
 [ 0  0  0 10  0  0]
 [ 0  0  0  0  0 10]]
0.783
n_feature=3, score=0.783
[1, 1, 1]
[[ 7  3  0  0  0  0]
 [ 0 10  0  0  0  0]
 [ 0  0 10  0  0  0]
 [ 0  0  0 10  0  0]
 [ 0  0  0 10  0  0]
 [ 0  0  0  0  0 10]]
0.783
n_feature=3, score=0.783
[1, 1, 1]
[[ 7  3  0  0  0  0]
 [ 0 10  0  0  0  0]
 [ 0  0 10  0  0  0]
 [ 0  0  0 10  0  0]
 [ 0  0  0 10  0  0]
 [ 0  0  0  0  0 10]]
0.783
n_feature=3, score=0.783
[1, 1, 1]
[[ 7  3  0  0  0  0]
 [ 0 10  0  0  0  0]
 [ 0  0 10  0  0  0]
 [ 0  0  0 10  0  0]
 [ 0  0  0 10  0  0]
 [ 0  0  0  0  0 10]]
0.783
n_feature=3, score=0.783
[1, 1, 1]
[[ 7  3  0  0  0  0]
 [ 0 10  0  0  0  0]
 [ 0  0 10  0  0  0]
 [ 0  0  0 10  0  0]
 [ 0  0  0 10  0  0]
 [ 0  0  0  0  0 10]]
0.783
n_feature=3, score=0.783
[1, 1, 1]
[[ 7  3  0  0  0  0]
 [ 0 10  0  0  0  0]
 [ 0  0 10  0  0  0]
 [ 0  0  0 10  0  0]
 [ 0  0  0 10  0  0]
 [ 0  0  0  0  0 10]]
0.783
n_feature=3, score=0.783
[1, 1, 1]
[[ 7  3  0  0  0  0]
 [ 0 10  0  0  0  0]
 [ 0  0 10  0  0  0]
 [ 0  0  0 10  0  0]
 [ 0  0  0 10  0  0]
 [ 0  0  0  0  0 10]]
0.783
n_feature=3, score=0.783
[1, 1, 1]
[[ 7  3  0  0  0  0]
 [ 0 10  0  0  0  0]
 [ 0  0 10  0  0  0]
 [ 0  0  0 10  0  0]
 [ 0  0  0 10  0  0]
 [ 0  0  0  0  0 10]]
0.783
n_feature=3, score=0.783
[1, 1, 1]
[[ 7  3  0  0  0  0]
 [ 0 10  0  0  0  0]
 [ 0  0 10  0  0  0]
 [ 0  0  0 10  0  0]
 [ 0  0  0 10  0  0]
 [ 0  0  0  0  0 10]]
0.783
n_feature=3, score=0.783
[1, 1, 1]
[[ 7  3  0  0  0  0]
 [ 0 10  0  0  0  0]
 [ 0  0 10  0  0  0]
 [ 0  0  0 10  0  0]
 [ 0  0  0 10  0  0]
 [ 0  0  0  0  0 10]]
0.783
n_feature=3, score=0.783
[1, 1, 1]
[[ 7  3  0  0  0  0]
 [ 0 10  0  0  0  0]
 [ 0  0 10  0  0  0]
 [ 0  0  0 10  0  0]
 [ 0  0  0 10  0  0]
 [ 0  0  0  0  0 10]]
0.783
n_feature=3, score=0.783
[1, 1, 1]
[[ 7  3  0  0  0  0]
 [ 0 10  0  0  0  0]
 [ 0  0 10  0  0  0]
 [ 0  0  0 10  0  0]
 [ 0  0  0 10  0  0]
 [ 0  0  0  0  0 10]]
0.783
n_feature=2, score=0.583
[1, 1, 0]
[[ 0 10  0  0  0  0]
 [ 0 10  0  0  0  0]
 [ 0  0 10  0  0  0]
 [ 0  0  0 10  0  0]
 [ 0  0  0 10  0  0]
 [ 0  0  0  5  0  5]]
0.583
n_feature=3, score=0.783
[1, 1, 1]
[[ 7  3  0  0  0  0]
 [ 0 10  0  0  0  0]
 [ 0  0 10  0  0  0]
 [ 0  0  0 10  0  0]
 [ 0  0  0 10  0  0]
 [ 0  0  0  0  0 10]]
0.783
n_feature=3, score=0.783
[1, 1, 1]
[[ 7  3  0  0  0  0]
 [ 0 10  0  0  0  0]
 [ 0  0 10  0  0  0]
 [ 0  0  0 10  0  0]
 [ 0  0  0 10  0  0]
 [ 0  0  0  0  0 10]]
0.783
n_feature=3, score=0.783
[1, 1, 1]
[[ 7  3  0  0  0  0]
 [ 0 10  0  0  0  0]
 [ 0  0 10  0  0  0]
 [ 0  0  0 10  0  0]
 [ 0  0  0 10  0  0]
 [ 0  0  0  0  0 10]]
0.783
n_feature=3, score=0.783
[1, 1, 1]
[[ 7  3  0  0  0  0]
 [ 0 10  0  0  0  0]
 [ 0  0 10  0  0  0]
 [ 0  0  0 10  0  0]
 [ 0  0  0 10  0  0]
 [ 0  0  0  0  0 10]]
0.783
n_feature=3, score=0.783
[1, 1, 1]
[[ 7  3  0  0  0  0]
 [ 0 10  0  0  0  0]
 [ 0  0 10  0  0  0]
 [ 0  0  0 10  0  0]
 [ 0  0  0 10  0  0]
 [ 0  0  0  0  0 10]]
0.783
n_feature=3, score=0.783
[1, 1, 1]
[[ 7  3  0  0  0  0]
 [ 0 10  0  0  0  0]
 [ 0  0 10  0  0  0]
 [ 0  0  0 10  0  0]
 [ 0  0  0 10  0  0]
 [ 0  0  0  0  0 10]]
0.783
n_feature=3, score=0.783
[1, 1, 1]
[[ 7  3  0  0  0  0]
 [ 0 10  0  0  0  0]
 [ 0  0 10  0  0  0]
 [ 0  0  0 10  0  0]
 [ 0  0  0 10  0  0]
 [ 0  0  0  0  0 10]]
0.783
n_feature=3, score=0.783
[1, 1, 1]
[[ 7  3  0  0  0  0]
 [ 0 10  0  0  0  0]
 [ 0  0 10  0  0  0]
 [ 0  0  0 10  0  0]
 [ 0  0  0 10  0  0]
 [ 0  0  0  0  0 10]]
0.783
n_feature=3, score=0.783
[1, 1, 1]
[[ 7  3  0  0  0  0]
 [ 0 10  0  0  0  0]
 [ 0  0 10  0  0  0]
 [ 0  0  0 10  0  0]
 [ 0  0  0 10  0  0]
 [ 0  0  0  0  0 10]]
0.783
n_feature=3, score=0.783
[1, 1, 1]
[[ 7  3  0  0  0  0]
 [ 0 10  0  0  0  0]
 [ 0  0 10  0  0  0]
 [ 0  0  0 10  0  0]
 [ 0  0  0 10  0  0]
 [ 0  0  0  0  0 10]]
0.783
n_feature=3, score=0.783
[1, 1, 1]
[[ 7  3  0  0  0  0]
 [ 0 10  0  0  0  0]
 [ 0  0 10  0  0  0]
 [ 0  0  0 10  0  0]
 [ 0  0  0 10  0  0]
 [ 0  0  0  0  0 10]]
0.783
n_feature=3, score=0.783
[1, 1, 1]
[[ 7  3  0  0  0  0]
 [ 0 10  0  0  0  0]
 [ 0  0 10  0  0  0]
 [ 0  0  0 10  0  0]
 [ 0  0  0 10  0  0]
 [ 0  0  0  0  0 10]]
0.783
n_feature=3, score=0.783
[1, 1, 1]
[[ 7  3  0  0  0  0]
 [ 0 10  0  0  0  0]
 [ 0  0 10  0  0  0]
 [ 0  0  0 10  0  0]
 [ 0  0  0 10  0  0]
 [ 0  0  0  0  0 10]]
0.783
n_feature=3, score=0.783
[1, 1, 1]
[[ 7  3  0  0  0  0]
 [ 0 10  0  0  0  0]
 [ 0  0 10  0  0  0]
 [ 0  0  0 10  0  0]
 [ 0  0  0 10  0  0]
 [ 0  0  0  0  0 10]]
0.783
n_feature=3, score=0.783
[1, 1, 1]
[[ 7  3  0  0  0  0]
 [ 0 10  0  0  0  0]
 [ 0  0 10  0  0  0]
 [ 0  0  0 10  0  0]
 [ 0  0  0 10  0  0]
 [ 0  0  0  0  0 10]]
0.783
n_feature=3, score=0.783
[1, 1, 1]
[[ 7  3  0  0  0  0]
 [ 0 10  0  0  0  0]
 [ 0  0 10  0  0  0]
 [ 0  0  0 10  0  0]
 [ 0  0  0 10  0  0]
 [ 0  0  0  0  0 10]]
0.783
n_feature=3, score=0.783
[1, 1, 1]
[[ 7  3  0  0  0  0]
 [ 0 10  0  0  0  0]
 [ 0  0 10  0  0  0]
 [ 0  0  0 10  0  0]
 [ 0  0  0 10  0  0]
 [ 0  0  0  0  0 10]]
0.783
n_feature=3, score=0.783
[1, 1, 1]
[[ 7  3  0  0  0  0]
 [ 0 10  0  0  0  0]
 [ 0  0 10  0  0  0]
 [ 0  0  0 10  0  0]
 [ 0  0  0 10  0  0]
 [ 0  0  0  0  0 10]]
0.783
n_feature=3, score=0.783
[1, 1, 1]
[[ 7  3  0  0  0  0]
 [ 0 10  0  0  0  0]
 [ 0  0 10  0  0  0]
 [ 0  0  0 10  0  0]
 [ 0  0  0 10  0  0]
 [ 0  0  0  0  0 10]]
0.783
n_feature=3, score=0.783
[1, 1, 1]
[[ 7  3  0  0  0  0]
 [ 0 10  0  0  0  0]
 [ 0  0 10  0  0  0]
 [ 0  0  0 10  0  0]
 [ 0  0  0 10  0  0]
 [ 0  0  0  0  0 10]]
0.783
n_feature=3, score=0.783
[1, 1, 1]
[[ 7  3  0  0  0  0]
 [ 0 10  0  0  0  0]
 [ 0  0 10  0  0  0]
 [ 0  0  0 10  0  0]
 [ 0  0  0 10  0  0]
 [ 0  0  0  0  0 10]]
0.783
n_feature=3, score=0.783
[1, 1, 1]
[[ 7  3  0  0  0  0]
 [ 0 10  0  0  0  0]
 [ 0  0 10  0  0  0]
 [ 0  0  0 10  0  0]
 [ 0  0  0 10  0  0]
 [ 0  0  0  0  0 10]]
0.783
n_feature=3, score=0.783
[1, 1, 1]
[[ 7  3  0  0  0  0]
 [ 0 10  0  0  0  0]
 [ 0  0 10  0  0  0]
 [ 0  0  0 10  0  0]
 [ 0  0  0 10  0  0]
 [ 0  0  0  0  0 10]]
0.783
n_feature=3, score=0.783
[1, 1, 1]
[[ 7  3  0  0  0  0]
 [ 0 10  0  0  0  0]
 [ 0  0 10  0  0  0]
 [ 0  0  0 10  0  0]
 [ 0  0  0 10  0  0]
 [ 0  0  0  0  0 10]]
0.783
n_feature=3, score=0.783
[1, 1, 1]
[[ 7  3  0  0  0  0]
 [ 0 10  0  0  0  0]
 [ 0  0 10  0  0  0]
 [ 0  0  0 10  0  0]
 [ 0  0  0 10  0  0]
 [ 0  0  0  0  0 10]]
0.783
n_feature=3, score=0.783
[1, 1, 1]
[[ 7  3  0  0  0  0]
 [ 0 10  0  0  0  0]
 [ 0  0 10  0  0  0]
 [ 0  0  0 10  0  0]
 [ 0  0  0 10  0  0]
 [ 0  0  0  0  0 10]]
0.783
n_feature=3, score=0.783
[1, 1, 1]
[[ 7  3  0  0  0  0]
 [ 0 10  0  0  0  0]
 [ 0  0 10  0  0  0]
 [ 0  0  0 10  0  0]
 [ 0  0  0 10  0  0]
 [ 0  0  0  0  0 10]]
0.783
n_feature=3, score=0.783
[1, 1, 1]
[[ 7  3  0  0  0  0]
 [ 0 10  0  0  0  0]
 [ 0  0 10  0  0  0]
 [ 0  0  0 10  0  0]
 [ 0  0  0 10  0  0]
 [ 0  0  0  0  0 10]]
0.783
n_feature=3, score=0.783
[1, 1, 1]
[[ 7  3  0  0  0  0]
 [ 0 10  0  0  0  0]
 [ 0  0 10  0  0  0]
 [ 0  0  0 10  0  0]
 [ 0  0  0 10  0  0]
 [ 0  0  0  0  0 10]]
0.783
n_feature=3, score=0.783
[1, 1, 1]
[[ 7  3  0  0  0  0]
 [ 0 10  0  0  0  0]
 [ 0  0 10  0  0  0]
 [ 0  0  0 10  0  0]
 [ 0  0  0 10  0  0]
 [ 0  0  0  0  0 10]]
0.783
n_feature=3, score=0.783
[1, 1, 1]
[[ 7  3  0  0  0  0]
 [ 0 10  0  0  0  0]
 [ 0  0 10  0  0  0]
 [ 0  0  0 10  0  0]
 [ 0  0  0 10  0  0]
 [ 0  0  0  0  0 10]]
0.783
n_feature=3, score=0.783
[1, 1, 1]
[[ 7  3  0  0  0  0]
 [ 0 10  0  0  0  0]
 [ 0  0 10  0  0  0]
 [ 0  0  0 10  0  0]
 [ 0  0  0 10  0  0]
 [ 0  0  0  0  0 10]]
0.783
n_feature=3, score=0.783
[1, 1, 1]
[[ 7  3  0  0  0  0]
 [ 0 10  0  0  0  0]
 [ 0  0 10  0  0  0]
 [ 0  0  0 10  0  0]
 [ 0  0  0 10  0  0]
 [ 0  0  0  0  0 10]]
0.783
n_feature=3, score=0.783
[1, 1, 1]
[[ 7  3  0  0  0  0]
 [ 0 10  0  0  0  0]
 [ 0  0 10  0  0  0]
 [ 0  0  0 10  0  0]
 [ 0  0  0 10  0  0]
 [ 0  0  0  0  0 10]]
0.783
n_feature=3, score=0.783
[1, 1, 1]
[[ 7  3  0  0  0  0]
 [ 0 10  0  0  0  0]
 [ 0  0 10  0  0  0]
 [ 0  0  0 10  0  0]
 [ 0  0  0 10  0  0]
 [ 0  0  0  0  0 10]]
0.783
n_feature=3, score=0.783
[1, 1, 1]
[[ 7  3  0  0  0  0]
 [ 0 10  0  0  0  0]
 [ 0  0 10  0  0  0]
 [ 0  0  0 10  0  0]
 [ 0  0  0 10  0  0]
 [ 0  0  0  0  0 10]]
0.783
n_feature=3, score=0.783
[1, 1, 1]
[[ 7  3  0  0  0  0]
 [ 0 10  0  0  0  0]
 [ 0  0 10  0  0  0]
 [ 0  0  0 10  0  0]
 [ 0  0  0 10  0  0]
 [ 0  0  0  0  0 10]]
0.783
n_feature=3, score=0.783
[1, 1, 1]
[[ 7  3  0  0  0  0]
 [ 0 10  0  0  0  0]
 [ 0  0 10  0  0  0]
 [ 0  0  0 10  0  0]
 [ 0  0  0 10  0  0]
 [ 0  0  0  0  0 10]]
0.783
n_feature=3, score=0.783
[1, 1, 1]
[[ 7  3  0  0  0  0]
 [ 0 10  0  0  0  0]
 [ 0  0 10  0  0  0]
 [ 0  0  0 10  0  0]
 [ 0  0  0 10  0  0]
 [ 0  0  0  0  0 10]]
0.783
n_feature=3, score=0.783
[1, 1, 1]
[[ 7  3  0  0  0  0]
 [ 0 10  0  0  0  0]
 [ 0  0 10  0  0  0]
 [ 0  0  0 10  0  0]
 [ 0  0  0 10  0  0]
 [ 0  0  0  0  0 10]]
0.783
n_feature=3, score=0.783
[1, 1, 1]
[[ 7  3  0  0  0  0]
 [ 0 10  0  0  0  0]
 [ 0  0 10  0  0  0]
 [ 0  0  0 10  0  0]
 [ 0  0  0 10  0  0]
 [ 0  0  0  0  0 10]]
0.783
n_feature=3, score=0.783
[1, 1, 1]
[[ 7  3  0  0  0  0]
 [ 0 10  0  0  0  0]
 [ 0  0 10  0  0  0]
 [ 0  0  0 10  0  0]
 [ 0  0  0 10  0  0]
 [ 0  0  0  0  0 10]]
0.783
n_feature=3, score=0.783
[1, 1, 1]
[[ 7  3  0  0  0  0]
 [ 0 10  0  0  0  0]
 [ 0  0 10  0  0  0]
 [ 0  0  0 10  0  0]
 [ 0  0  0 10  0  0]
 [ 0  0  0  0  0 10]]
0.783
n_feature=3, score=0.783
[1, 1, 1]
[[ 7  3  0  0  0  0]
 [ 0 10  0  0  0  0]
 [ 0  0 10  0  0  0]
 [ 0  0  0 10  0  0]
 [ 0  0  0 10  0  0]
 [ 0  0  0  0  0 10]]
0.783
n_feature=3, score=0.783
[1, 1, 1]
[[ 7  3  0  0  0  0]
 [ 0 10  0  0  0  0]
 [ 0  0 10  0  0  0]
 [ 0  0  0 10  0  0]
 [ 0  0  0 10  0  0]
 [ 0  0  0  0  0 10]]
0.783
n_feature=3, score=0.783
[1, 1, 1]
[[ 7  3  0  0  0  0]
 [ 0 10  0  0  0  0]
 [ 0  0 10  0  0  0]
 [ 0  0  0 10  0  0]
 [ 0  0  0 10  0  0]
 [ 0  0  0  0  0 10]]
0.783
n_feature=3, score=0.783
[1, 1, 1]
[[ 7  3  0  0  0  0]
 [ 0 10  0  0  0  0]
 [ 0  0 10  0  0  0]
 [ 0  0  0 10  0  0]
 [ 0  0  0 10  0  0]
 [ 0  0  0  0  0 10]]
0.783
n_feature=3, score=0.783
[1, 1, 1]
[[ 7  3  0  0  0  0]
 [ 0 10  0  0  0  0]
 [ 0  0 10  0  0  0]
 [ 0  0  0 10  0  0]
 [ 0  0  0 10  0  0]
 [ 0  0  0  0  0 10]]
0.783
n_feature=3, score=0.783
[1, 1, 1]
[[ 7  3  0  0  0  0]
 [ 0 10  0  0  0  0]
 [ 0  0 10  0  0  0]
 [ 0  0  0 10  0  0]
 [ 0  0  0 10  0  0]
 [ 0  0  0  0  0 10]]
0.783
n_feature=3, score=0.783
[1, 1, 1]
[[ 7  3  0  0  0  0]
 [ 0 10  0  0  0  0]
 [ 0  0 10  0  0  0]
 [ 0  0  0 10  0  0]
 [ 0  0  0 10  0  0]
 [ 0  0  0  0  0 10]]
0.783
n_feature=3, score=0.783
[1, 1, 1]
[[ 7  3  0  0  0  0]
 [ 0 10  0  0  0  0]
 [ 0  0 10  0  0  0]
 [ 0  0  0 10  0  0]
 [ 0  0  0 10  0  0]
 [ 0  0  0  0  0 10]]
0.783
n_feature=3, score=0.783
[1, 1, 1]
[[ 7  3  0  0  0  0]
 [ 0 10  0  0  0  0]
 [ 0  0 10  0  0  0]
 [ 0  0  0 10  0  0]
 [ 0  0  0 10  0  0]
 [ 0  0  0  0  0 10]]
0.783
n_feature=3, score=0.783
[1, 1, 1]
[[ 7  3  0  0  0  0]
 [ 0 10  0  0  0  0]
 [ 0  0 10  0  0  0]
 [ 0  0  0 10  0  0]
 [ 0  0  0 10  0  0]
 [ 0  0  0  0  0 10]]
0.783
n_feature=3, score=0.783
[1, 1, 1]
[[ 7  3  0  0  0  0]
 [ 0 10  0  0  0  0]
 [ 0  0 10  0  0  0]
 [ 0  0  0 10  0  0]
 [ 0  0  0 10  0  0]
 [ 0  0  0  0  0 10]]
0.783
n_feature=3, score=0.783
[1, 1, 1]
[[ 7  3  0  0  0  0]
 [ 0 10  0  0  0  0]
 [ 0  0 10  0  0  0]
 [ 0  0  0 10  0  0]
 [ 0  0  0 10  0  0]
 [ 0  0  0  0  0 10]]
0.783
n_feature=3, score=0.783
[1, 1, 1]
[[ 7  3  0  0  0  0]
 [ 0 10  0  0  0  0]
 [ 0  0 10  0  0  0]
 [ 0  0  0 10  0  0]
 [ 0  0  0 10  0  0]
 [ 0  0  0  0  0 10]]
0.783
n_feature=3, score=0.783
[1, 1, 1]
[[ 7  3  0  0  0  0]
 [ 0 10  0  0  0  0]
 [ 0  0 10  0  0  0]
 [ 0  0  0 10  0  0]
 [ 0  0  0 10  0  0]
 [ 0  0  0  0  0 10]]
0.783
n_feature=3, score=0.783
[1, 1, 1]
[[ 7  3  0  0  0  0]
 [ 0 10  0  0  0  0]
 [ 0  0 10  0  0  0]
 [ 0  0  0 10  0  0]
 [ 0  0  0 10  0  0]
 [ 0  0  0  0  0 10]]
0.783
n_feature=3, score=0.783
[1, 1, 1]
[[ 7  3  0  0  0  0]
 [ 0 10  0  0  0  0]
 [ 0  0 10  0  0  0]
 [ 0  0  0 10  0  0]
 [ 0  0  0 10  0  0]
 [ 0  0  0  0  0 10]]
0.783
n_feature=3, score=0.783
[1, 1, 1]
[[ 7  3  0  0  0  0]
 [ 0 10  0  0  0  0]
 [ 0  0 10  0  0  0]
 [ 0  0  0 10  0  0]
 [ 0  0  0 10  0  0]
 [ 0  0  0  0  0 10]]
0.783
n_feature=3, score=0.783
[1, 1, 1]
[[ 7  3  0  0  0  0]
 [ 0 10  0  0  0  0]
 [ 0  0 10  0  0  0]
 [ 0  0  0 10  0  0]
 [ 0  0  0 10  0  0]
 [ 0  0  0  0  0 10]]
0.783
n_feature=3, score=0.783
[1, 1, 1]
[[ 7  3  0  0  0  0]
 [ 0 10  0  0  0  0]
 [ 0  0 10  0  0  0]
 [ 0  0  0 10  0  0]
 [ 0  0  0 10  0  0]
 [ 0  0  0  0  0 10]]
0.783
n_feature=3, score=0.783
[1, 1, 1]
[[ 7  3  0  0  0  0]
 [ 0 10  0  0  0  0]
 [ 0  0 10  0  0  0]
 [ 0  0  0 10  0  0]
 [ 0  0  0 10  0  0]
 [ 0  0  0  0  0 10]]
0.783
n_feature=3, score=0.783
[1, 1, 1]
[[ 7  3  0  0  0  0]
 [ 0 10  0  0  0  0]
 [ 0  0 10  0  0  0]
 [ 0  0  0 10  0  0]
 [ 0  0  0 10  0  0]
 [ 0  0  0  0  0 10]]
0.783
n_feature=3, score=0.783
[1, 1, 1]
[[ 7  3  0  0  0  0]
 [ 0 10  0  0  0  0]
 [ 0  0 10  0  0  0]
 [ 0  0  0 10  0  0]
 [ 0  0  0 10  0  0]
 [ 0  0  0  0  0 10]]
0.783
n_feature=3, score=0.783
[1, 1, 1]
[[ 7  3  0  0  0  0]
 [ 0 10  0  0  0  0]
 [ 0  0 10  0  0  0]
 [ 0  0  0 10  0  0]
 [ 0  0  0 10  0  0]
 [ 0  0  0  0  0 10]]
0.783
n_feature=3, score=0.783
[1, 1, 1]
[[ 7  3  0  0  0  0]
 [ 0 10  0  0  0  0]
 [ 0  0 10  0  0  0]
 [ 0  0  0 10  0  0]
 [ 0  0  0 10  0  0]
 [ 0  0  0  0  0 10]]
0.783
n_feature=3, score=0.783
[1, 1, 1]
[[ 7  3  0  0  0  0]
 [ 0 10  0  0  0  0]
 [ 0  0 10  0  0  0]
 [ 0  0  0 10  0  0]
 [ 0  0  0 10  0  0]
 [ 0  0  0  0  0 10]]
0.783
n_feature=3, score=0.783
[1, 1, 1]
[[ 7  3  0  0  0  0]
 [ 0 10  0  0  0  0]
 [ 0  0 10  0  0  0]
 [ 0  0  0 10  0  0]
 [ 0  0  0 10  0  0]
 [ 0  0  0  0  0 10]]
0.783
n_feature=3, score=0.783
[1, 1, 1]
[[ 7  3  0  0  0  0]
 [ 0 10  0  0  0  0]
 [ 0  0 10  0  0  0]
 [ 0  0  0 10  0  0]
 [ 0  0  0 10  0  0]
 [ 0  0  0  0  0 10]]
0.783
n_feature=3, score=0.783
[1, 1, 1]
[[ 7  3  0  0  0  0]
 [ 0 10  0  0  0  0]
 [ 0  0 10  0  0  0]
 [ 0  0  0 10  0  0]
 [ 0  0  0 10  0  0]
 [ 0  0  0  0  0 10]]
0.783
n_feature=3, score=0.783
[1, 1, 1]
[[ 7  3  0  0  0  0]
 [ 0 10  0  0  0  0]
 [ 0  0 10  0  0  0]
 [ 0  0  0 10  0  0]
 [ 0  0  0 10  0  0]
 [ 0  0  0  0  0 10]]
0.783
n_feature=3, score=0.783
[1, 1, 1]
[[ 7  3  0  0  0  0]
 [ 0 10  0  0  0  0]
 [ 0  0 10  0  0  0]
 [ 0  0  0 10  0  0]
 [ 0  0  0 10  0  0]
 [ 0  0  0  0  0 10]]
0.783
n_feature=3, score=0.783
[1, 1, 1]
[[ 7  3  0  0  0  0]
 [ 0 10  0  0  0  0]
 [ 0  0 10  0  0  0]
 [ 0  0  0 10  0  0]
 [ 0  0  0 10  0  0]
 [ 0  0  0  0  0 10]]
0.783
n_feature=3, score=0.783
[1, 1, 1]
[[ 7  3  0  0  0  0]
 [ 0 10  0  0  0  0]
 [ 0  0 10  0  0  0]
 [ 0  0  0 10  0  0]
 [ 0  0  0 10  0  0]
 [ 0  0  0  0  0 10]]
0.783
n_feature=3, score=0.783
[1, 1, 1]
[[ 7  3  0  0  0  0]
 [ 0 10  0  0  0  0]
 [ 0  0 10  0  0  0]
 [ 0  0  0 10  0  0]
 [ 0  0  0 10  0  0]
 [ 0  0  0  0  0 10]]
0.783
n_feature=3, score=0.783
[1, 1, 1]
[[ 7  3  0  0  0  0]
 [ 0 10  0  0  0  0]
 [ 0  0 10  0  0  0]
 [ 0  0  0 10  0  0]
 [ 0  0  0 10  0  0]
 [ 0  0  0  0  0 10]]
0.783
n_feature=3, score=0.783
[1, 1, 1]
[[ 7  3  0  0  0  0]
 [ 0 10  0  0  0  0]
 [ 0  0 10  0  0  0]
 [ 0  0  0 10  0  0]
 [ 0  0  0 10  0  0]
 [ 0  0  0  0  0 10]]
0.783
n_feature=3, score=0.783
[1, 1, 1]
[[ 7  3  0  0  0  0]
 [ 0 10  0  0  0  0]
 [ 0  0 10  0  0  0]
 [ 0  0  0 10  0  0]
 [ 0  0  0 10  0  0]
 [ 0  0  0  0  0 10]]
0.783
n_feature=3, score=0.783
[1, 1, 1]
[[ 7  3  0  0  0  0]
 [ 0 10  0  0  0  0]
 [ 0  0 10  0  0  0]
 [ 0  0  0 10  0  0]
 [ 0  0  0 10  0  0]
 [ 0  0  0  0  0 10]]
0.783
n_feature=3, score=0.783
[1, 1, 1]
[[ 7  3  0  0  0  0]
 [ 0 10  0  0  0  0]
 [ 0  0 10  0  0  0]
 [ 0  0  0 10  0  0]
 [ 0  0  0 10  0  0]
 [ 0  0  0  0  0 10]]
0.783
n_feature=3, score=0.783
[1, 1, 1]
[[ 7  3  0  0  0  0]
 [ 0 10  0  0  0  0]
 [ 0  0 10  0  0  0]
 [ 0  0  0 10  0  0]
 [ 0  0  0 10  0  0]
 [ 0  0  0  0  0 10]]
0.783
n_feature=3, score=0.783
[1, 1, 1]
[[ 7  3  0  0  0  0]
 [ 0 10  0  0  0  0]
 [ 0  0 10  0  0  0]
 [ 0  0  0 10  0  0]
 [ 0  0  0 10  0  0]
 [ 0  0  0  0  0 10]]
0.783
n_feature=3, score=0.783
[1, 1, 1]
[[ 7  3  0  0  0  0]
 [ 0 10  0  0  0  0]
 [ 0  0 10  0  0  0]
 [ 0  0  0 10  0  0]
 [ 0  0  0 10  0  0]
 [ 0  0  0  0  0 10]]
0.783
n_feature=3, score=0.783
[1, 1, 1]
[[ 7  3  0  0  0  0]
 [ 0 10  0  0  0  0]
 [ 0  0 10  0  0  0]
 [ 0  0  0 10  0  0]
 [ 0  0  0 10  0  0]
 [ 0  0  0  0  0 10]]
0.783
n_feature=3, score=0.783
[1, 1, 1]
[[ 7  3  0  0  0  0]
 [ 0 10  0  0  0  0]
 [ 0  0 10  0  0  0]
 [ 0  0  0 10  0  0]
 [ 0  0  0 10  0  0]
 [ 0  0  0  0  0 10]]
0.783
n_feature=3, score=0.783
[1, 1, 1]
[[ 7  3  0  0  0  0]
 [ 0 10  0  0  0  0]
 [ 0  0 10  0  0  0]
 [ 0  0  0 10  0  0]
 [ 0  0  0 10  0  0]
 [ 0  0  0  0  0 10]]
0.783
n_feature=2, score=0.55
[0, 1, 1]
[[ 0  3  0  7  0  0]
 [ 0 10  0  0  0  0]
 [ 0  0  9  0  1  0]
 [ 0  0  0 10  0  0]
 [ 0  0  0 10  0  0]
 [ 0  5  1  0  0  4]]
0.55
n_feature=3, score=0.783
[1, 1, 1]
[[ 7  3  0  0  0  0]
 [ 0 10  0  0  0  0]
 [ 0  0 10  0  0  0]
 [ 0  0  0 10  0  0]
 [ 0  0  0 10  0  0]
 [ 0  0  0  0  0 10]]
0.783
n_feature=3, score=0.783
[1, 1, 1]
[[ 7  3  0  0  0  0]
 [ 0 10  0  0  0  0]
 [ 0  0 10  0  0  0]
 [ 0  0  0 10  0  0]
 [ 0  0  0 10  0  0]
 [ 0  0  0  0  0 10]]
0.783
n_feature=3, score=0.783
[1, 1, 1]
[[ 7  3  0  0  0  0]
 [ 0 10  0  0  0  0]
 [ 0  0 10  0  0  0]
 [ 0  0  0 10  0  0]
 [ 0  0  0 10  0  0]
 [ 0  0  0  0  0 10]]
0.783
n_feature=3, score=0.783
[1, 1, 1]
[[ 7  3  0  0  0  0]
 [ 0 10  0  0  0  0]
 [ 0  0 10  0  0  0]
 [ 0  0  0 10  0  0]
 [ 0  0  0 10  0  0]
 [ 0  0  0  0  0 10]]
0.783
n_feature=3, score=0.783
[1, 1, 1]
[[ 7  3  0  0  0  0]
 [ 0 10  0  0  0  0]
 [ 0  0 10  0  0  0]
 [ 0  0  0 10  0  0]
 [ 0  0  0 10  0  0]
 [ 0  0  0  0  0 10]]
0.783
n_feature=3, score=0.783
[1, 1, 1]
[[ 7  3  0  0  0  0]
 [ 0 10  0  0  0  0]
 [ 0  0 10  0  0  0]
 [ 0  0  0 10  0  0]
 [ 0  0  0 10  0  0]
 [ 0  0  0  0  0 10]]
0.783
n_feature=3, score=0.783
[1, 1, 1]
[[ 7  3  0  0  0  0]
 [ 0 10  0  0  0  0]
 [ 0  0 10  0  0  0]
 [ 0  0  0 10  0  0]
 [ 0  0  0 10  0  0]
 [ 0  0  0  0  0 10]]
0.783
n_feature=3, score=0.783
[1, 1, 1]
[[ 7  3  0  0  0  0]
 [ 0 10  0  0  0  0]
 [ 0  0 10  0  0  0]
 [ 0  0  0 10  0  0]
 [ 0  0  0 10  0  0]
 [ 0  0  0  0  0 10]]
0.783
n_feature=3, score=0.783
[1, 1, 1]
[[ 7  3  0  0  0  0]
 [ 0 10  0  0  0  0]
 [ 0  0 10  0  0  0]
 [ 0  0  0 10  0  0]
 [ 0  0  0 10  0  0]
 [ 0  0  0  0  0 10]]
0.783
n_feature=3, score=0.783
[1, 1, 1]
[[ 7  3  0  0  0  0]
 [ 0 10  0  0  0  0]
 [ 0  0 10  0  0  0]
 [ 0  0  0 10  0  0]
 [ 0  0  0 10  0  0]
 [ 0  0  0  0  0 10]]
0.783
n_feature=3, score=0.783
[1, 1, 1]
[[ 7  3  0  0  0  0]
 [ 0 10  0  0  0  0]
 [ 0  0 10  0  0  0]
 [ 0  0  0 10  0  0]
 [ 0  0  0 10  0  0]
 [ 0  0  0  0  0 10]]
0.783
n_feature=2, score=0.633
[1, 0, 1]
[[ 7  3  0  0  0  0]
 [ 0 10  0  0  0  0]
 [ 5  4  1  0  0  0]
 [ 0  0  0  0 10  0]
 [ 0  0  0  0 10  0]
 [ 0  0  0  0  0 10]]
0.633
n_feature=3, score=0.783
[1, 1, 1]
[[ 7  3  0  0  0  0]
 [ 0 10  0  0  0  0]
 [ 0  0 10  0  0  0]
 [ 0  0  0 10  0  0]
 [ 0  0  0 10  0  0]
 [ 0  0  0  0  0 10]]
0.783
n_feature=3, score=0.783
[1, 1, 1]
[[ 7  3  0  0  0  0]
 [ 0 10  0  0  0  0]
 [ 0  0 10  0  0  0]
 [ 0  0  0 10  0  0]
 [ 0  0  0 10  0  0]
 [ 0  0  0  0  0 10]]
0.783
n_feature=3, score=0.783
[1, 1, 1]
[[ 7  3  0  0  0  0]
 [ 0 10  0  0  0  0]
 [ 0  0 10  0  0  0]
 [ 0  0  0 10  0  0]
 [ 0  0  0 10  0  0]
 [ 0  0  0  0  0 10]]
0.783
n_feature=3, score=0.783
[1, 1, 1]
[[ 7  3  0  0  0  0]
 [ 0 10  0  0  0  0]
 [ 0  0 10  0  0  0]
 [ 0  0  0 10  0  0]
 [ 0  0  0 10  0  0]
 [ 0  0  0  0  0 10]]
0.783
n_feature=3, score=0.783
[1, 1, 1]
[[ 7  3  0  0  0  0]
 [ 0 10  0  0  0  0]
 [ 0  0 10  0  0  0]
 [ 0  0  0 10  0  0]
 [ 0  0  0 10  0  0]
 [ 0  0  0  0  0 10]]
0.783
n_feature=3, score=0.783
[1, 1, 1]
[[ 7  3  0  0  0  0]
 [ 0 10  0  0  0  0]
 [ 0  0 10  0  0  0]
 [ 0  0  0 10  0  0]
 [ 0  0  0 10  0  0]
 [ 0  0  0  0  0 10]]
0.783
n_feature=3, score=0.783
[1, 1, 1]
[[ 7  3  0  0  0  0]
 [ 0 10  0  0  0  0]
 [ 0  0 10  0  0  0]
 [ 0  0  0 10  0  0]
 [ 0  0  0 10  0  0]
 [ 0  0  0  0  0 10]]
0.783
n_feature=3, score=0.783
[1, 1, 1]
[[ 7  3  0  0  0  0]
 [ 0 10  0  0  0  0]
 [ 0  0 10  0  0  0]
 [ 0  0  0 10  0  0]
 [ 0  0  0 10  0  0]
 [ 0  0  0  0  0 10]]
0.783
n_feature=3, score=0.783
[1, 1, 1]
[[ 7  3  0  0  0  0]
 [ 0 10  0  0  0  0]
 [ 0  0 10  0  0  0]
 [ 0  0  0 10  0  0]
 [ 0  0  0 10  0  0]
 [ 0  0  0  0  0 10]]
0.783
n_feature=3, score=0.783
[1, 1, 1]
[[ 7  3  0  0  0  0]
 [ 0 10  0  0  0  0]
 [ 0  0 10  0  0  0]
 [ 0  0  0 10  0  0]
 [ 0  0  0 10  0  0]
 [ 0  0  0  0  0 10]]
0.783
n_feature=3, score=0.783
[1, 1, 1]
[[ 7  3  0  0  0  0]
 [ 0 10  0  0  0  0]
 [ 0  0 10  0  0  0]
 [ 0  0  0 10  0  0]
 [ 0  0  0 10  0  0]
 [ 0  0  0  0  0 10]]
0.783
n_feature=3, score=0.783
[1, 1, 1]
[[ 7  3  0  0  0  0]
 [ 0 10  0  0  0  0]
 [ 0  0 10  0  0  0]
 [ 0  0  0 10  0  0]
 [ 0  0  0 10  0  0]
 [ 0  0  0  0  0 10]]
0.783
n_feature=3, score=0.783
[1, 1, 1]
[[ 7  3  0  0  0  0]
 [ 0 10  0  0  0  0]
 [ 0  0 10  0  0  0]
 [ 0  0  0 10  0  0]
 [ 0  0  0 10  0  0]
 [ 0  0  0  0  0 10]]
0.783
n_feature=3, score=0.783
[1, 1, 1]
[[ 7  3  0  0  0  0]
 [ 0 10  0  0  0  0]
 [ 0  0 10  0  0  0]
 [ 0  0  0 10  0  0]
 [ 0  0  0 10  0  0]
 [ 0  0  0  0  0 10]]
0.783
n_feature=3, score=0.783
[1, 1, 1]
[[ 7  3  0  0  0  0]
 [ 0 10  0  0  0  0]
 [ 0  0 10  0  0  0]
 [ 0  0  0 10  0  0]
 [ 0  0  0 10  0  0]
 [ 0  0  0  0  0 10]]
0.783
n_feature=3, score=0.783
[1, 1, 1]
[[ 7  3  0  0  0  0]
 [ 0 10  0  0  0  0]
 [ 0  0 10  0  0  0]
 [ 0  0  0 10  0  0]
 [ 0  0  0 10  0  0]
 [ 0  0  0  0  0 10]]
0.783
n_feature=3, score=0.783
[1, 1, 1]
[[ 7  3  0  0  0  0]
 [ 0 10  0  0  0  0]
 [ 0  0 10  0  0  0]
 [ 0  0  0 10  0  0]
 [ 0  0  0 10  0  0]
 [ 0  0  0  0  0 10]]
0.783
n_feature=3, score=0.783
[1, 1, 1]
[[ 7  3  0  0  0  0]
 [ 0 10  0  0  0  0]
 [ 0  0 10  0  0  0]
 [ 0  0  0 10  0  0]
 [ 0  0  0 10  0  0]
 [ 0  0  0  0  0 10]]
0.783
n_feature=3, score=0.783
[1, 1, 1]
[[ 7  3  0  0  0  0]
 [ 0 10  0  0  0  0]
 [ 0  0 10  0  0  0]
 [ 0  0  0 10  0  0]
 [ 0  0  0 10  0  0]
 [ 0  0  0  0  0 10]]
0.783
n_feature=3, score=0.783
[1, 1, 1]
[[ 7  3  0  0  0  0]
 [ 0 10  0  0  0  0]
 [ 0  0 10  0  0  0]
 [ 0  0  0 10  0  0]
 [ 0  0  0 10  0  0]
 [ 0  0  0  0  0 10]]
0.783
n_feature=3, score=0.783
[1, 1, 1]
[[ 7  3  0  0  0  0]
 [ 0 10  0  0  0  0]
 [ 0  0 10  0  0  0]
 [ 0  0  0 10  0  0]
 [ 0  0  0 10  0  0]
 [ 0  0  0  0  0 10]]
0.783
n_feature=3, score=0.783
[1, 1, 1]
[[ 7  3  0  0  0  0]
 [ 0 10  0  0  0  0]
 [ 0  0 10  0  0  0]
 [ 0  0  0 10  0  0]
 [ 0  0  0 10  0  0]
 [ 0  0  0  0  0 10]]
0.783
n_feature=3, score=0.783
[1, 1, 1]
[[ 7  3  0  0  0  0]
 [ 0 10  0  0  0  0]
 [ 0  0 10  0  0  0]
 [ 0  0  0 10  0  0]
 [ 0  0  0 10  0  0]
 [ 0  0  0  0  0 10]]
0.783
n_feature=3, score=0.783
[1, 1, 1]
[[ 7  3  0  0  0  0]
 [ 0 10  0  0  0  0]
 [ 0  0 10  0  0  0]
 [ 0  0  0 10  0  0]
 [ 0  0  0 10  0  0]
 [ 0  0  0  0  0 10]]
0.783
n_feature=3, score=0.783
[1, 1, 1]
[[ 7  3  0  0  0  0]
 [ 0 10  0  0  0  0]
 [ 0  0 10  0  0  0]
 [ 0  0  0 10  0  0]
 [ 0  0  0 10  0  0]
 [ 0  0  0  0  0 10]]
0.783
n_feature=3, score=0.783
[1, 1, 1]
[[ 7  3  0  0  0  0]
 [ 0 10  0  0  0  0]
 [ 0  0 10  0  0  0]
 [ 0  0  0 10  0  0]
 [ 0  0  0 10  0  0]
 [ 0  0  0  0  0 10]]
0.783
n_feature=3, score=0.783
[1, 1, 1]
[[ 7  3  0  0  0  0]
 [ 0 10  0  0  0  0]
 [ 0  0 10  0  0  0]
 [ 0  0  0 10  0  0]
 [ 0  0  0 10  0  0]
 [ 0  0  0  0  0 10]]
0.783
n_feature=3, score=0.783
[1, 1, 1]
[[ 7  3  0  0  0  0]
 [ 0 10  0  0  0  0]
 [ 0  0 10  0  0  0]
 [ 0  0  0 10  0  0]
 [ 0  0  0 10  0  0]
 [ 0  0  0  0  0 10]]
0.783
n_feature=3, score=0.783
[1, 1, 1]
[[ 7  3  0  0  0  0]
 [ 0 10  0  0  0  0]
 [ 0  0 10  0  0  0]
 [ 0  0  0 10  0  0]
 [ 0  0  0 10  0  0]
 [ 0  0  0  0  0 10]]
0.783
n_feature=3, score=0.783
[1, 1, 1]
[[ 7  3  0  0  0  0]
 [ 0 10  0  0  0  0]
 [ 0  0 10  0  0  0]
 [ 0  0  0 10  0  0]
 [ 0  0  0 10  0  0]
 [ 0  0  0  0  0 10]]
0.783
n_feature=3, score=0.783
[1, 1, 1]
[[ 7  3  0  0  0  0]
 [ 0 10  0  0  0  0]
 [ 0  0 10  0  0  0]
 [ 0  0  0 10  0  0]
 [ 0  0  0 10  0  0]
 [ 0  0  0  0  0 10]]
0.783
n_feature=2, score=0.633
[1, 0, 1]
[[ 7  3  0  0  0  0]
 [ 0 10  0  0  0  0]
 [ 5  4  1  0  0  0]
 [ 0  0  0  0 10  0]
 [ 0  0  0  0 10  0]
 [ 0  0  0  0  0 10]]
0.633
n_feature=3, score=0.783
[1, 1, 1]
[[ 7  3  0  0  0  0]
 [ 0 10  0  0  0  0]
 [ 0  0 10  0  0  0]
 [ 0  0  0 10  0  0]
 [ 0  0  0 10  0  0]
 [ 0  0  0  0  0 10]]
0.783
n_feature=2, score=0.583
[1, 1, 0]
[[ 0 10  0  0  0  0]
 [ 0 10  0  0  0  0]
 [ 0  0 10  0  0  0]
 [ 0  0  0 10  0  0]
 [ 0  0  0 10  0  0]
 [ 0  0  0  5  0  5]]
0.583
n_feature=3, score=0.783
[1, 1, 1]
[[ 7  3  0  0  0  0]
 [ 0 10  0  0  0  0]
 [ 0  0 10  0  0  0]
 [ 0  0  0 10  0  0]
 [ 0  0  0 10  0  0]
 [ 0  0  0  0  0 10]]
0.783
n_feature=3, score=0.783
[1, 1, 1]
[[ 7  3  0  0  0  0]
 [ 0 10  0  0  0  0]
 [ 0  0 10  0  0  0]
 [ 0  0  0 10  0  0]
 [ 0  0  0 10  0  0]
 [ 0  0  0  0  0 10]]
0.783
n_feature=3, score=0.783
[1, 1, 1]
[[ 7  3  0  0  0  0]
 [ 0 10  0  0  0  0]
 [ 0  0 10  0  0  0]
 [ 0  0  0 10  0  0]
 [ 0  0  0 10  0  0]
 [ 0  0  0  0  0 10]]
0.783
n_feature=3, score=0.783
[1, 1, 1]
[[ 7  3  0  0  0  0]
 [ 0 10  0  0  0  0]
 [ 0  0 10  0  0  0]
 [ 0  0  0 10  0  0]
 [ 0  0  0 10  0  0]
 [ 0  0  0  0  0 10]]
0.783
n_feature=3, score=0.783
[1, 1, 1]
[[ 7  3  0  0  0  0]
 [ 0 10  0  0  0  0]
 [ 0  0 10  0  0  0]
 [ 0  0  0 10  0  0]
 [ 0  0  0 10  0  0]
 [ 0  0  0  0  0 10]]
0.783
n_feature=3, score=0.783
[1, 1, 1]
[[ 7  3  0  0  0  0]
 [ 0 10  0  0  0  0]
 [ 0  0 10  0  0  0]
 [ 0  0  0 10  0  0]
 [ 0  0  0 10  0  0]
 [ 0  0  0  0  0 10]]
0.783
n_feature=3, score=0.783
[1, 1, 1]
[[ 7  3  0  0  0  0]
 [ 0 10  0  0  0  0]
 [ 0  0 10  0  0  0]
 [ 0  0  0 10  0  0]
 [ 0  0  0 10  0  0]
 [ 0  0  0  0  0 10]]
0.783
n_feature=3, score=0.783
[1, 1, 1]
[[ 7  3  0  0  0  0]
 [ 0 10  0  0  0  0]
 [ 0  0 10  0  0  0]
 [ 0  0  0 10  0  0]
 [ 0  0  0 10  0  0]
 [ 0  0  0  0  0 10]]
0.783
n_feature=3, score=0.783
[1, 1, 1]
[[ 7  3  0  0  0  0]
 [ 0 10  0  0  0  0]
 [ 0  0 10  0  0  0]
 [ 0  0  0 10  0  0]
 [ 0  0  0 10  0  0]
 [ 0  0  0  0  0 10]]
0.783
n_feature=3, score=0.783
[1, 1, 1]
[[ 7  3  0  0  0  0]
 [ 0 10  0  0  0  0]
 [ 0  0 10  0  0  0]
 [ 0  0  0 10  0  0]
 [ 0  0  0 10  0  0]
 [ 0  0  0  0  0 10]]
0.783
n_feature=3, score=0.783
[1, 1, 1]
[[ 7  3  0  0  0  0]
 [ 0 10  0  0  0  0]
 [ 0  0 10  0  0  0]
 [ 0  0  0 10  0  0]
 [ 0  0  0 10  0  0]
 [ 0  0  0  0  0 10]]
0.783
n_feature=3, score=0.783
[1, 1, 1]
[[ 7  3  0  0  0  0]
 [ 0 10  0  0  0  0]
 [ 0  0 10  0  0  0]
 [ 0  0  0 10  0  0]
 [ 0  0  0 10  0  0]
 [ 0  0  0  0  0 10]]
0.783
n_feature=3, score=0.783
[1, 1, 1]
[[ 7  3  0  0  0  0]
 [ 0 10  0  0  0  0]
 [ 0  0 10  0  0  0]
 [ 0  0  0 10  0  0]
 [ 0  0  0 10  0  0]
 [ 0  0  0  0  0 10]]
0.783
n_feature=3, score=0.783
[1, 1, 1]
[[ 7  3  0  0  0  0]
 [ 0 10  0  0  0  0]
 [ 0  0 10  0  0  0]
 [ 0  0  0 10  0  0]
 [ 0  0  0 10  0  0]
 [ 0  0  0  0  0 10]]
0.783
n_feature=3, score=0.783
[1, 1, 1]
[[ 7  3  0  0  0  0]
 [ 0 10  0  0  0  0]
 [ 0  0 10  0  0  0]
 [ 0  0  0 10  0  0]
 [ 0  0  0 10  0  0]
 [ 0  0  0  0  0 10]]
0.783
n_feature=3, score=0.783
[1, 1, 1]
[[ 7  3  0  0  0  0]
 [ 0 10  0  0  0  0]
 [ 0  0 10  0  0  0]
 [ 0  0  0 10  0  0]
 [ 0  0  0 10  0  0]
 [ 0  0  0  0  0 10]]
0.783
n_feature=2, score=0.633
[1, 0, 1]
[[ 7  3  0  0  0  0]
 [ 0 10  0  0  0  0]
 [ 5  4  1  0  0  0]
 [ 0  0  0  0 10  0]
 [ 0  0  0  0 10  0]
 [ 0  0  0  0  0 10]]
0.633
n_feature=3, score=0.783
[1, 1, 1]
[[ 7  3  0  0  0  0]
 [ 0 10  0  0  0  0]
 [ 0  0 10  0  0  0]
 [ 0  0  0 10  0  0]
 [ 0  0  0 10  0  0]
 [ 0  0  0  0  0 10]]
0.783
n_feature=3, score=0.783
[1, 1, 1]
[[ 7  3  0  0  0  0]
 [ 0 10  0  0  0  0]
 [ 0  0 10  0  0  0]
 [ 0  0  0 10  0  0]
 [ 0  0  0 10  0  0]
 [ 0  0  0  0  0 10]]
0.783
n_feature=3, score=0.783
[1, 1, 1]
[[ 7  3  0  0  0  0]
 [ 0 10  0  0  0  0]
 [ 0  0 10  0  0  0]
 [ 0  0  0 10  0  0]
 [ 0  0  0 10  0  0]
 [ 0  0  0  0  0 10]]
0.783
n_feature=3, score=0.783
[1, 1, 1]
[[ 7  3  0  0  0  0]
 [ 0 10  0  0  0  0]
 [ 0  0 10  0  0  0]
 [ 0  0  0 10  0  0]
 [ 0  0  0 10  0  0]
 [ 0  0  0  0  0 10]]
0.783
n_feature=3, score=0.783
[1, 1, 1]
[[ 7  3  0  0  0  0]
 [ 0 10  0  0  0  0]
 [ 0  0 10  0  0  0]
 [ 0  0  0 10  0  0]
 [ 0  0  0 10  0  0]
 [ 0  0  0  0  0 10]]
0.783
n_feature=3, score=0.783
[1, 1, 1]
[[ 7  3  0  0  0  0]
 [ 0 10  0  0  0  0]
 [ 0  0 10  0  0  0]
 [ 0  0  0 10  0  0]
 [ 0  0  0 10  0  0]
 [ 0  0  0  0  0 10]]
0.783
n_feature=3, score=0.783
[1, 1, 1]
[[ 7  3  0  0  0  0]
 [ 0 10  0  0  0  0]
 [ 0  0 10  0  0  0]
 [ 0  0  0 10  0  0]
 [ 0  0  0 10  0  0]
 [ 0  0  0  0  0 10]]
0.783
n_feature=3, score=0.783
[1, 1, 1]
[[ 7  3  0  0  0  0]
 [ 0 10  0  0  0  0]
 [ 0  0 10  0  0  0]
 [ 0  0  0 10  0  0]
 [ 0  0  0 10  0  0]
 [ 0  0  0  0  0 10]]
0.783
n_feature=3, score=0.783
[1, 1, 1]
[[ 7  3  0  0  0  0]
 [ 0 10  0  0  0  0]
 [ 0  0 10  0  0  0]
 [ 0  0  0 10  0  0]
 [ 0  0  0 10  0  0]
 [ 0  0  0  0  0 10]]
0.783
n_feature=3, score=0.783
[1, 1, 1]
[[ 7  3  0  0  0  0]
 [ 0 10  0  0  0  0]
 [ 0  0 10  0  0  0]
 [ 0  0  0 10  0  0]
 [ 0  0  0 10  0  0]
 [ 0  0  0  0  0 10]]
0.783
n_feature=3, score=0.783
[1, 1, 1]
[[ 7  3  0  0  0  0]
 [ 0 10  0  0  0  0]
 [ 0  0 10  0  0  0]
 [ 0  0  0 10  0  0]
 [ 0  0  0 10  0  0]
 [ 0  0  0  0  0 10]]
0.783
n_feature=3, score=0.783
[1, 1, 1]
[[ 7  3  0  0  0  0]
 [ 0 10  0  0  0  0]
 [ 0  0 10  0  0  0]
 [ 0  0  0 10  0  0]
 [ 0  0  0 10  0  0]
 [ 0  0  0  0  0 10]]
0.783
n_feature=3, score=0.783
[1, 1, 1]
[[ 7  3  0  0  0  0]
 [ 0 10  0  0  0  0]
 [ 0  0 10  0  0  0]
 [ 0  0  0 10  0  0]
 [ 0  0  0 10  0  0]
 [ 0  0  0  0  0 10]]
0.783
n_feature=3, score=0.783
[1, 1, 1]
[[ 7  3  0  0  0  0]
 [ 0 10  0  0  0  0]
 [ 0  0 10  0  0  0]
 [ 0  0  0 10  0  0]
 [ 0  0  0 10  0  0]
 [ 0  0  0  0  0 10]]
0.783
n_feature=2, score=0.55
[0, 1, 1]
[[ 0  3  0  7  0  0]
 [ 0 10  0  0  0  0]
 [ 0  0  9  0  1  0]
 [ 0  0  0 10  0  0]
 [ 0  0  0 10  0  0]
 [ 0  5  1  0  0  4]]
0.55
n_feature=3, score=0.783
[1, 1, 1]
[[ 7  3  0  0  0  0]
 [ 0 10  0  0  0  0]
 [ 0  0 10  0  0  0]
 [ 0  0  0 10  0  0]
 [ 0  0  0 10  0  0]
 [ 0  0  0  0  0 10]]
0.783
n_feature=3, score=0.783
[1, 1, 1]
[[ 7  3  0  0  0  0]
 [ 0 10  0  0  0  0]
 [ 0  0 10  0  0  0]
 [ 0  0  0 10  0  0]
 [ 0  0  0 10  0  0]
 [ 0  0  0  0  0 10]]
0.783
n_feature=3, score=0.783
[1, 1, 1]
[[ 7  3  0  0  0  0]
 [ 0 10  0  0  0  0]
 [ 0  0 10  0  0  0]
 [ 0  0  0 10  0  0]
 [ 0  0  0 10  0  0]
 [ 0  0  0  0  0 10]]
0.783
n_feature=3, score=0.783
[1, 1, 1]
[[ 7  3  0  0  0  0]
 [ 0 10  0  0  0  0]
 [ 0  0 10  0  0  0]
 [ 0  0  0 10  0  0]
 [ 0  0  0 10  0  0]
 [ 0  0  0  0  0 10]]
0.783
n_feature=3, score=0.783
[1, 1, 1]
[[ 7  3  0  0  0  0]
 [ 0 10  0  0  0  0]
 [ 0  0 10  0  0  0]
 [ 0  0  0 10  0  0]
 [ 0  0  0 10  0  0]
 [ 0  0  0  0  0 10]]
0.783
n_feature=3, score=0.783
[1, 1, 1]
[[ 7  3  0  0  0  0]
 [ 0 10  0  0  0  0]
 [ 0  0 10  0  0  0]
 [ 0  0  0 10  0  0]
 [ 0  0  0 10  0  0]
 [ 0  0  0  0  0 10]]
0.783
n_feature=3, score=0.783
[1, 1, 1]
[[ 7  3  0  0  0  0]
 [ 0 10  0  0  0  0]
 [ 0  0 10  0  0  0]
 [ 0  0  0 10  0  0]
 [ 0  0  0 10  0  0]
 [ 0  0  0  0  0 10]]
0.783
n_feature=3, score=0.783
[1, 1, 1]
[[ 7  3  0  0  0  0]
 [ 0 10  0  0  0  0]
 [ 0  0 10  0  0  0]
 [ 0  0  0 10  0  0]
 [ 0  0  0 10  0  0]
 [ 0  0  0  0  0 10]]
0.783
n_feature=3, score=0.783
[1, 1, 1]
[[ 7  3  0  0  0  0]
 [ 0 10  0  0  0  0]
 [ 0  0 10  0  0  0]
 [ 0  0  0 10  0  0]
 [ 0  0  0 10  0  0]
 [ 0  0  0  0  0 10]]
0.783
n_feature=3, score=0.783
[1, 1, 1]
[[ 7  3  0  0  0  0]
 [ 0 10  0  0  0  0]
 [ 0  0 10  0  0  0]
 [ 0  0  0 10  0  0]
 [ 0  0  0 10  0  0]
 [ 0  0  0  0  0 10]]
0.783
n_feature=3, score=0.783
[1, 1, 1]
[[ 7  3  0  0  0  0]
 [ 0 10  0  0  0  0]
 [ 0  0 10  0  0  0]
 [ 0  0  0 10  0  0]
 [ 0  0  0 10  0  0]
 [ 0  0  0  0  0 10]]
0.783
n_feature=3, score=0.783
[1, 1, 1]
[[ 7  3  0  0  0  0]
 [ 0 10  0  0  0  0]
 [ 0  0 10  0  0  0]
 [ 0  0  0 10  0  0]
 [ 0  0  0 10  0  0]
 [ 0  0  0  0  0 10]]
0.783
n_feature=3, score=0.783
[1, 1, 1]
[[ 7  3  0  0  0  0]
 [ 0 10  0  0  0  0]
 [ 0  0 10  0  0  0]
 [ 0  0  0 10  0  0]
 [ 0  0  0 10  0  0]
 [ 0  0  0  0  0 10]]
0.783
n_feature=3, score=0.783
[1, 1, 1]
[[ 7  3  0  0  0  0]
 [ 0 10  0  0  0  0]
 [ 0  0 10  0  0  0]
 [ 0  0  0 10  0  0]
 [ 0  0  0 10  0  0]
 [ 0  0  0  0  0 10]]
0.783
n_feature=3, score=0.783
[1, 1, 1]
[[ 7  3  0  0  0  0]
 [ 0 10  0  0  0  0]
 [ 0  0 10  0  0  0]
 [ 0  0  0 10  0  0]
 [ 0  0  0 10  0  0]
 [ 0  0  0  0  0 10]]
0.783
n_feature=3, score=0.783
[1, 1, 1]
[[ 7  3  0  0  0  0]
 [ 0 10  0  0  0  0]
 [ 0  0 10  0  0  0]
 [ 0  0  0 10  0  0]
 [ 0  0  0 10  0  0]
 [ 0  0  0  0  0 10]]
0.783
n_feature=3, score=0.783
[1, 1, 1]
[[ 7  3  0  0  0  0]
 [ 0 10  0  0  0  0]
 [ 0  0 10  0  0  0]
 [ 0  0  0 10  0  0]
 [ 0  0  0 10  0  0]
 [ 0  0  0  0  0 10]]
0.783
n_feature=3, score=0.783
[1, 1, 1]
[[ 7  3  0  0  0  0]
 [ 0 10  0  0  0  0]
 [ 0  0 10  0  0  0]
 [ 0  0  0 10  0  0]
 [ 0  0  0 10  0  0]
 [ 0  0  0  0  0 10]]
0.783
n_feature=3, score=0.783
[1, 1, 1]
[[ 7  3  0  0  0  0]
 [ 0 10  0  0  0  0]
 [ 0  0 10  0  0  0]
 [ 0  0  0 10  0  0]
 [ 0  0  0 10  0  0]
 [ 0  0  0  0  0 10]]
0.783
n_feature=3, score=0.783
[1, 1, 1]
[[ 7  3  0  0  0  0]
 [ 0 10  0  0  0  0]
 [ 0  0 10  0  0  0]
 [ 0  0  0 10  0  0]
 [ 0  0  0 10  0  0]
 [ 0  0  0  0  0 10]]
0.783
******************************
[[1, 1, 1], [1, 1, 1], [1, 1, 1], [1, 1, 1], [1, 1, 1], [1, 1, 1], [1, 1, 1], [1, 1, 1], [1, 1, 1], [1, 1, 1], [1, 1, 1], [1, 1, 1], [1, 1, 1], [1, 1, 1], [1, 1, 1], [1, 1, 1], [1, 1, 1], [1, 1, 1], [1, 1, 1], [1, 1, 1]]
gen	nevals	avg                      	std                            	min                    	max                  
0  	20    	[ 500.47985 -498.15   ]  	[2179.10997599 2179.64458743]  	[ 3.500e-01 -9.999e+03]	[9.999e+03 3.000e+00]
1  	15    	[ 1500.35565 -1498.1    ]	[3570.14473133 3571.09238049]  	[ 3.500e-01 -9.999e+03]	[9.999e+03 3.000e+00]
2  	15    	[ 500.5298 -497.9   ]    	[2179.09851885 2179.70199569]  	[ 3.500e-01 -9.999e+03]	[9.999e+03 3.000e+00]
3  	10    	[ 500.6622 -497.25  ]    	[2179.06813824 2179.85097828]  	[ 5.500e-01 -9.999e+03]	[9.999e+03 3.000e+00]
4  	17    	[0.7122 2.65  ]          	[0.1373363  0.65383484]        	[0.35 1.  ]            	[0.783 3.   ]        
5  	12    	[0.773 2.95 ]            	[0.04358899 0.21794495]        	[0.583 2.   ]          	[0.783 3.   ]        
6  	12    	[0.783 3.   ]            	[2.22044605e-16 0.00000000e+00]	[0.783 3.   ]          	[0.783 3.   ]        
7  	11    	[0.783 3.   ]            	[2.22044605e-16 0.00000000e+00]	[0.783 3.   ]          	[0.783 3.   ]        
8  	10    	[0.783 3.   ]            	[2.22044605e-16 0.00000000e+00]	[0.783 3.   ]          	[0.783 3.   ]        
9  	15    	[0.783 3.   ]            	[2.22044605e-16 0.00000000e+00]	[0.783 3.   ]          	[0.783 3.   ]        
10 	14    	[0.783 3.   ]            	[2.22044605e-16 0.00000000e+00]	[0.783 3.   ]          	[0.783 3.   ]        
11 	14    	[0.783 3.   ]            	[2.22044605e-16 0.00000000e+00]	[0.783 3.   ]          	[0.783 3.   ]        
12 	11    	[0.77135 2.95   ]        	[0.05078117 0.21794495]        	[0.55 2.  ]            	[0.783 3.   ]        
13 	12    	[0.7755 2.95  ]          	[0.03269174 0.21794495]        	[0.633 2.   ]          	[0.783 3.   ]        
14 	16    	[0.783 3.   ]            	[2.22044605e-16 0.00000000e+00]	[0.783 3.   ]          	[0.783 3.   ]        
15 	11    	[0.783 3.   ]            	[2.22044605e-16 0.00000000e+00]	[0.783 3.   ]          	[0.783 3.   ]        
16 	5     	[0.7655 2.9   ]          	[0.0530919 0.3      ]          	[0.583 2.   ]          	[0.783 3.   ]        
17 	17    	[0.7755 2.95  ]          	[0.03269174 0.21794495]        	[0.633 2.   ]          	[0.783 3.   ]        
18 	9     	[0.783 3.   ]            	[2.22044605e-16 0.00000000e+00]	[0.783 3.   ]          	[0.783 3.   ]        
19 	14    	[0.77135 2.95   ]        	[0.05078117 0.21794495]        	[0.55 2.  ]            	[0.783 3.   ]        
20 	10    	[0.783 3.   ]            	[2.22044605e-16 0.00000000e+00]	[0.783 3.   ]          	[0.783 3.   ]        
******************************
*****hall of fame*****
use_sensor_num: -9999.0, score: 9999.0
[0, 0, 0]
[]
