60,10
Starting Genetic Algorizm By Random Forest With 10 column
n_feature=8, score=0.917
[1, 1, 1, 1, 1, 0, 1, 0, 1, 1]
[[ 7  2  0  0  1  0]
 [ 0 10  0  0  0  0]
 [ 0  1  9  0  0  0]
 [ 0  0  0  9  1  0]
 [ 0  0  0  0 10  0]
 [ 0  0  0  0  0 10]]
0.917
n_feature=4, score=0.783
[0, 0, 0, 1, 1, 1, 0, 1, 0, 0]
[[ 8  1  0  0  1  0]
 [ 8  2  0  0  0  0]
 [ 0  1  9  0  0  0]
 [ 0  0  0  8  2  0]
 [ 0  0  0  0 10  0]
 [ 0  0  0  0  0 10]]
0.783
n_feature=6, score=0.817
[1, 0, 0, 0, 1, 1, 1, 0, 1, 1]
[[ 7  2  0  0  1  0]
 [ 0 10  0  0  0  0]
 [ 0  0 10  0  0  0]
 [ 0  0  0  8  2  0]
 [ 0  0  0  0 10  0]
 [ 0  5  1  0  0  4]]
0.817
n_feature=7, score=0.833
[1, 1, 0, 1, 1, 1, 0, 1, 0, 1]
[[ 8  1  1  0  0  0]
 [ 8  2  0  0  0  0]
 [ 0  0 10  0  0  0]
 [ 0  0  0 10  0  0]
 [ 0  0  0  0 10  0]
 [ 0  0  0  0  0 10]]
0.833
n_feature=6, score=0.65
[0, 0, 1, 0, 1, 0, 1, 1, 1, 1]
[[ 6  0  1  0  2  1]
 [ 0  1  8  0  0  1]
 [ 0  0  5  0  4  1]
 [ 0  0  0  7  3  0]
 [ 0  0  0  0 10  0]
 [ 0  0  0  0  0 10]]
0.65
n_feature=5, score=0.95
[1, 0, 0, 1, 0, 1, 1, 0, 1, 0]
[[ 7  2  0  0  1  0]
 [ 0 10  0  0  0  0]
 [ 0  0 10  0  0  0]
 [ 0  0  0 10  0  0]
 [ 0  0  0  0 10  0]
 [ 0  0  0  0  0 10]]
0.95
n_feature=4, score=0.617
[1, 0, 1, 0, 0, 0, 1, 1, 0, 0]
[[ 0  0  1  5  3  1]
 [ 0  2  8  0  0  0]
 [ 1  0  5  4  0  0]
 [ 0  0  0 10  0  0]
 [ 0  0  0  0 10  0]
 [ 0  0  0  0  0 10]]
0.617
n_feature=4, score=0.667
[1, 1, 1, 0, 0, 1, 0, 0, 0, 0]
[[ 0  0  0  7  0  3]
 [ 0  7  0  3  0  0]
 [ 0  0 10  0  0  0]
 [ 0  5  0  5  0  0]
 [ 0  0  0  0  8  2]
 [ 0  0  0  0  0 10]]
0.667
n_feature=3, score=0.55
[0, 1, 0, 0, 0, 1, 0, 1, 0, 0]
[[ 0  1  1  8  0  0]
 [ 0  1  0  9  0  0]
 [ 0  0  9  0  0  1]
 [ 0  0  0 10  0  0]
 [ 0  0  0  2  8  0]
 [ 0  5  0  0  0  5]]
0.55
n_feature=3, score=0.433
[0, 0, 0, 0, 0, 0, 1, 1, 1, 0]
[[ 0  0  1  8  0  1]
 [ 0  1  8  0  0  1]
 [ 1  0  5  0  4  0]
 [ 1  0  0  0  9  0]
 [ 0  0  0  0 10  0]
 [ 0  0  0  0  0 10]]
0.433
n_feature=6, score=0.867
[1, 1, 1, 1, 1, 0, 0, 0, 0, 1]
[[ 9  0  0  0  1  0]
 [ 3  7  0  0  0  0]
 [ 1  0  9  0  0  0]
 [ 0  0  0  9  0  1]
 [ 0  0  0  0  8  2]
 [ 0  0  0  0  0 10]]
0.867
n_feature=5, score=0.667
[1, 1, 0, 0, 0, 1, 0, 1, 0, 1]
[[ 0  0  1  8  0  1]
 [ 0  2  0  8  0  0]
 [ 0  0 10  0  0  0]
 [ 0  0  0 10  0  0]
 [ 0  0  0  2  8  0]
 [ 0  0  0  0  0 10]]
0.667
n_feature=5, score=0.617
[1, 0, 1, 0, 0, 0, 1, 1, 0, 1]
[[ 0  0  1  5  3  1]
 [ 0  2  8  0  0  0]
 [ 0  0  5  4  0  1]
 [ 0  0  0 10  0  0]
 [ 0  0  0  0 10  0]
 [ 0  0  0  0  0 10]]
0.617
n_feature=6, score=0.717
[0, 1, 1, 0, 1, 0, 1, 0, 1, 1]
[[ 7  0  0  0  1  2]
 [ 0  7  0  0  0  3]
 [ 0  0  3  0  5  2]
 [ 2  0  0  8  0  0]
 [ 2  0  0  0  8  0]
 [ 0  0  0  0  0 10]]
0.717
n_feature=5, score=0.783
[1, 0, 0, 1, 1, 0, 1, 0, 1, 0]
[[ 7  2  0  0  1  0]
 [ 0 10  0  0  0  0]
 [ 5  4  1  0  0  0]
 [ 0  0  0  9  1  0]
 [ 0  0  0  0 10  0]
 [ 0  0  0  0  0 10]]
0.783
n_feature=5, score=0.833
[1, 0, 0, 1, 0, 1, 0, 1, 0, 1]
[[ 8  1  0  0  1  0]
 [ 8  2  0  0  0  0]
 [ 0  0 10  0  0  0]
 [ 0  0  0 10  0  0]
 [ 0  0  0  0 10  0]
 [ 0  0  0  0  0 10]]
0.833
n_feature=5, score=0.8
[0, 0, 1, 1, 1, 1, 0, 0, 0, 1]
[[ 9  0  1  0  0  0]
 [ 3  7  0  0  0  0]
 [ 0  0 10  0  0  0]
 [ 0  0  0  8  2  0]
 [ 0  0  0  0 10  0]
 [ 0  0  0  0  6  4]]
0.8
n_feature=3, score=0.633
[0, 0, 0, 0, 1, 1, 0, 0, 1, 0]
[[ 8  1  1  0  0  0]
 [ 0 10  0  0  0  0]
 [ 0  0 10  0  0  0]
 [ 0  2  0  8  0  0]
 [ 0 10  0  0  0  0]
 [ 0  5  2  0  1  2]]
0.633
n_feature=4, score=0.583
[1, 0, 0, 0, 0, 1, 0, 0, 1, 1]
[[ 2  0  1  6  1  0]
 [ 0 10  0  0  0  0]
 [ 0  0 10  0  0  0]
 [ 0 10  0  0  0  0]
 [ 0  0  0  0 10  0]
 [ 0  0  1  0  6  3]]
0.583
n_feature=4, score=0.483
[1, 0, 1, 0, 0, 0, 0, 0, 1, 1]
[[ 2  0  0  6  0  2]
 [ 0  7  3  0  0  0]
 [ 0  0 10  0  0  0]
 [ 0  5  5  0  0  0]
 [ 0  0  0  0  0 10]
 [ 0  0  0  0  0 10]]
0.483
n_feature=4, score=0.85
[1, 0, 0, 0, 0, 1, 1, 0, 1, 0]
[[ 1  1  0  6  1  1]
 [ 0 10  0  0  0  0]
 [ 0  0 10  0  0  0]
 [ 0  0  0 10  0  0]
 [ 0  0  0  0 10  0]
 [ 0  0  0  0  0 10]]
0.85
n_feature=7, score=0.833
[1, 1, 0, 1, 1, 1, 0, 1, 0, 1]
[[ 8  1  1  0  0  0]
 [ 8  2  0  0  0  0]
 [ 0  0 10  0  0  0]
 [ 0  0  0 10  0  0]
 [ 0  0  0  0 10  0]
 [ 0  0  0  0  0 10]]
0.833
n_feature=6, score=0.65
[1, 1, 1, 0, 0, 1, 0, 0, 1, 1]
[[ 1  0  1  7  0  1]
 [ 0 10  0  0  0  0]
 [ 0  0 10  0  0  0]
 [ 0  9  0  1  0  0]
 [ 0  0  0  0  8  2]
 [ 0  0  1  0  0  9]]
0.65
n_feature=4, score=0.883
[1, 0, 0, 0, 1, 1, 1, 0, 0, 0]
[[ 5  1  0  0  3  1]
 [ 0 10  0  0  0  0]
 [ 0  0 10  0  0  0]
 [ 2  0  0  8  0  0]
 [ 0  0  0  0 10  0]
 [ 0  0  0  0  0 10]]
0.883
n_feature=5, score=0.833
[1, 0, 0, 1, 1, 1, 0, 1, 0, 0]
[[ 8  1  0  0  1  0]
 [ 8  2  0  0  0  0]
 [ 0  0 10  0  0  0]
 [ 0  0  0 10  0  0]
 [ 0  0  0  0 10  0]
 [ 0  0  0  0  0 10]]
0.833
n_feature=5, score=0.783
[1, 0, 0, 1, 1, 0, 1, 0, 1, 0]
[[ 7  2  0  0  1  0]
 [ 0 10  0  0  0  0]
 [ 5  4  1  0  0  0]
 [ 0  0  0  9  1  0]
 [ 0  0  0  0 10  0]
 [ 0  0  0  0  0 10]]
0.783
n_feature=5, score=0.617
[1, 0, 1, 0, 0, 0, 1, 1, 0, 1]
[[ 0  0  1  5  3  1]
 [ 0  2  8  0  0  0]
 [ 0  0  5  4  0  1]
 [ 0  0  0 10  0  0]
 [ 0  0  0  0 10  0]
 [ 0  0  0  0  0 10]]
0.617
n_feature=10, score=0.95
[1, 1, 1, 1, 1, 1, 1, 1, 1, 1]
[[ 8  1  0  0  1  0]
 [ 0 10  0  0  0  0]
 [ 0  0 10  0  0  0]
 [ 0  0  0  9  1  0]
 [ 0  0  0  0 10  0]
 [ 0  0  0  0  0 10]]
0.95
n_feature=5, score=0.767
[1, 0, 0, 0, 1, 0, 1, 0, 1, 1]
[[ 7  1  0  0  1  1]
 [ 0 10  0  0  0  0]
 [ 3  4  1  0  2  0]
 [ 0  0  0  8  2  0]
 [ 0  0  0  0 10  0]
 [ 0  0  0  0  0 10]]
0.767
n_feature=5, score=0.783
[0, 0, 0, 1, 1, 1, 0, 1, 0, 1]
[[ 8  1  1  0  0  0]
 [ 8  2  0  0  0  0]
 [ 0  0  9  0  0  1]
 [ 0  0  0  8  2  0]
 [ 0  0  0  0 10  0]
 [ 0  0  0  0  0 10]]
0.783
n_feature=6, score=0.867
[1, 1, 1, 1, 1, 0, 0, 0, 0, 1]
[[ 9  0  0  0  1  0]
 [ 3  7  0  0  0  0]
 [ 1  0  9  0  0  0]
 [ 0  0  0  9  0  1]
 [ 0  0  0  0  8  2]
 [ 0  0  0  0  0 10]]
0.867
n_feature=5, score=0.8
[0, 0, 1, 1, 1, 1, 0, 0, 0, 1]
[[ 9  0  1  0  0  0]
 [ 3  7  0  0  0  0]
 [ 0  0 10  0  0  0]
 [ 0  0  0  8  2  0]
 [ 0  0  0  0 10  0]
 [ 0  0  0  0  6  4]]
0.8
n_feature=5, score=0.95
[1, 0, 0, 1, 0, 1, 1, 0, 0, 1]
[[ 7  2  0  0  1  0]
 [ 0 10  0  0  0  0]
 [ 0  0 10  0  0  0]
 [ 0  0  0 10  0  0]
 [ 0  0  0  0 10  0]
 [ 0  0  0  0  0 10]]
0.95
n_feature=7, score=0.817
[1, 1, 1, 1, 1, 0, 0, 1, 1, 0]
[[ 8  1  0  0  1  0]
 [ 8  2  0  0  0  0]
 [ 1  0  9  0  0  0]
 [ 0  0  0 10  0  0]
 [ 0  0  0  0 10  0]
 [ 0  0  0  0  0 10]]
0.817
n_feature=4, score=0.95
[1, 0, 0, 1, 0, 1, 1, 0, 0, 0]
[[ 7  2  0  0  1  0]
 [ 0 10  0  0  0  0]
 [ 0  0 10  0  0  0]
 [ 0  0  0 10  0  0]
 [ 0  0  0  0 10  0]
 [ 0  0  0  0  0 10]]
0.95
n_feature=5, score=0.9
[1, 0, 0, 0, 1, 1, 1, 0, 1, 0]
[[ 7  1  0  0  1  1]
 [ 0 10  0  0  0  0]
 [ 0  0 10  0  0  0]
 [ 1  0  0  8  1  0]
 [ 0  0  0  0 10  0]
 [ 0  0  1  0  0  9]]
0.9
n_feature=4, score=0.85
[1, 0, 0, 0, 0, 1, 1, 0, 1, 0]
[[ 1  1  0  6  1  1]
 [ 0 10  0  0  0  0]
 [ 0  0 10  0  0  0]
 [ 0  0  0 10  0  0]
 [ 0  0  0  0 10  0]
 [ 0  0  0  0  0 10]]
0.85
n_feature=8, score=0.933
[1, 0, 0, 1, 1, 1, 1, 1, 1, 1]
[[ 8  1  0  0  1  0]
 [ 0 10  0  0  0  0]
 [ 0  0 10  0  0  0]
 [ 0  0  0  8  2  0]
 [ 0  0  0  0 10  0]
 [ 0  0  0  0  0 10]]
0.933
n_feature=6, score=0.883
[1, 1, 1, 0, 1, 1, 1, 0, 0, 0]
[[ 7  1  0  0  1  1]
 [ 0 10  0  0  0  0]
 [ 0  0 10  0  0  0]
 [ 2  0  0  8  0  0]
 [ 2  0  0  0  8  0]
 [ 0  0  0  0  0 10]]
0.883
n_feature=7, score=0.833
[1, 1, 0, 1, 1, 1, 0, 1, 0, 1]
[[ 8  1  1  0  0  0]
 [ 8  2  0  0  0  0]
 [ 0  0 10  0  0  0]
 [ 0  0  0 10  0  0]
 [ 0  0  0  0 10  0]
 [ 0  0  0  0  0 10]]
0.833
n_feature=5, score=0.95
[1, 0, 0, 1, 0, 1, 1, 0, 1, 0]
[[ 7  2  0  0  1  0]
 [ 0 10  0  0  0  0]
 [ 0  0 10  0  0  0]
 [ 0  0  0 10  0  0]
 [ 0  0  0  0 10  0]
 [ 0  0  0  0  0 10]]
0.95
n_feature=6, score=0.95
[1, 1, 0, 1, 0, 1, 1, 0, 1, 0]
[[ 7  2  0  0  1  0]
 [ 0 10  0  0  0  0]
 [ 0  0 10  0  0  0]
 [ 0  0  0 10  0  0]
 [ 0  0  0  0 10  0]
 [ 0  0  0  0  0 10]]
0.95
n_feature=6, score=0.817
[1, 0, 0, 1, 1, 1, 0, 1, 0, 1]
[[ 8  1  0  0  1  0]
 [ 8  2  0  0  0  0]
 [ 0  0 10  0  0  0]
 [ 0  0  0  9  1  0]
 [ 0  0  0  0 10  0]
 [ 0  0  0  0  0 10]]
0.817
n_feature=5, score=0.833
[1, 1, 0, 0, 0, 1, 1, 0, 1, 0]
[[ 0  1  0  7  1  1]
 [ 0 10  0  0  0  0]
 [ 0  0 10  0  0  0]
 [ 0  0  0 10  0  0]
 [ 0  0  0  0 10  0]
 [ 0  0  0  0  0 10]]
0.833
n_feature=5, score=0.833
[1, 0, 0, 1, 1, 1, 0, 1, 0, 0]
[[ 8  1  0  0  1  0]
 [ 8  2  0  0  0  0]
 [ 0  0 10  0  0  0]
 [ 0  0  0 10  0  0]
 [ 0  0  0  0 10  0]
 [ 0  0  0  0  0 10]]
0.833
n_feature=4, score=0.95
[1, 0, 0, 1, 0, 1, 1, 0, 0, 0]
[[ 7  2  0  0  1  0]
 [ 0 10  0  0  0  0]
 [ 0  0 10  0  0  0]
 [ 0  0  0 10  0  0]
 [ 0  0  0  0 10  0]
 [ 0  0  0  0  0 10]]
0.95
n_feature=5, score=0.9
[1, 0, 0, 0, 1, 1, 1, 0, 1, 0]
[[ 7  1  0  0  1  1]
 [ 0 10  0  0  0  0]
 [ 0  0 10  0  0  0]
 [ 1  0  0  8  1  0]
 [ 0  0  0  0 10  0]
 [ 0  0  1  0  0  9]]
0.9
n_feature=5, score=0.9
[1, 0, 0, 0, 1, 1, 1, 0, 1, 0]
[[ 7  1  0  0  1  1]
 [ 0 10  0  0  0  0]
 [ 0  0 10  0  0  0]
 [ 1  0  0  8  1  0]
 [ 0  0  0  0 10  0]
 [ 0  0  1  0  0  9]]
0.9
n_feature=6, score=0.95
[1, 1, 0, 1, 0, 1, 1, 0, 1, 0]
[[ 7  2  0  0  1  0]
 [ 0 10  0  0  0  0]
 [ 0  0 10  0  0  0]
 [ 0  0  0 10  0  0]
 [ 0  0  0  0 10  0]
 [ 0  0  0  0  0 10]]
0.95
n_feature=5, score=0.95
[1, 0, 0, 1, 1, 1, 1, 0, 0, 0]
[[ 7  2  0  0  1  0]
 [ 0 10  0  0  0  0]
 [ 0  0 10  0  0  0]
 [ 0  0  0 10  0  0]
 [ 0  0  0  0 10  0]
 [ 0  0  0  0  0 10]]
0.95
n_feature=5, score=0.817
[1, 1, 1, 0, 0, 1, 1, 0, 0, 0]
[[ 1  1  1  6  0  1]
 [ 0 10  0  0  0  0]
 [ 0  0 10  0  0  0]
 [ 0  0  0 10  0  0]
 [ 2  0  0  0  8  0]
 [ 0  0  0  0  0 10]]
0.817
n_feature=4, score=0.883
[1, 0, 0, 0, 1, 1, 1, 0, 0, 0]
[[ 5  1  0  0  3  1]
 [ 0 10  0  0  0  0]
 [ 0  0 10  0  0  0]
 [ 2  0  0  8  0  0]
 [ 0  0  0  0 10  0]
 [ 0  0  0  0  0 10]]
0.883
n_feature=6, score=0.883
[1, 1, 1, 0, 1, 1, 1, 0, 0, 0]
[[ 7  1  0  0  1  1]
 [ 0 10  0  0  0  0]
 [ 0  0 10  0  0  0]
 [ 2  0  0  8  0  0]
 [ 2  0  0  0  8  0]
 [ 0  0  0  0  0 10]]
0.883
n_feature=7, score=0.933
[1, 1, 1, 0, 1, 1, 1, 0, 1, 0]
[[ 7  1  0  0  1  1]
 [ 0 10  0  0  0  0]
 [ 0  0 10  0  0  0]
 [ 1  0  0  9  0  0]
 [ 0  0  0  0 10  0]
 [ 0  0  0  0  0 10]]
0.933
n_feature=4, score=0.95
[1, 0, 0, 1, 0, 1, 1, 0, 0, 0]
[[ 7  2  0  0  1  0]
 [ 0 10  0  0  0  0]
 [ 0  0 10  0  0  0]
 [ 0  0  0 10  0  0]
 [ 0  0  0  0 10  0]
 [ 0  0  0  0  0 10]]
0.95
n_feature=6, score=0.883
[1, 1, 1, 0, 1, 1, 1, 0, 0, 0]
[[ 7  1  0  0  1  1]
 [ 0 10  0  0  0  0]
 [ 0  0 10  0  0  0]
 [ 2  0  0  8  0  0]
 [ 2  0  0  0  8  0]
 [ 0  0  0  0  0 10]]
0.883
n_feature=4, score=0.95
[1, 0, 0, 1, 0, 1, 1, 0, 0, 0]
[[ 7  2  0  0  1  0]
 [ 0 10  0  0  0  0]
 [ 0  0 10  0  0  0]
 [ 0  0  0 10  0  0]
 [ 0  0  0  0 10  0]
 [ 0  0  0  0  0 10]]
0.95
n_feature=4, score=0.95
[1, 0, 0, 1, 0, 1, 1, 0, 0, 0]
[[ 7  2  0  0  1  0]
 [ 0 10  0  0  0  0]
 [ 0  0 10  0  0  0]
 [ 0  0  0 10  0  0]
 [ 0  0  0  0 10  0]
 [ 0  0  0  0  0 10]]
0.95
n_feature=4, score=0.95
[1, 0, 0, 1, 0, 1, 1, 0, 0, 0]
[[ 7  2  0  0  1  0]
 [ 0 10  0  0  0  0]
 [ 0  0 10  0  0  0]
 [ 0  0  0 10  0  0]
 [ 0  0  0  0 10  0]
 [ 0  0  0  0  0 10]]
0.95
n_feature=5, score=0.8
[1, 0, 0, 0, 1, 1, 1, 0, 0, 1]
[[ 5  2  0  0  3  0]
 [ 0 10  0  0  0  0]
 [ 0  0 10  0  0  0]
 [ 1  0  0  9  0  0]
 [ 0  0  0  0 10  0]
 [ 0  5  1  0  0  4]]
0.8
n_feature=4, score=0.95
[1, 0, 0, 1, 0, 1, 1, 0, 0, 0]
[[ 7  2  0  0  1  0]
 [ 0 10  0  0  0  0]
 [ 0  0 10  0  0  0]
 [ 0  0  0 10  0  0]
 [ 0  0  0  0 10  0]
 [ 0  0  0  0  0 10]]
0.95
n_feature=4, score=0.95
[1, 0, 0, 1, 0, 1, 1, 0, 0, 0]
[[ 7  2  0  0  1  0]
 [ 0 10  0  0  0  0]
 [ 0  0 10  0  0  0]
 [ 0  0  0 10  0  0]
 [ 0  0  0  0 10  0]
 [ 0  0  0  0  0 10]]
0.95
n_feature=4, score=0.95
[1, 0, 0, 1, 0, 1, 1, 0, 0, 0]
[[ 7  2  0  0  1  0]
 [ 0 10  0  0  0  0]
 [ 0  0 10  0  0  0]
 [ 0  0  0 10  0  0]
 [ 0  0  0  0 10  0]
 [ 0  0  0  0  0 10]]
0.95
n_feature=5, score=0.95
[1, 0, 0, 1, 0, 1, 1, 0, 1, 0]
[[ 7  2  0  0  1  0]
 [ 0 10  0  0  0  0]
 [ 0  0 10  0  0  0]
 [ 0  0  0 10  0  0]
 [ 0  0  0  0 10  0]
 [ 0  0  0  0  0 10]]
0.95
n_feature=4, score=0.95
[1, 0, 0, 1, 0, 1, 1, 0, 0, 0]
[[ 7  2  0  0  1  0]
 [ 0 10  0  0  0  0]
 [ 0  0 10  0  0  0]
 [ 0  0  0 10  0  0]
 [ 0  0  0  0 10  0]
 [ 0  0  0  0  0 10]]
0.95
n_feature=5, score=0.95
[1, 0, 0, 1, 0, 1, 1, 0, 1, 0]
[[ 7  2  0  0  1  0]
 [ 0 10  0  0  0  0]
 [ 0  0 10  0  0  0]
 [ 0  0  0 10  0  0]
 [ 0  0  0  0 10  0]
 [ 0  0  0  0  0 10]]
0.95
n_feature=4, score=0.95
[1, 0, 0, 1, 0, 1, 1, 0, 0, 0]
[[ 7  2  0  0  1  0]
 [ 0 10  0  0  0  0]
 [ 0  0 10  0  0  0]
 [ 0  0  0 10  0  0]
 [ 0  0  0  0 10  0]
 [ 0  0  0  0  0 10]]
0.95
n_feature=4, score=0.95
[1, 0, 0, 1, 0, 1, 1, 0, 0, 0]
[[ 7  2  0  0  1  0]
 [ 0 10  0  0  0  0]
 [ 0  0 10  0  0  0]
 [ 0  0  0 10  0  0]
 [ 0  0  0  0 10  0]
 [ 0  0  0  0  0 10]]
0.95
n_feature=4, score=0.95
[1, 0, 0, 1, 0, 1, 1, 0, 0, 0]
[[ 7  2  0  0  1  0]
 [ 0 10  0  0  0  0]
 [ 0  0 10  0  0  0]
 [ 0  0  0 10  0  0]
 [ 0  0  0  0 10  0]
 [ 0  0  0  0  0 10]]
0.95
n_feature=4, score=0.95
[1, 0, 0, 1, 0, 1, 1, 0, 0, 0]
[[ 7  2  0  0  1  0]
 [ 0 10  0  0  0  0]
 [ 0  0 10  0  0  0]
 [ 0  0  0 10  0  0]
 [ 0  0  0  0 10  0]
 [ 0  0  0  0  0 10]]
0.95
n_feature=4, score=0.95
[1, 0, 0, 1, 0, 1, 1, 0, 0, 0]
[[ 7  2  0  0  1  0]
 [ 0 10  0  0  0  0]
 [ 0  0 10  0  0  0]
 [ 0  0  0 10  0  0]
 [ 0  0  0  0 10  0]
 [ 0  0  0  0  0 10]]
0.95
n_feature=5, score=0.933
[1, 0, 0, 1, 0, 1, 1, 1, 0, 0]
[[ 7  2  0  0  1  0]
 [ 0 10  0  0  0  0]
 [ 1  0  9  0  0  0]
 [ 0  0  0 10  0  0]
 [ 0  0  0  0 10  0]
 [ 0  0  0  0  0 10]]
0.933
n_feature=4, score=0.95
[1, 0, 0, 1, 0, 1, 1, 0, 0, 0]
[[ 7  2  0  0  1  0]
 [ 0 10  0  0  0  0]
 [ 0  0 10  0  0  0]
 [ 0  0  0 10  0  0]
 [ 0  0  0  0 10  0]
 [ 0  0  0  0  0 10]]
0.95
n_feature=4, score=0.95
[1, 0, 0, 1, 0, 1, 1, 0, 0, 0]
[[ 7  2  0  0  1  0]
 [ 0 10  0  0  0  0]
 [ 0  0 10  0  0  0]
 [ 0  0  0 10  0  0]
 [ 0  0  0  0 10  0]
 [ 0  0  0  0  0 10]]
0.95
n_feature=4, score=0.95
[1, 0, 0, 1, 0, 1, 1, 0, 0, 0]
[[ 7  2  0  0  1  0]
 [ 0 10  0  0  0  0]
 [ 0  0 10  0  0  0]
 [ 0  0  0 10  0  0]
 [ 0  0  0  0 10  0]
 [ 0  0  0  0  0 10]]
0.95
n_feature=4, score=0.95
[1, 0, 0, 1, 0, 1, 1, 0, 0, 0]
[[ 7  2  0  0  1  0]
 [ 0 10  0  0  0  0]
 [ 0  0 10  0  0  0]
 [ 0  0  0 10  0  0]
 [ 0  0  0  0 10  0]
 [ 0  0  0  0  0 10]]
0.95
n_feature=4, score=0.95
[1, 0, 0, 1, 0, 1, 1, 0, 0, 0]
[[ 7  2  0  0  1  0]
 [ 0 10  0  0  0  0]
 [ 0  0 10  0  0  0]
 [ 0  0  0 10  0  0]
 [ 0  0  0  0 10  0]
 [ 0  0  0  0  0 10]]
0.95
n_feature=5, score=0.95
[1, 0, 0, 1, 0, 1, 1, 0, 1, 0]
[[ 7  2  0  0  1  0]
 [ 0 10  0  0  0  0]
 [ 0  0 10  0  0  0]
 [ 0  0  0 10  0  0]
 [ 0  0  0  0 10  0]
 [ 0  0  0  0  0 10]]
0.95
n_feature=4, score=0.95
[1, 0, 0, 1, 0, 1, 1, 0, 0, 0]
[[ 7  2  0  0  1  0]
 [ 0 10  0  0  0  0]
 [ 0  0 10  0  0  0]
 [ 0  0  0 10  0  0]
 [ 0  0  0  0 10  0]
 [ 0  0  0  0  0 10]]
0.95
n_feature=4, score=0.95
[1, 0, 0, 1, 0, 1, 1, 0, 0, 0]
[[ 7  2  0  0  1  0]
 [ 0 10  0  0  0  0]
 [ 0  0 10  0  0  0]
 [ 0  0  0 10  0  0]
 [ 0  0  0  0 10  0]
 [ 0  0  0  0  0 10]]
0.95
n_feature=4, score=0.95
[1, 0, 0, 1, 0, 1, 1, 0, 0, 0]
[[ 7  2  0  0  1  0]
 [ 0 10  0  0  0  0]
 [ 0  0 10  0  0  0]
 [ 0  0  0 10  0  0]
 [ 0  0  0  0 10  0]
 [ 0  0  0  0  0 10]]
0.95
n_feature=4, score=0.95
[1, 0, 0, 1, 0, 1, 1, 0, 0, 0]
[[ 7  2  0  0  1  0]
 [ 0 10  0  0  0  0]
 [ 0  0 10  0  0  0]
 [ 0  0  0 10  0  0]
 [ 0  0  0  0 10  0]
 [ 0  0  0  0  0 10]]
0.95
n_feature=4, score=0.95
[1, 0, 0, 1, 0, 1, 1, 0, 0, 0]
[[ 7  2  0  0  1  0]
 [ 0 10  0  0  0  0]
 [ 0  0 10  0  0  0]
 [ 0  0  0 10  0  0]
 [ 0  0  0  0 10  0]
 [ 0  0  0  0  0 10]]
0.95
n_feature=4, score=0.95
[1, 0, 0, 1, 0, 1, 1, 0, 0, 0]
[[ 7  2  0  0  1  0]
 [ 0 10  0  0  0  0]
 [ 0  0 10  0  0  0]
 [ 0  0  0 10  0  0]
 [ 0  0  0  0 10  0]
 [ 0  0  0  0  0 10]]
0.95
n_feature=4, score=0.95
[1, 0, 0, 1, 0, 1, 1, 0, 0, 0]
[[ 7  2  0  0  1  0]
 [ 0 10  0  0  0  0]
 [ 0  0 10  0  0  0]
 [ 0  0  0 10  0  0]
 [ 0  0  0  0 10  0]
 [ 0  0  0  0  0 10]]
0.95
n_feature=4, score=0.95
[1, 0, 0, 1, 0, 1, 1, 0, 0, 0]
[[ 7  2  0  0  1  0]
 [ 0 10  0  0  0  0]
 [ 0  0 10  0  0  0]
 [ 0  0  0 10  0  0]
 [ 0  0  0  0 10  0]
 [ 0  0  0  0  0 10]]
0.95
n_feature=4, score=0.95
[1, 0, 0, 1, 0, 1, 1, 0, 0, 0]
[[ 7  2  0  0  1  0]
 [ 0 10  0  0  0  0]
 [ 0  0 10  0  0  0]
 [ 0  0  0 10  0  0]
 [ 0  0  0  0 10  0]
 [ 0  0  0  0  0 10]]
0.95
n_feature=4, score=0.95
[1, 0, 0, 1, 0, 1, 1, 0, 0, 0]
[[ 7  2  0  0  1  0]
 [ 0 10  0  0  0  0]
 [ 0  0 10  0  0  0]
 [ 0  0  0 10  0  0]
 [ 0  0  0  0 10  0]
 [ 0  0  0  0  0 10]]
0.95
n_feature=4, score=0.95
[1, 0, 0, 1, 0, 1, 1, 0, 0, 0]
[[ 7  2  0  0  1  0]
 [ 0 10  0  0  0  0]
 [ 0  0 10  0  0  0]
 [ 0  0  0 10  0  0]
 [ 0  0  0  0 10  0]
 [ 0  0  0  0  0 10]]
0.95
n_feature=4, score=0.95
[1, 0, 0, 1, 0, 1, 1, 0, 0, 0]
[[ 7  2  0  0  1  0]
 [ 0 10  0  0  0  0]
 [ 0  0 10  0  0  0]
 [ 0  0  0 10  0  0]
 [ 0  0  0  0 10  0]
 [ 0  0  0  0  0 10]]
0.95
n_feature=4, score=0.95
[1, 0, 0, 1, 0, 1, 1, 0, 0, 0]
[[ 7  2  0  0  1  0]
 [ 0 10  0  0  0  0]
 [ 0  0 10  0  0  0]
 [ 0  0  0 10  0  0]
 [ 0  0  0  0 10  0]
 [ 0  0  0  0  0 10]]
0.95
n_feature=4, score=0.95
[1, 0, 0, 1, 0, 1, 1, 0, 0, 0]
[[ 7  2  0  0  1  0]
 [ 0 10  0  0  0  0]
 [ 0  0 10  0  0  0]
 [ 0  0  0 10  0  0]
 [ 0  0  0  0 10  0]
 [ 0  0  0  0  0 10]]
0.95
n_feature=4, score=0.95
[1, 0, 0, 1, 0, 1, 1, 0, 0, 0]
[[ 7  2  0  0  1  0]
 [ 0 10  0  0  0  0]
 [ 0  0 10  0  0  0]
 [ 0  0  0 10  0  0]
 [ 0  0  0  0 10  0]
 [ 0  0  0  0  0 10]]
0.95
n_feature=4, score=0.95
[1, 0, 0, 1, 0, 1, 1, 0, 0, 0]
[[ 7  2  0  0  1  0]
 [ 0 10  0  0  0  0]
 [ 0  0 10  0  0  0]
 [ 0  0  0 10  0  0]
 [ 0  0  0  0 10  0]
 [ 0  0  0  0  0 10]]
0.95
n_feature=4, score=0.95
[1, 0, 0, 1, 0, 1, 1, 0, 0, 0]
[[ 7  2  0  0  1  0]
 [ 0 10  0  0  0  0]
 [ 0  0 10  0  0  0]
 [ 0  0  0 10  0  0]
 [ 0  0  0  0 10  0]
 [ 0  0  0  0  0 10]]
0.95
n_feature=4, score=0.95
[1, 0, 0, 1, 0, 1, 1, 0, 0, 0]
[[ 7  2  0  0  1  0]
 [ 0 10  0  0  0  0]
 [ 0  0 10  0  0  0]
 [ 0  0  0 10  0  0]
 [ 0  0  0  0 10  0]
 [ 0  0  0  0  0 10]]
0.95
n_feature=4, score=0.95
[1, 0, 0, 1, 0, 1, 1, 0, 0, 0]
[[ 7  2  0  0  1  0]
 [ 0 10  0  0  0  0]
 [ 0  0 10  0  0  0]
 [ 0  0  0 10  0  0]
 [ 0  0  0  0 10  0]
 [ 0  0  0  0  0 10]]
0.95
n_feature=5, score=0.95
[1, 0, 0, 1, 1, 1, 1, 0, 0, 0]
[[ 7  2  0  0  1  0]
 [ 0 10  0  0  0  0]
 [ 0  0 10  0  0  0]
 [ 0  0  0 10  0  0]
 [ 0  0  0  0 10  0]
 [ 0  0  0  0  0 10]]
0.95
n_feature=4, score=0.95
[1, 0, 0, 1, 0, 1, 1, 0, 0, 0]
[[ 7  2  0  0  1  0]
 [ 0 10  0  0  0  0]
 [ 0  0 10  0  0  0]
 [ 0  0  0 10  0  0]
 [ 0  0  0  0 10  0]
 [ 0  0  0  0  0 10]]
0.95
n_feature=4, score=0.95
[1, 0, 0, 1, 0, 1, 1, 0, 0, 0]
[[ 7  2  0  0  1  0]
 [ 0 10  0  0  0  0]
 [ 0  0 10  0  0  0]
 [ 0  0  0 10  0  0]
 [ 0  0  0  0 10  0]
 [ 0  0  0  0  0 10]]
0.95
n_feature=4, score=0.95
[1, 0, 0, 1, 0, 1, 1, 0, 0, 0]
[[ 7  2  0  0  1  0]
 [ 0 10  0  0  0  0]
 [ 0  0 10  0  0  0]
 [ 0  0  0 10  0  0]
 [ 0  0  0  0 10  0]
 [ 0  0  0  0  0 10]]
0.95
n_feature=4, score=0.95
[1, 0, 0, 1, 0, 1, 1, 0, 0, 0]
[[ 7  2  0  0  1  0]
 [ 0 10  0  0  0  0]
 [ 0  0 10  0  0  0]
 [ 0  0  0 10  0  0]
 [ 0  0  0  0 10  0]
 [ 0  0  0  0  0 10]]
0.95
n_feature=4, score=0.95
[1, 0, 0, 1, 0, 1, 1, 0, 0, 0]
[[ 7  2  0  0  1  0]
 [ 0 10  0  0  0  0]
 [ 0  0 10  0  0  0]
 [ 0  0  0 10  0  0]
 [ 0  0  0  0 10  0]
 [ 0  0  0  0  0 10]]
0.95
n_feature=4, score=0.95
[1, 0, 0, 1, 0, 1, 1, 0, 0, 0]
[[ 7  2  0  0  1  0]
 [ 0 10  0  0  0  0]
 [ 0  0 10  0  0  0]
 [ 0  0  0 10  0  0]
 [ 0  0  0  0 10  0]
 [ 0  0  0  0  0 10]]
0.95
n_feature=4, score=0.95
[1, 0, 0, 1, 0, 1, 1, 0, 0, 0]
[[ 7  2  0  0  1  0]
 [ 0 10  0  0  0  0]
 [ 0  0 10  0  0  0]
 [ 0  0  0 10  0  0]
 [ 0  0  0  0 10  0]
 [ 0  0  0  0  0 10]]
0.95
n_feature=4, score=0.95
[1, 0, 0, 1, 0, 1, 1, 0, 0, 0]
[[ 7  2  0  0  1  0]
 [ 0 10  0  0  0  0]
 [ 0  0 10  0  0  0]
 [ 0  0  0 10  0  0]
 [ 0  0  0  0 10  0]
 [ 0  0  0  0  0 10]]
0.95
n_feature=3, score=0.767
[1, 0, 0, 1, 0, 1, 0, 0, 0, 0]
[[ 2  7  0  0  0  1]
 [ 0 10  0  0  0  0]
 [ 0  0 10  0  0  0]
 [ 0  0  0 10  0  0]
 [ 0  0  0  0 10  0]
 [ 0  0  0  0  6  4]]
0.767
n_feature=4, score=0.95
[1, 0, 0, 1, 0, 1, 1, 0, 0, 0]
[[ 7  2  0  0  1  0]
 [ 0 10  0  0  0  0]
 [ 0  0 10  0  0  0]
 [ 0  0  0 10  0  0]
 [ 0  0  0  0 10  0]
 [ 0  0  0  0  0 10]]
0.95
n_feature=4, score=0.95
[1, 0, 0, 1, 0, 1, 1, 0, 0, 0]
[[ 7  2  0  0  1  0]
 [ 0 10  0  0  0  0]
 [ 0  0 10  0  0  0]
 [ 0  0  0 10  0  0]
 [ 0  0  0  0 10  0]
 [ 0  0  0  0  0 10]]
0.95
n_feature=4, score=0.95
[1, 0, 0, 1, 0, 1, 1, 0, 0, 0]
[[ 7  2  0  0  1  0]
 [ 0 10  0  0  0  0]
 [ 0  0 10  0  0  0]
 [ 0  0  0 10  0  0]
 [ 0  0  0  0 10  0]
 [ 0  0  0  0  0 10]]
0.95
n_feature=4, score=0.95
[1, 0, 0, 1, 0, 1, 1, 0, 0, 0]
[[ 7  2  0  0  1  0]
 [ 0 10  0  0  0  0]
 [ 0  0 10  0  0  0]
 [ 0  0  0 10  0  0]
 [ 0  0  0  0 10  0]
 [ 0  0  0  0  0 10]]
0.95
n_feature=4, score=0.95
[1, 0, 0, 1, 0, 1, 1, 0, 0, 0]
[[ 7  2  0  0  1  0]
 [ 0 10  0  0  0  0]
 [ 0  0 10  0  0  0]
 [ 0  0  0 10  0  0]
 [ 0  0  0  0 10  0]
 [ 0  0  0  0  0 10]]
0.95
n_feature=4, score=0.95
[1, 0, 0, 1, 0, 1, 1, 0, 0, 0]
[[ 7  2  0  0  1  0]
 [ 0 10  0  0  0  0]
 [ 0  0 10  0  0  0]
 [ 0  0  0 10  0  0]
 [ 0  0  0  0 10  0]
 [ 0  0  0  0  0 10]]
0.95
n_feature=4, score=0.95
[1, 0, 0, 1, 0, 1, 1, 0, 0, 0]
[[ 7  2  0  0  1  0]
 [ 0 10  0  0  0  0]
 [ 0  0 10  0  0  0]
 [ 0  0  0 10  0  0]
 [ 0  0  0  0 10  0]
 [ 0  0  0  0  0 10]]
0.95
n_feature=4, score=0.95
[1, 0, 0, 1, 0, 1, 1, 0, 0, 0]
[[ 7  2  0  0  1  0]
 [ 0 10  0  0  0  0]
 [ 0  0 10  0  0  0]
 [ 0  0  0 10  0  0]
 [ 0  0  0  0 10  0]
 [ 0  0  0  0  0 10]]
0.95
n_feature=4, score=0.95
[1, 0, 0, 1, 0, 1, 1, 0, 0, 0]
[[ 7  2  0  0  1  0]
 [ 0 10  0  0  0  0]
 [ 0  0 10  0  0  0]
 [ 0  0  0 10  0  0]
 [ 0  0  0  0 10  0]
 [ 0  0  0  0  0 10]]
0.95
n_feature=4, score=0.95
[1, 0, 0, 1, 0, 1, 1, 0, 0, 0]
[[ 7  2  0  0  1  0]
 [ 0 10  0  0  0  0]
 [ 0  0 10  0  0  0]
 [ 0  0  0 10  0  0]
 [ 0  0  0  0 10  0]
 [ 0  0  0  0  0 10]]
0.95
n_feature=5, score=0.95
[1, 0, 0, 1, 1, 1, 1, 0, 0, 0]
[[ 7  2  0  0  1  0]
 [ 0 10  0  0  0  0]
 [ 0  0 10  0  0  0]
 [ 0  0  0 10  0  0]
 [ 0  0  0  0 10  0]
 [ 0  0  0  0  0 10]]
0.95
n_feature=4, score=0.95
[1, 0, 0, 1, 0, 1, 1, 0, 0, 0]
[[ 7  2  0  0  1  0]
 [ 0 10  0  0  0  0]
 [ 0  0 10  0  0  0]
 [ 0  0  0 10  0  0]
 [ 0  0  0  0 10  0]
 [ 0  0  0  0  0 10]]
0.95
n_feature=4, score=0.95
[1, 0, 0, 1, 0, 1, 1, 0, 0, 0]
[[ 7  2  0  0  1  0]
 [ 0 10  0  0  0  0]
 [ 0  0 10  0  0  0]
 [ 0  0  0 10  0  0]
 [ 0  0  0  0 10  0]
 [ 0  0  0  0  0 10]]
0.95
n_feature=5, score=0.95
[1, 1, 0, 1, 0, 1, 1, 0, 0, 0]
[[ 7  2  0  0  1  0]
 [ 0 10  0  0  0  0]
 [ 0  0 10  0  0  0]
 [ 0  0  0 10  0  0]
 [ 0  0  0  0 10  0]
 [ 0  0  0  0  0 10]]
0.95
n_feature=3, score=0.783
[0, 0, 0, 1, 0, 1, 1, 0, 0, 0]
[[ 7  2  0  0  1  0]
 [ 0 10  0  0  0  0]
 [ 0  0 10  0  0  0]
 [ 0  0  0 10  0  0]
 [ 0  0  0 10  0  0]
 [ 0  0  0  0  0 10]]
0.783
n_feature=4, score=0.95
[1, 0, 0, 1, 0, 1, 1, 0, 0, 0]
[[ 7  2  0  0  1  0]
 [ 0 10  0  0  0  0]
 [ 0  0 10  0  0  0]
 [ 0  0  0 10  0  0]
 [ 0  0  0  0 10  0]
 [ 0  0  0  0  0 10]]
0.95
n_feature=4, score=0.95
[1, 0, 0, 1, 0, 1, 1, 0, 0, 0]
[[ 7  2  0  0  1  0]
 [ 0 10  0  0  0  0]
 [ 0  0 10  0  0  0]
 [ 0  0  0 10  0  0]
 [ 0  0  0  0 10  0]
 [ 0  0  0  0  0 10]]
0.95
n_feature=4, score=0.95
[1, 0, 0, 1, 0, 1, 1, 0, 0, 0]
[[ 7  2  0  0  1  0]
 [ 0 10  0  0  0  0]
 [ 0  0 10  0  0  0]
 [ 0  0  0 10  0  0]
 [ 0  0  0  0 10  0]
 [ 0  0  0  0  0 10]]
0.95
n_feature=3, score=0.617
[1, 0, 0, 0, 0, 0, 1, 1, 0, 0]
[[ 0  0  1  5  3  1]
 [ 0  2  8  0  0  0]
 [ 1  0  5  4  0  0]
 [ 0  0  0 10  0  0]
 [ 0  0  0  0 10  0]
 [ 0  0  0  0  0 10]]
0.617
n_feature=4, score=0.95
[1, 0, 0, 1, 0, 1, 1, 0, 0, 0]
[[ 7  2  0  0  1  0]
 [ 0 10  0  0  0  0]
 [ 0  0 10  0  0  0]
 [ 0  0  0 10  0  0]
 [ 0  0  0  0 10  0]
 [ 0  0  0  0  0 10]]
0.95
n_feature=4, score=0.95
[1, 0, 0, 1, 0, 1, 1, 0, 0, 0]
[[ 7  2  0  0  1  0]
 [ 0 10  0  0  0  0]
 [ 0  0 10  0  0  0]
 [ 0  0  0 10  0  0]
 [ 0  0  0  0 10  0]
 [ 0  0  0  0  0 10]]
0.95
n_feature=4, score=0.95
[1, 0, 0, 1, 0, 1, 1, 0, 0, 0]
[[ 7  2  0  0  1  0]
 [ 0 10  0  0  0  0]
 [ 0  0 10  0  0  0]
 [ 0  0  0 10  0  0]
 [ 0  0  0  0 10  0]
 [ 0  0  0  0  0 10]]
0.95
n_feature=4, score=0.95
[1, 0, 0, 1, 0, 1, 1, 0, 0, 0]
[[ 7  2  0  0  1  0]
 [ 0 10  0  0  0  0]
 [ 0  0 10  0  0  0]
 [ 0  0  0 10  0  0]
 [ 0  0  0  0 10  0]
 [ 0  0  0  0  0 10]]
0.95
n_feature=4, score=0.95
[1, 0, 0, 1, 0, 1, 1, 0, 0, 0]
[[ 7  2  0  0  1  0]
 [ 0 10  0  0  0  0]
 [ 0  0 10  0  0  0]
 [ 0  0  0 10  0  0]
 [ 0  0  0  0 10  0]
 [ 0  0  0  0  0 10]]
0.95
n_feature=4, score=0.95
[1, 0, 0, 1, 0, 1, 1, 0, 0, 0]
[[ 7  2  0  0  1  0]
 [ 0 10  0  0  0  0]
 [ 0  0 10  0  0  0]
 [ 0  0  0 10  0  0]
 [ 0  0  0  0 10  0]
 [ 0  0  0  0  0 10]]
0.95
n_feature=4, score=0.95
[1, 0, 0, 1, 0, 1, 1, 0, 0, 0]
[[ 7  2  0  0  1  0]
 [ 0 10  0  0  0  0]
 [ 0  0 10  0  0  0]
 [ 0  0  0 10  0  0]
 [ 0  0  0  0 10  0]
 [ 0  0  0  0  0 10]]
0.95
n_feature=4, score=0.95
[1, 0, 0, 1, 0, 1, 1, 0, 0, 0]
[[ 7  2  0  0  1  0]
 [ 0 10  0  0  0  0]
 [ 0  0 10  0  0  0]
 [ 0  0  0 10  0  0]
 [ 0  0  0  0 10  0]
 [ 0  0  0  0  0 10]]
0.95
n_feature=3, score=0.833
[1, 0, 0, 0, 0, 1, 1, 0, 0, 0]
[[ 0  1  0  5  3  1]
 [ 0 10  0  0  0  0]
 [ 0  0 10  0  0  0]
 [ 0  0  0 10  0  0]
 [ 0  0  0  0 10  0]
 [ 0  0  0  0  0 10]]
0.833
n_feature=4, score=0.95
[1, 0, 0, 1, 0, 1, 1, 0, 0, 0]
[[ 7  2  0  0  1  0]
 [ 0 10  0  0  0  0]
 [ 0  0 10  0  0  0]
 [ 0  0  0 10  0  0]
 [ 0  0  0  0 10  0]
 [ 0  0  0  0  0 10]]
0.95
n_feature=6, score=0.917
[1, 0, 0, 1, 0, 1, 1, 1, 0, 1]
[[ 6  2  0  0  2  0]
 [ 0 10  0  0  0  0]
 [ 1  0  9  0  0  0]
 [ 0  0  0 10  0  0]
 [ 0  0  0  0 10  0]
 [ 0  0  0  0  0 10]]
0.917
n_feature=4, score=0.95
[1, 0, 0, 1, 0, 1, 1, 0, 0, 0]
[[ 7  2  0  0  1  0]
 [ 0 10  0  0  0  0]
 [ 0  0 10  0  0  0]
 [ 0  0  0 10  0  0]
 [ 0  0  0  0 10  0]
 [ 0  0  0  0  0 10]]
0.95
n_feature=4, score=0.95
[1, 0, 0, 1, 0, 1, 1, 0, 0, 0]
[[ 7  2  0  0  1  0]
 [ 0 10  0  0  0  0]
 [ 0  0 10  0  0  0]
 [ 0  0  0 10  0  0]
 [ 0  0  0  0 10  0]
 [ 0  0  0  0  0 10]]
0.95
n_feature=4, score=0.95
[1, 0, 0, 1, 0, 1, 1, 0, 0, 0]
[[ 7  2  0  0  1  0]
 [ 0 10  0  0  0  0]
 [ 0  0 10  0  0  0]
 [ 0  0  0 10  0  0]
 [ 0  0  0  0 10  0]
 [ 0  0  0  0  0 10]]
0.95
n_feature=4, score=0.95
[1, 0, 0, 1, 0, 1, 1, 0, 0, 0]
[[ 7  2  0  0  1  0]
 [ 0 10  0  0  0  0]
 [ 0  0 10  0  0  0]
 [ 0  0  0 10  0  0]
 [ 0  0  0  0 10  0]
 [ 0  0  0  0  0 10]]
0.95
n_feature=4, score=0.95
[1, 0, 0, 1, 0, 1, 1, 0, 0, 0]
[[ 7  2  0  0  1  0]
 [ 0 10  0  0  0  0]
 [ 0  0 10  0  0  0]
 [ 0  0  0 10  0  0]
 [ 0  0  0  0 10  0]
 [ 0  0  0  0  0 10]]
0.95
n_feature=3, score=0.767
[1, 0, 0, 1, 0, 1, 0, 0, 0, 0]
[[ 2  7  0  0  0  1]
 [ 0 10  0  0  0  0]
 [ 0  0 10  0  0  0]
 [ 0  0  0 10  0  0]
 [ 0  0  0  0 10  0]
 [ 0  0  0  0  6  4]]
0.767
n_feature=5, score=0.933
[1, 0, 0, 1, 0, 1, 1, 1, 0, 0]
[[ 7  2  0  0  1  0]
 [ 0 10  0  0  0  0]
 [ 1  0  9  0  0  0]
 [ 0  0  0 10  0  0]
 [ 0  0  0  0 10  0]
 [ 0  0  0  0  0 10]]
0.933
n_feature=4, score=0.95
[1, 0, 0, 1, 0, 1, 1, 0, 0, 0]
[[ 7  2  0  0  1  0]
 [ 0 10  0  0  0  0]
 [ 0  0 10  0  0  0]
 [ 0  0  0 10  0  0]
 [ 0  0  0  0 10  0]
 [ 0  0  0  0  0 10]]
0.95
n_feature=4, score=0.95
[1, 0, 0, 1, 0, 1, 1, 0, 0, 0]
[[ 7  2  0  0  1  0]
 [ 0 10  0  0  0  0]
 [ 0  0 10  0  0  0]
 [ 0  0  0 10  0  0]
 [ 0  0  0  0 10  0]
 [ 0  0  0  0  0 10]]
0.95
n_feature=4, score=0.95
[1, 0, 0, 1, 0, 1, 1, 0, 0, 0]
[[ 7  2  0  0  1  0]
 [ 0 10  0  0  0  0]
 [ 0  0 10  0  0  0]
 [ 0  0  0 10  0  0]
 [ 0  0  0  0 10  0]
 [ 0  0  0  0  0 10]]
0.95
n_feature=4, score=0.817
[1, 0, 0, 0, 0, 1, 1, 1, 0, 0]
[[ 0  1  0  6  2  1]
 [ 0 10  0  0  0  0]
 [ 1  0  9  0  0  0]
 [ 0  0  0 10  0  0]
 [ 0  0  0  0 10  0]
 [ 0  0  0  0  0 10]]
0.817
n_feature=4, score=0.95
[1, 0, 0, 1, 0, 1, 1, 0, 0, 0]
[[ 7  2  0  0  1  0]
 [ 0 10  0  0  0  0]
 [ 0  0 10  0  0  0]
 [ 0  0  0 10  0  0]
 [ 0  0  0  0 10  0]
 [ 0  0  0  0  0 10]]
0.95
n_feature=4, score=0.95
[1, 0, 0, 1, 0, 1, 1, 0, 0, 0]
[[ 7  2  0  0  1  0]
 [ 0 10  0  0  0  0]
 [ 0  0 10  0  0  0]
 [ 0  0  0 10  0  0]
 [ 0  0  0  0 10  0]
 [ 0  0  0  0  0 10]]
0.95
n_feature=4, score=0.95
[1, 0, 0, 1, 0, 1, 1, 0, 0, 0]
[[ 7  2  0  0  1  0]
 [ 0 10  0  0  0  0]
 [ 0  0 10  0  0  0]
 [ 0  0  0 10  0  0]
 [ 0  0  0  0 10  0]
 [ 0  0  0  0  0 10]]
0.95
n_feature=3, score=0.767
[1, 0, 0, 1, 0, 1, 0, 0, 0, 0]
[[ 2  7  0  0  0  1]
 [ 0 10  0  0  0  0]
 [ 0  0 10  0  0  0]
 [ 0  0  0 10  0  0]
 [ 0  0  0  0 10  0]
 [ 0  0  0  0  6  4]]
0.767
n_feature=4, score=0.95
[1, 0, 0, 1, 0, 1, 1, 0, 0, 0]
[[ 7  2  0  0  1  0]
 [ 0 10  0  0  0  0]
 [ 0  0 10  0  0  0]
 [ 0  0  0 10  0  0]
 [ 0  0  0  0 10  0]
 [ 0  0  0  0  0 10]]
0.95
n_feature=7, score=0.95
[1, 1, 1, 1, 0, 1, 1, 0, 1, 0]
[[ 7  2  0  0  1  0]
 [ 0 10  0  0  0  0]
 [ 0  0 10  0  0  0]
 [ 0  0  0 10  0  0]
 [ 0  0  0  0 10  0]
 [ 0  0  0  0  0 10]]
0.95
n_feature=3, score=0.8
[1, 0, 0, 1, 0, 0, 1, 0, 0, 0]
[[ 7  2  0  0  1  0]
 [ 0 10  0  0  0  0]
 [ 5  4  1  0  0  0]
 [ 0  0  0 10  0  0]
 [ 0  0  0  0 10  0]
 [ 0  0  0  0  0 10]]
0.8
n_feature=4, score=0.95
[1, 0, 0, 1, 0, 1, 1, 0, 0, 0]
[[ 7  2  0  0  1  0]
 [ 0 10  0  0  0  0]
 [ 0  0 10  0  0  0]
 [ 0  0  0 10  0  0]
 [ 0  0  0  0 10  0]
 [ 0  0  0  0  0 10]]
0.95
n_feature=4, score=0.95
[1, 0, 0, 1, 0, 1, 1, 0, 0, 0]
[[ 7  2  0  0  1  0]
 [ 0 10  0  0  0  0]
 [ 0  0 10  0  0  0]
 [ 0  0  0 10  0  0]
 [ 0  0  0  0 10  0]
 [ 0  0  0  0  0 10]]
0.95
n_feature=4, score=0.95
[1, 0, 0, 1, 0, 1, 1, 0, 0, 0]
[[ 7  2  0  0  1  0]
 [ 0 10  0  0  0  0]
 [ 0  0 10  0  0  0]
 [ 0  0  0 10  0  0]
 [ 0  0  0  0 10  0]
 [ 0  0  0  0  0 10]]
0.95
n_feature=5, score=0.95
[1, 1, 0, 1, 0, 1, 1, 0, 0, 0]
[[ 7  2  0  0  1  0]
 [ 0 10  0  0  0  0]
 [ 0  0 10  0  0  0]
 [ 0  0  0 10  0  0]
 [ 0  0  0  0 10  0]
 [ 0  0  0  0  0 10]]
0.95
n_feature=4, score=0.95
[1, 0, 0, 1, 0, 1, 1, 0, 0, 0]
[[ 7  2  0  0  1  0]
 [ 0 10  0  0  0  0]
 [ 0  0 10  0  0  0]
 [ 0  0  0 10  0  0]
 [ 0  0  0  0 10  0]
 [ 0  0  0  0  0 10]]
0.95
n_feature=4, score=0.95
[1, 0, 0, 1, 0, 1, 1, 0, 0, 0]
[[ 7  2  0  0  1  0]
 [ 0 10  0  0  0  0]
 [ 0  0 10  0  0  0]
 [ 0  0  0 10  0  0]
 [ 0  0  0  0 10  0]
 [ 0  0  0  0  0 10]]
0.95
n_feature=6, score=0.95
[1, 0, 1, 1, 0, 1, 1, 0, 1, 0]
[[ 7  2  0  0  1  0]
 [ 0 10  0  0  0  0]
 [ 0  0 10  0  0  0]
 [ 0  0  0 10  0  0]
 [ 0  0  0  0 10  0]
 [ 0  0  0  0  0 10]]
0.95
n_feature=4, score=0.95
[1, 0, 0, 1, 0, 1, 1, 0, 0, 0]
[[ 7  2  0  0  1  0]
 [ 0 10  0  0  0  0]
 [ 0  0 10  0  0  0]
 [ 0  0  0 10  0  0]
 [ 0  0  0  0 10  0]
 [ 0  0  0  0  0 10]]
0.95
n_feature=4, score=0.95
[1, 0, 0, 1, 0, 1, 1, 0, 0, 0]
[[ 7  2  0  0  1  0]
 [ 0 10  0  0  0  0]
 [ 0  0 10  0  0  0]
 [ 0  0  0 10  0  0]
 [ 0  0  0  0 10  0]
 [ 0  0  0  0  0 10]]
0.95
n_feature=4, score=0.95
[1, 0, 0, 1, 0, 1, 1, 0, 0, 0]
[[ 7  2  0  0  1  0]
 [ 0 10  0  0  0  0]
 [ 0  0 10  0  0  0]
 [ 0  0  0 10  0  0]
 [ 0  0  0  0 10  0]
 [ 0  0  0  0  0 10]]
0.95
n_feature=4, score=0.95
[1, 0, 0, 1, 0, 1, 1, 0, 0, 0]
[[ 7  2  0  0  1  0]
 [ 0 10  0  0  0  0]
 [ 0  0 10  0  0  0]
 [ 0  0  0 10  0  0]
 [ 0  0  0  0 10  0]
 [ 0  0  0  0  0 10]]
0.95
n_feature=4, score=0.95
[1, 0, 0, 1, 0, 1, 1, 0, 0, 0]
[[ 7  2  0  0  1  0]
 [ 0 10  0  0  0  0]
 [ 0  0 10  0  0  0]
 [ 0  0  0 10  0  0]
 [ 0  0  0  0 10  0]
 [ 0  0  0  0  0 10]]
0.95
n_feature=4, score=0.95
[1, 0, 0, 1, 0, 1, 1, 0, 0, 0]
[[ 7  2  0  0  1  0]
 [ 0 10  0  0  0  0]
 [ 0  0 10  0  0  0]
 [ 0  0  0 10  0  0]
 [ 0  0  0  0 10  0]
 [ 0  0  0  0  0 10]]
0.95
n_feature=4, score=0.95
[1, 0, 0, 1, 0, 1, 1, 0, 0, 0]
[[ 7  2  0  0  1  0]
 [ 0 10  0  0  0  0]
 [ 0  0 10  0  0  0]
 [ 0  0  0 10  0  0]
 [ 0  0  0  0 10  0]
 [ 0  0  0  0  0 10]]
0.95
n_feature=4, score=0.95
[1, 0, 0, 1, 0, 1, 1, 0, 0, 0]
[[ 7  2  0  0  1  0]
 [ 0 10  0  0  0  0]
 [ 0  0 10  0  0  0]
 [ 0  0  0 10  0  0]
 [ 0  0  0  0 10  0]
 [ 0  0  0  0  0 10]]
0.95
n_feature=4, score=0.95
[1, 0, 0, 1, 0, 1, 1, 0, 0, 0]
[[ 7  2  0  0  1  0]
 [ 0 10  0  0  0  0]
 [ 0  0 10  0  0  0]
 [ 0  0  0 10  0  0]
 [ 0  0  0  0 10  0]
 [ 0  0  0  0  0 10]]
0.95
n_feature=4, score=0.833
[1, 1, 0, 0, 0, 1, 1, 0, 0, 0]
[[ 0  1  0  6  2  1]
 [ 0 10  0  0  0  0]
 [ 0  0 10  0  0  0]
 [ 0  0  0 10  0  0]
 [ 0  0  0  0 10  0]
 [ 0  0  0  0  0 10]]
0.833
n_feature=4, score=0.95
[1, 0, 0, 1, 0, 1, 1, 0, 0, 0]
[[ 7  2  0  0  1  0]
 [ 0 10  0  0  0  0]
 [ 0  0 10  0  0  0]
 [ 0  0  0 10  0  0]
 [ 0  0  0  0 10  0]
 [ 0  0  0  0  0 10]]
0.95
n_feature=4, score=0.95
[1, 0, 0, 1, 0, 1, 1, 0, 0, 0]
[[ 7  2  0  0  1  0]
 [ 0 10  0  0  0  0]
 [ 0  0 10  0  0  0]
 [ 0  0  0 10  0  0]
 [ 0  0  0  0 10  0]
 [ 0  0  0  0  0 10]]
0.95
n_feature=4, score=0.95
[1, 0, 0, 1, 0, 1, 1, 0, 0, 0]
[[ 7  2  0  0  1  0]
 [ 0 10  0  0  0  0]
 [ 0  0 10  0  0  0]
 [ 0  0  0 10  0  0]
 [ 0  0  0  0 10  0]
 [ 0  0  0  0  0 10]]
0.95
n_feature=4, score=0.95
[1, 0, 0, 1, 0, 1, 1, 0, 0, 0]
[[ 7  2  0  0  1  0]
 [ 0 10  0  0  0  0]
 [ 0  0 10  0  0  0]
 [ 0  0  0 10  0  0]
 [ 0  0  0  0 10  0]
 [ 0  0  0  0  0 10]]
0.95
n_feature=5, score=0.95
[1, 0, 0, 1, 0, 1, 1, 0, 0, 1]
[[ 7  2  0  0  1  0]
 [ 0 10  0  0  0  0]
 [ 0  0 10  0  0  0]
 [ 0  0  0 10  0  0]
 [ 0  0  0  0 10  0]
 [ 0  0  0  0  0 10]]
0.95
n_feature=5, score=0.95
[1, 0, 0, 1, 1, 1, 1, 0, 0, 0]
[[ 7  2  0  0  1  0]
 [ 0 10  0  0  0  0]
 [ 0  0 10  0  0  0]
 [ 0  0  0 10  0  0]
 [ 0  0  0  0 10  0]
 [ 0  0  0  0  0 10]]
0.95
n_feature=4, score=0.95
[1, 0, 0, 1, 0, 1, 1, 0, 0, 0]
[[ 7  2  0  0  1  0]
 [ 0 10  0  0  0  0]
 [ 0  0 10  0  0  0]
 [ 0  0  0 10  0  0]
 [ 0  0  0  0 10  0]
 [ 0  0  0  0  0 10]]
0.95
n_feature=4, score=0.95
[1, 0, 0, 1, 0, 1, 1, 0, 0, 0]
[[ 7  2  0  0  1  0]
 [ 0 10  0  0  0  0]
 [ 0  0 10  0  0  0]
 [ 0  0  0 10  0  0]
 [ 0  0  0  0 10  0]
 [ 0  0  0  0  0 10]]
0.95
n_feature=4, score=0.95
[1, 0, 0, 1, 0, 1, 1, 0, 0, 0]
[[ 7  2  0  0  1  0]
 [ 0 10  0  0  0  0]
 [ 0  0 10  0  0  0]
 [ 0  0  0 10  0  0]
 [ 0  0  0  0 10  0]
 [ 0  0  0  0  0 10]]
0.95
n_feature=4, score=0.95
[1, 0, 0, 1, 0, 1, 1, 0, 0, 0]
[[ 7  2  0  0  1  0]
 [ 0 10  0  0  0  0]
 [ 0  0 10  0  0  0]
 [ 0  0  0 10  0  0]
 [ 0  0  0  0 10  0]
 [ 0  0  0  0  0 10]]
0.95
n_feature=4, score=0.95
[1, 0, 0, 1, 0, 1, 1, 0, 0, 0]
[[ 7  2  0  0  1  0]
 [ 0 10  0  0  0  0]
 [ 0  0 10  0  0  0]
 [ 0  0  0 10  0  0]
 [ 0  0  0  0 10  0]
 [ 0  0  0  0  0 10]]
0.95
n_feature=4, score=0.95
[1, 0, 0, 1, 0, 1, 1, 0, 0, 0]
[[ 7  2  0  0  1  0]
 [ 0 10  0  0  0  0]
 [ 0  0 10  0  0  0]
 [ 0  0  0 10  0  0]
 [ 0  0  0  0 10  0]
 [ 0  0  0  0  0 10]]
0.95
n_feature=4, score=0.95
[1, 0, 0, 1, 0, 1, 1, 0, 0, 0]
[[ 7  2  0  0  1  0]
 [ 0 10  0  0  0  0]
 [ 0  0 10  0  0  0]
 [ 0  0  0 10  0  0]
 [ 0  0  0  0 10  0]
 [ 0  0  0  0  0 10]]
0.95
n_feature=6, score=0.917
[1, 0, 0, 1, 1, 1, 1, 0, 1, 0]
[[ 7  2  0  0  1  0]
 [ 0 10  0  0  0  0]
 [ 0  0 10  0  0  0]
 [ 0  0  0  8  2  0]
 [ 0  0  0  0 10  0]
 [ 0  0  0  0  0 10]]
0.917
n_feature=4, score=0.95
[1, 0, 0, 1, 0, 1, 1, 0, 0, 0]
[[ 7  2  0  0  1  0]
 [ 0 10  0  0  0  0]
 [ 0  0 10  0  0  0]
 [ 0  0  0 10  0  0]
 [ 0  0  0  0 10  0]
 [ 0  0  0  0  0 10]]
0.95
n_feature=4, score=0.95
[1, 0, 0, 1, 0, 1, 1, 0, 0, 0]
[[ 7  2  0  0  1  0]
 [ 0 10  0  0  0  0]
 [ 0  0 10  0  0  0]
 [ 0  0  0 10  0  0]
 [ 0  0  0  0 10  0]
 [ 0  0  0  0  0 10]]
0.95
n_feature=4, score=0.95
[1, 0, 0, 1, 0, 1, 1, 0, 0, 0]
[[ 7  2  0  0  1  0]
 [ 0 10  0  0  0  0]
 [ 0  0 10  0  0  0]
 [ 0  0  0 10  0  0]
 [ 0  0  0  0 10  0]
 [ 0  0  0  0  0 10]]
0.95
n_feature=4, score=0.95
[1, 0, 0, 1, 0, 1, 1, 0, 0, 0]
[[ 7  2  0  0  1  0]
 [ 0 10  0  0  0  0]
 [ 0  0 10  0  0  0]
 [ 0  0  0 10  0  0]
 [ 0  0  0  0 10  0]
 [ 0  0  0  0  0 10]]
0.95
n_feature=4, score=0.95
[1, 0, 0, 1, 0, 1, 1, 0, 0, 0]
[[ 7  2  0  0  1  0]
 [ 0 10  0  0  0  0]
 [ 0  0 10  0  0  0]
 [ 0  0  0 10  0  0]
 [ 0  0  0  0 10  0]
 [ 0  0  0  0  0 10]]
0.95
n_feature=4, score=0.95
[1, 0, 0, 1, 0, 1, 1, 0, 0, 0]
[[ 7  2  0  0  1  0]
 [ 0 10  0  0  0  0]
 [ 0  0 10  0  0  0]
 [ 0  0  0 10  0  0]
 [ 0  0  0  0 10  0]
 [ 0  0  0  0  0 10]]
0.95
n_feature=4, score=0.95
[1, 0, 0, 1, 0, 1, 1, 0, 0, 0]
[[ 7  2  0  0  1  0]
 [ 0 10  0  0  0  0]
 [ 0  0 10  0  0  0]
 [ 0  0  0 10  0  0]
 [ 0  0  0  0 10  0]
 [ 0  0  0  0  0 10]]
0.95
n_feature=4, score=0.95
[1, 0, 0, 1, 0, 1, 1, 0, 0, 0]
[[ 7  2  0  0  1  0]
 [ 0 10  0  0  0  0]
 [ 0  0 10  0  0  0]
 [ 0  0  0 10  0  0]
 [ 0  0  0  0 10  0]
 [ 0  0  0  0  0 10]]
0.95
n_feature=4, score=0.917
[0, 1, 0, 1, 0, 1, 1, 0, 0, 0]
[[ 7  2  0  0  1  0]
 [ 0 10  0  0  0  0]
 [ 0  0 10  0  0  0]
 [ 0  0  0 10  0  0]
 [ 0  0  0  2  8  0]
 [ 0  0  0  0  0 10]]
0.917
n_feature=4, score=0.95
[1, 0, 0, 1, 0, 1, 1, 0, 0, 0]
[[ 7  2  0  0  1  0]
 [ 0 10  0  0  0  0]
 [ 0  0 10  0  0  0]
 [ 0  0  0 10  0  0]
 [ 0  0  0  0 10  0]
 [ 0  0  0  0  0 10]]
0.95
n_feature=4, score=0.95
[1, 0, 0, 1, 0, 1, 1, 0, 0, 0]
[[ 7  2  0  0  1  0]
 [ 0 10  0  0  0  0]
 [ 0  0 10  0  0  0]
 [ 0  0  0 10  0  0]
 [ 0  0  0  0 10  0]
 [ 0  0  0  0  0 10]]
0.95
n_feature=4, score=0.95
[1, 0, 0, 1, 0, 1, 1, 0, 0, 0]
[[ 7  2  0  0  1  0]
 [ 0 10  0  0  0  0]
 [ 0  0 10  0  0  0]
 [ 0  0  0 10  0  0]
 [ 0  0  0  0 10  0]
 [ 0  0  0  0  0 10]]
0.95
n_feature=4, score=0.95
[1, 0, 0, 1, 0, 1, 1, 0, 0, 0]
[[ 7  2  0  0  1  0]
 [ 0 10  0  0  0  0]
 [ 0  0 10  0  0  0]
 [ 0  0  0 10  0  0]
 [ 0  0  0  0 10  0]
 [ 0  0  0  0  0 10]]
0.95
n_feature=4, score=0.95
[1, 0, 0, 1, 0, 1, 1, 0, 0, 0]
[[ 7  2  0  0  1  0]
 [ 0 10  0  0  0  0]
 [ 0  0 10  0  0  0]
 [ 0  0  0 10  0  0]
 [ 0  0  0  0 10  0]
 [ 0  0  0  0  0 10]]
0.95
n_feature=4, score=0.95
[1, 0, 0, 1, 0, 1, 1, 0, 0, 0]
[[ 7  2  0  0  1  0]
 [ 0 10  0  0  0  0]
 [ 0  0 10  0  0  0]
 [ 0  0  0 10  0  0]
 [ 0  0  0  0 10  0]
 [ 0  0  0  0  0 10]]
0.95
n_feature=4, score=0.95
[1, 0, 0, 1, 0, 1, 1, 0, 0, 0]
[[ 7  2  0  0  1  0]
 [ 0 10  0  0  0  0]
 [ 0  0 10  0  0  0]
 [ 0  0  0 10  0  0]
 [ 0  0  0  0 10  0]
 [ 0  0  0  0  0 10]]
0.95
n_feature=4, score=0.95
[1, 0, 0, 1, 0, 1, 1, 0, 0, 0]
[[ 7  2  0  0  1  0]
 [ 0 10  0  0  0  0]
 [ 0  0 10  0  0  0]
 [ 0  0  0 10  0  0]
 [ 0  0  0  0 10  0]
 [ 0  0  0  0  0 10]]
0.95
n_feature=4, score=0.95
[1, 0, 0, 1, 0, 1, 1, 0, 0, 0]
[[ 7  2  0  0  1  0]
 [ 0 10  0  0  0  0]
 [ 0  0 10  0  0  0]
 [ 0  0  0 10  0  0]
 [ 0  0  0  0 10  0]
 [ 0  0  0  0  0 10]]
0.95
n_feature=4, score=0.95
[1, 0, 0, 1, 0, 1, 1, 0, 0, 0]
[[ 7  2  0  0  1  0]
 [ 0 10  0  0  0  0]
 [ 0  0 10  0  0  0]
 [ 0  0  0 10  0  0]
 [ 0  0  0  0 10  0]
 [ 0  0  0  0  0 10]]
0.95
n_feature=4, score=0.95
[1, 0, 0, 1, 0, 1, 1, 0, 0, 0]
[[ 7  2  0  0  1  0]
 [ 0 10  0  0  0  0]
 [ 0  0 10  0  0  0]
 [ 0  0  0 10  0  0]
 [ 0  0  0  0 10  0]
 [ 0  0  0  0  0 10]]
0.95
n_feature=3, score=0.8
[1, 0, 0, 1, 0, 0, 1, 0, 0, 0]
[[ 7  2  0  0  1  0]
 [ 0 10  0  0  0  0]
 [ 5  4  1  0  0  0]
 [ 0  0  0 10  0  0]
 [ 0  0  0  0 10  0]
 [ 0  0  0  0  0 10]]
0.8
n_feature=4, score=0.95
[1, 0, 0, 1, 0, 1, 1, 0, 0, 0]
[[ 7  2  0  0  1  0]
 [ 0 10  0  0  0  0]
 [ 0  0 10  0  0  0]
 [ 0  0  0 10  0  0]
 [ 0  0  0  0 10  0]
 [ 0  0  0  0  0 10]]
0.95
n_feature=4, score=0.95
[1, 0, 0, 1, 0, 1, 1, 0, 0, 0]
[[ 7  2  0  0  1  0]
 [ 0 10  0  0  0  0]
 [ 0  0 10  0  0  0]
 [ 0  0  0 10  0  0]
 [ 0  0  0  0 10  0]
 [ 0  0  0  0  0 10]]
0.95
n_feature=4, score=0.95
[1, 0, 0, 1, 0, 1, 1, 0, 0, 0]
[[ 7  2  0  0  1  0]
 [ 0 10  0  0  0  0]
 [ 0  0 10  0  0  0]
 [ 0  0  0 10  0  0]
 [ 0  0  0  0 10  0]
 [ 0  0  0  0  0 10]]
0.95
n_feature=4, score=0.95
[1, 0, 0, 1, 0, 1, 1, 0, 0, 0]
[[ 7  2  0  0  1  0]
 [ 0 10  0  0  0  0]
 [ 0  0 10  0  0  0]
 [ 0  0  0 10  0  0]
 [ 0  0  0  0 10  0]
 [ 0  0  0  0  0 10]]
0.95
n_feature=4, score=0.95
[1, 0, 0, 1, 0, 1, 1, 0, 0, 0]
[[ 7  2  0  0  1  0]
 [ 0 10  0  0  0  0]
 [ 0  0 10  0  0  0]
 [ 0  0  0 10  0  0]
 [ 0  0  0  0 10  0]
 [ 0  0  0  0  0 10]]
0.95
n_feature=4, score=0.95
[1, 0, 0, 1, 0, 1, 1, 0, 0, 0]
[[ 7  2  0  0  1  0]
 [ 0 10  0  0  0  0]
 [ 0  0 10  0  0  0]
 [ 0  0  0 10  0  0]
 [ 0  0  0  0 10  0]
 [ 0  0  0  0  0 10]]
0.95
n_feature=4, score=0.95
[1, 0, 0, 1, 0, 1, 1, 0, 0, 0]
[[ 7  2  0  0  1  0]
 [ 0 10  0  0  0  0]
 [ 0  0 10  0  0  0]
 [ 0  0  0 10  0  0]
 [ 0  0  0  0 10  0]
 [ 0  0  0  0  0 10]]
0.95
n_feature=4, score=0.95
[1, 0, 0, 1, 0, 1, 1, 0, 0, 0]
[[ 7  2  0  0  1  0]
 [ 0 10  0  0  0  0]
 [ 0  0 10  0  0  0]
 [ 0  0  0 10  0  0]
 [ 0  0  0  0 10  0]
 [ 0  0  0  0  0 10]]
0.95
n_feature=4, score=0.95
[1, 0, 0, 1, 0, 1, 1, 0, 0, 0]
[[ 7  2  0  0  1  0]
 [ 0 10  0  0  0  0]
 [ 0  0 10  0  0  0]
 [ 0  0  0 10  0  0]
 [ 0  0  0  0 10  0]
 [ 0  0  0  0  0 10]]
0.95
n_feature=4, score=0.95
[1, 0, 0, 1, 0, 1, 1, 0, 0, 0]
[[ 7  2  0  0  1  0]
 [ 0 10  0  0  0  0]
 [ 0  0 10  0  0  0]
 [ 0  0  0 10  0  0]
 [ 0  0  0  0 10  0]
 [ 0  0  0  0  0 10]]
0.95
n_feature=5, score=0.933
[1, 0, 0, 1, 0, 1, 1, 1, 0, 0]
[[ 7  2  0  0  1  0]
 [ 0 10  0  0  0  0]
 [ 1  0  9  0  0  0]
 [ 0  0  0 10  0  0]
 [ 0  0  0  0 10  0]
 [ 0  0  0  0  0 10]]
0.933
n_feature=4, score=0.95
[1, 0, 0, 1, 0, 1, 1, 0, 0, 0]
[[ 7  2  0  0  1  0]
 [ 0 10  0  0  0  0]
 [ 0  0 10  0  0  0]
 [ 0  0  0 10  0  0]
 [ 0  0  0  0 10  0]
 [ 0  0  0  0  0 10]]
0.95
n_feature=4, score=0.95
[1, 0, 0, 1, 0, 1, 1, 0, 0, 0]
[[ 7  2  0  0  1  0]
 [ 0 10  0  0  0  0]
 [ 0  0 10  0  0  0]
 [ 0  0  0 10  0  0]
 [ 0  0  0  0 10  0]
 [ 0  0  0  0  0 10]]
0.95
n_feature=4, score=0.95
[1, 0, 0, 1, 0, 1, 1, 0, 0, 0]
[[ 7  2  0  0  1  0]
 [ 0 10  0  0  0  0]
 [ 0  0 10  0  0  0]
 [ 0  0  0 10  0  0]
 [ 0  0  0  0 10  0]
 [ 0  0  0  0  0 10]]
0.95
n_feature=4, score=0.95
[1, 0, 0, 1, 0, 1, 1, 0, 0, 0]
[[ 7  2  0  0  1  0]
 [ 0 10  0  0  0  0]
 [ 0  0 10  0  0  0]
 [ 0  0  0 10  0  0]
 [ 0  0  0  0 10  0]
 [ 0  0  0  0  0 10]]
0.95
n_feature=4, score=0.95
[1, 0, 0, 1, 0, 1, 1, 0, 0, 0]
[[ 7  2  0  0  1  0]
 [ 0 10  0  0  0  0]
 [ 0  0 10  0  0  0]
 [ 0  0  0 10  0  0]
 [ 0  0  0  0 10  0]
 [ 0  0  0  0  0 10]]
0.95
n_feature=4, score=0.95
[1, 0, 0, 1, 0, 1, 1, 0, 0, 0]
[[ 7  2  0  0  1  0]
 [ 0 10  0  0  0  0]
 [ 0  0 10  0  0  0]
 [ 0  0  0 10  0  0]
 [ 0  0  0  0 10  0]
 [ 0  0  0  0  0 10]]
0.95
n_feature=5, score=0.933
[1, 0, 0, 1, 0, 1, 1, 1, 0, 0]
[[ 7  2  0  0  1  0]
 [ 0 10  0  0  0  0]
 [ 1  0  9  0  0  0]
 [ 0  0  0 10  0  0]
 [ 0  0  0  0 10  0]
 [ 0  0  0  0  0 10]]
0.933
n_feature=4, score=0.95
[1, 0, 0, 1, 0, 1, 1, 0, 0, 0]
[[ 7  2  0  0  1  0]
 [ 0 10  0  0  0  0]
 [ 0  0 10  0  0  0]
 [ 0  0  0 10  0  0]
 [ 0  0  0  0 10  0]
 [ 0  0  0  0  0 10]]
0.95
n_feature=4, score=0.95
[1, 0, 0, 1, 0, 1, 1, 0, 0, 0]
[[ 7  2  0  0  1  0]
 [ 0 10  0  0  0  0]
 [ 0  0 10  0  0  0]
 [ 0  0  0 10  0  0]
 [ 0  0  0  0 10  0]
 [ 0  0  0  0  0 10]]
0.95
n_feature=4, score=0.95
[1, 0, 0, 1, 0, 1, 1, 0, 0, 0]
[[ 7  2  0  0  1  0]
 [ 0 10  0  0  0  0]
 [ 0  0 10  0  0  0]
 [ 0  0  0 10  0  0]
 [ 0  0  0  0 10  0]
 [ 0  0  0  0  0 10]]
0.95
n_feature=4, score=0.95
[1, 0, 0, 1, 0, 1, 1, 0, 0, 0]
[[ 7  2  0  0  1  0]
 [ 0 10  0  0  0  0]
 [ 0  0 10  0  0  0]
 [ 0  0  0 10  0  0]
 [ 0  0  0  0 10  0]
 [ 0  0  0  0  0 10]]
0.95
n_feature=4, score=0.95
[1, 0, 0, 1, 0, 1, 1, 0, 0, 0]
[[ 7  2  0  0  1  0]
 [ 0 10  0  0  0  0]
 [ 0  0 10  0  0  0]
 [ 0  0  0 10  0  0]
 [ 0  0  0  0 10  0]
 [ 0  0  0  0  0 10]]
0.95
n_feature=4, score=0.95
[1, 0, 0, 1, 0, 1, 1, 0, 0, 0]
[[ 7  2  0  0  1  0]
 [ 0 10  0  0  0  0]
 [ 0  0 10  0  0  0]
 [ 0  0  0 10  0  0]
 [ 0  0  0  0 10  0]
 [ 0  0  0  0  0 10]]
0.95
n_feature=4, score=0.95
[1, 0, 0, 1, 0, 1, 1, 0, 0, 0]
[[ 7  2  0  0  1  0]
 [ 0 10  0  0  0  0]
 [ 0  0 10  0  0  0]
 [ 0  0  0 10  0  0]
 [ 0  0  0  0 10  0]
 [ 0  0  0  0  0 10]]
0.95
n_feature=4, score=0.95
[1, 0, 0, 1, 0, 1, 1, 0, 0, 0]
[[ 7  2  0  0  1  0]
 [ 0 10  0  0  0  0]
 [ 0  0 10  0  0  0]
 [ 0  0  0 10  0  0]
 [ 0  0  0  0 10  0]
 [ 0  0  0  0  0 10]]
0.95
n_feature=4, score=0.95
[1, 0, 0, 1, 0, 1, 1, 0, 0, 0]
[[ 7  2  0  0  1  0]
 [ 0 10  0  0  0  0]
 [ 0  0 10  0  0  0]
 [ 0  0  0 10  0  0]
 [ 0  0  0  0 10  0]
 [ 0  0  0  0  0 10]]
0.95
n_feature=4, score=0.95
[1, 0, 0, 1, 0, 1, 1, 0, 0, 0]
[[ 7  2  0  0  1  0]
 [ 0 10  0  0  0  0]
 [ 0  0 10  0  0  0]
 [ 0  0  0 10  0  0]
 [ 0  0  0  0 10  0]
 [ 0  0  0  0  0 10]]
0.95
n_feature=4, score=0.95
[1, 0, 0, 1, 0, 1, 1, 0, 0, 0]
[[ 7  2  0  0  1  0]
 [ 0 10  0  0  0  0]
 [ 0  0 10  0  0  0]
 [ 0  0  0 10  0  0]
 [ 0  0  0  0 10  0]
 [ 0  0  0  0  0 10]]
0.95
n_feature=4, score=0.95
[1, 0, 0, 1, 0, 1, 1, 0, 0, 0]
[[ 7  2  0  0  1  0]
 [ 0 10  0  0  0  0]
 [ 0  0 10  0  0  0]
 [ 0  0  0 10  0  0]
 [ 0  0  0  0 10  0]
 [ 0  0  0  0  0 10]]
0.95
n_feature=4, score=0.95
[1, 0, 0, 1, 0, 1, 1, 0, 0, 0]
[[ 7  2  0  0  1  0]
 [ 0 10  0  0  0  0]
 [ 0  0 10  0  0  0]
 [ 0  0  0 10  0  0]
 [ 0  0  0  0 10  0]
 [ 0  0  0  0  0 10]]
0.95
n_feature=3, score=0.783
[0, 0, 0, 1, 0, 1, 1, 0, 0, 0]
[[ 7  2  0  0  1  0]
 [ 0 10  0  0  0  0]
 [ 0  0 10  0  0  0]
 [ 0  0  0 10  0  0]
 [ 0  0  0 10  0  0]
 [ 0  0  0  0  0 10]]
0.783
n_feature=4, score=0.95
[1, 0, 0, 1, 0, 1, 1, 0, 0, 0]
[[ 7  2  0  0  1  0]
 [ 0 10  0  0  0  0]
 [ 0  0 10  0  0  0]
 [ 0  0  0 10  0  0]
 [ 0  0  0  0 10  0]
 [ 0  0  0  0  0 10]]
0.95
n_feature=4, score=0.95
[1, 0, 0, 1, 0, 1, 1, 0, 0, 0]
[[ 7  2  0  0  1  0]
 [ 0 10  0  0  0  0]
 [ 0  0 10  0  0  0]
 [ 0  0  0 10  0  0]
 [ 0  0  0  0 10  0]
 [ 0  0  0  0  0 10]]
0.95
n_feature=4, score=0.95
[1, 0, 0, 1, 0, 1, 1, 0, 0, 0]
[[ 7  2  0  0  1  0]
 [ 0 10  0  0  0  0]
 [ 0  0 10  0  0  0]
 [ 0  0  0 10  0  0]
 [ 0  0  0  0 10  0]
 [ 0  0  0  0  0 10]]
0.95
n_feature=5, score=0.933
[1, 0, 0, 1, 0, 1, 1, 1, 0, 0]
[[ 7  2  0  0  1  0]
 [ 0 10  0  0  0  0]
 [ 1  0  9  0  0  0]
 [ 0  0  0 10  0  0]
 [ 0  0  0  0 10  0]
 [ 0  0  0  0  0 10]]
0.933
n_feature=4, score=0.95
[1, 0, 0, 1, 0, 1, 1, 0, 0, 0]
[[ 7  2  0  0  1  0]
 [ 0 10  0  0  0  0]
 [ 0  0 10  0  0  0]
 [ 0  0  0 10  0  0]
 [ 0  0  0  0 10  0]
 [ 0  0  0  0  0 10]]
0.95
n_feature=5, score=0.95
[1, 0, 0, 1, 0, 1, 1, 0, 0, 1]
[[ 7  2  0  0  1  0]
 [ 0 10  0  0  0  0]
 [ 0  0 10  0  0  0]
 [ 0  0  0 10  0  0]
 [ 0  0  0  0 10  0]
 [ 0  0  0  0  0 10]]
0.95
n_feature=4, score=0.95
[1, 0, 0, 1, 0, 1, 1, 0, 0, 0]
[[ 7  2  0  0  1  0]
 [ 0 10  0  0  0  0]
 [ 0  0 10  0  0  0]
 [ 0  0  0 10  0  0]
 [ 0  0  0  0 10  0]
 [ 0  0  0  0  0 10]]
0.95
n_feature=4, score=0.95
[1, 0, 0, 1, 0, 1, 1, 0, 0, 0]
[[ 7  2  0  0  1  0]
 [ 0 10  0  0  0  0]
 [ 0  0 10  0  0  0]
 [ 0  0  0 10  0  0]
 [ 0  0  0  0 10  0]
 [ 0  0  0  0  0 10]]
0.95
n_feature=4, score=0.95
[1, 0, 0, 1, 0, 1, 1, 0, 0, 0]
[[ 7  2  0  0  1  0]
 [ 0 10  0  0  0  0]
 [ 0  0 10  0  0  0]
 [ 0  0  0 10  0  0]
 [ 0  0  0  0 10  0]
 [ 0  0  0  0  0 10]]
0.95
n_feature=3, score=0.783
[0, 0, 0, 1, 0, 1, 1, 0, 0, 0]
[[ 7  2  0  0  1  0]
 [ 0 10  0  0  0  0]
 [ 0  0 10  0  0  0]
 [ 0  0  0 10  0  0]
 [ 0  0  0 10  0  0]
 [ 0  0  0  0  0 10]]
0.783
n_feature=3, score=0.8
[1, 0, 0, 1, 0, 0, 1, 0, 0, 0]
[[ 7  2  0  0  1  0]
 [ 0 10  0  0  0  0]
 [ 5  4  1  0  0  0]
 [ 0  0  0 10  0  0]
 [ 0  0  0  0 10  0]
 [ 0  0  0  0  0 10]]
0.8
n_feature=4, score=0.95
[1, 0, 0, 1, 0, 1, 1, 0, 0, 0]
[[ 7  2  0  0  1  0]
 [ 0 10  0  0  0  0]
 [ 0  0 10  0  0  0]
 [ 0  0  0 10  0  0]
 [ 0  0  0  0 10  0]
 [ 0  0  0  0  0 10]]
0.95
n_feature=4, score=0.95
[1, 0, 0, 1, 0, 1, 1, 0, 0, 0]
[[ 7  2  0  0  1  0]
 [ 0 10  0  0  0  0]
 [ 0  0 10  0  0  0]
 [ 0  0  0 10  0  0]
 [ 0  0  0  0 10  0]
 [ 0  0  0  0  0 10]]
0.95
n_feature=4, score=0.95
[1, 0, 0, 1, 0, 1, 1, 0, 0, 0]
[[ 7  2  0  0  1  0]
 [ 0 10  0  0  0  0]
 [ 0  0 10  0  0  0]
 [ 0  0  0 10  0  0]
 [ 0  0  0  0 10  0]
 [ 0  0  0  0  0 10]]
0.95
n_feature=4, score=0.95
[1, 0, 0, 1, 0, 1, 1, 0, 0, 0]
[[ 7  2  0  0  1  0]
 [ 0 10  0  0  0  0]
 [ 0  0 10  0  0  0]
 [ 0  0  0 10  0  0]
 [ 0  0  0  0 10  0]
 [ 0  0  0  0  0 10]]
0.95
n_feature=3, score=0.583
[0, 0, 1, 0, 0, 1, 1, 0, 0, 0]
[[ 0  0  1  7  0  2]
 [ 0  7  0  0  0  3]
 [ 0  0 10  0  0  0]
 [ 0  0  0 10  0  0]
 [ 0  0  0 10  0  0]
 [ 0  0  2  0  0  8]]
0.583
******************************
[[1, 0, 0, 1, 0, 1, 1, 0, 0, 0], [1, 0, 0, 1, 0, 1, 1, 0, 0, 0], [1, 0, 0, 1, 0, 1, 1, 0, 0, 0], [1, 0, 0, 1, 0, 1, 1, 1, 0, 0], [1, 0, 0, 1, 0, 1, 1, 0, 0, 0], [1, 0, 0, 1, 0, 1, 1, 0, 0, 1], [1, 0, 0, 1, 0, 1, 1, 0, 0, 0], [1, 0, 0, 1, 0, 1, 1, 0, 0, 0], [1, 0, 0, 1, 0, 1, 1, 0, 0, 0], [0, 0, 0, 1, 0, 1, 1, 0, 0, 0], [1, 0, 0, 1, 0, 1, 1, 0, 0, 0], [1, 0, 0, 1, 0, 1, 1, 0, 0, 0], [1, 0, 0, 1, 0, 0, 1, 0, 0, 0], [1, 0, 0, 1, 0, 1, 1, 0, 0, 0], [1, 0, 0, 1, 0, 1, 1, 0, 0, 0], [1, 0, 0, 1, 0, 1, 1, 0, 0, 0], [1, 0, 0, 1, 0, 1, 1, 0, 0, 0], [1, 0, 0, 1, 0, 1, 1, 0, 0, 0], [0, 0, 1, 0, 0, 1, 1, 0, 0, 0], [1, 0, 0, 1, 0, 1, 1, 0, 0, 0]]
gen	nevals	avg              	std                            	min          	max          
0  	20    	[0.71 4.9 ]      	[0.13894675 1.3       ]        	[0.433 3.   ]	[0.95 8.  ]  
1  	12    	[0.825 5.85 ]    	[0.08838722 1.38834434]        	[0.617 4.   ]	[ 0.95 10.  ]
2  	13    	[0.8874 5.65  ]  	[0.05348589 1.49248116]        	[0.817 4.   ]	[ 0.95 10.  ]
3  	12    	[0.9191 5.1   ]  	[0.0398985 1.4106736]          	[0.817 4.   ]	[ 0.95 10.  ]
4  	10    	[0.93915 4.25   ]	[0.03509598 0.4330127 ]        	[0.8 4. ]    	[0.95 5.  ]  
5  	10    	[0.94915 4.05   ]	[0.00370506 0.21794495]        	[0.933 4.   ]	[0.95 5.  ]  
6  	12    	[0.95 4.05]      	[3.33066907e-16 2.17944947e-01]	[0.95 4.  ]  	[0.95 5.  ]  
7  	20    	[0.94085 4.     ]	[0.03988393 0.31622777]        	[0.767 3.   ]	[0.95 5.  ]  
8  	9     	[0.95 4.05]      	[3.33066907e-16 2.17944947e-01]	[0.95 4.  ]  	[0.95 5.  ]  
9  	14    	[0.925 3.95 ]    	[0.07946005 0.38405729]        	[0.617 3.   ]	[0.95 5.  ]  
10 	8     	[0.9425 4.05  ]  	[0.02612757 0.49749372]        	[0.833 3.   ]	[0.95 6.  ]  
11 	11    	[0.93335 4.     ]	[0.04791792 0.31622777]        	[0.767 3.   ]	[0.95 5.  ]  
12 	10    	[0.93335 4.1    ]	[0.05022178 0.76811457]        	[0.767 3.   ]	[0.95 7.  ]  
13 	12    	[0.94415 4.1    ]	[0.02549956 0.43588989]        	[0.833 4.   ]	[0.95 6.  ]  
14 	11    	[0.95 4.1 ]      	[3.33066907e-16 3.00000000e-01]	[0.95 4.  ]  	[0.95 5.  ]  
15 	8     	[0.94835 4.1    ]	[0.00719218 0.43588989]        	[0.917 4.   ]	[0.95 6.  ]  
16 	10    	[0.94835 4.     ]	[0.00719218 0.        ]        	[0.917 4.   ]	[0.95 4.  ]  
17 	13    	[0.9425 3.95  ]  	[0.03269174 0.21794495]        	[0.8 3. ]    	[0.95 4.  ]  
18 	15    	[0.9483 4.1   ]  	[0.0051 0.3   ]                	[0.933 4.   ]	[0.95 5.  ]  
19 	9     	[0.94165 3.95   ]	[0.03639681 0.21794495]        	[0.783 3.   ]	[0.95 4.  ]  
20 	16    	[0.91495 3.95   ]	[0.0896652  0.49749372]        	[0.583 3.   ]	[0.95 5.  ]  
******************************
*****hall of fame*****
use_sensor_num: 4.0, score: 0.95
[1, 0, 0, 1, 0, 1, 1, 0, 0, 0]
[0, 3, 5, 6]
*****hall of fame*****
use_sensor_num: 3.0, score: 0.833
[1, 0, 0, 0, 0, 1, 1, 0, 0, 0]
[0, 5, 6]
elapsed_time:118.05285835266113[sec]
