60,10
Starting Genetic Algorizm By Random Forest With 10 column
n_feature=8, score=0.667
[1, 1, 1, 1, 1, 0, 1, 0, 1, 1]
[[ 6  1  1  1  1  0]
 [ 6  4  0  0  0  0]
 [ 0  1  8  0  0  1]
 [ 5  0  0  2  3  0]
 [ 0  0  0  0 10  0]
 [ 0  0  0  0  0 10]]
0.667
n_feature=4, score=0.35
[0, 0, 0, 1, 1, 1, 0, 1, 0, 0]
[[ 0  0  1  7  1  1]
 [ 0  0  0  7  0  3]
 [ 0  0  0  9  0  1]
 [ 1  0  0  9  0  0]
 [ 0  0  0  8  2  0]
 [ 0  0  0  0  0 10]]
0.35
n_feature=6, score=0.617
[1, 0, 0, 0, 1, 1, 1, 0, 1, 1]
[[ 3  3  0  2  1  1]
 [ 0 10  0  0  0  0]
 [ 0  0  0  0  2  8]
 [ 3  2  0  5  0  0]
 [ 0  0  0  0  9  1]
 [ 0  0  0  0  0 10]]
0.617
n_feature=7, score=0.65
[1, 1, 0, 1, 1, 1, 0, 1, 0, 1]
[[ 4  0  0  4  1  1]
 [ 0  3  0  7  0  0]
 [ 0  1  8  0  1  0]
 [ 5  0  0  5  0  0]
 [ 0  0  1  0  9  0]
 [ 0  0  0  0  0 10]]
0.65
n_feature=6, score=0.5
[0, 0, 1, 0, 1, 0, 1, 1, 1, 1]
[[ 5  2  0  2  0  1]
 [ 6  4  0  0  0  0]
 [ 1  2  0  0  0  7]
 [ 0  0  0  2  6  2]
 [ 0  1  0  0  9  0]
 [ 0  0  0  0  0 10]]
0.5
n_feature=5, score=0.7
[1, 0, 0, 1, 0, 1, 1, 0, 1, 0]
[[ 4  0  1  4  0  1]
 [ 7  3  0  0  0  0]
 [ 0  0  9  0  0  1]
 [ 3  0  0  7  0  0]
 [ 0  0  1  0  9  0]
 [ 0  0  0  0  0 10]]
0.7
n_feature=4, score=0.5
[1, 0, 1, 0, 0, 0, 1, 1, 0, 0]
[[ 1  0  0  7  2  0]
 [ 0  4  0  6  0  0]
 [ 0  0  1  0  1  8]
 [ 0  6  0  4  0  0]
 [ 0  0  0  0 10  0]
 [ 0  0  0  0  0 10]]
0.5
n_feature=4, score=0.633
[1, 1, 1, 0, 0, 1, 0, 0, 0, 0]
[[ 8  0  0  0  2  0]
 [ 6  4  0  0  0  0]
 [ 0  0  2  0  0  8]
 [ 1  5  0  4  0  0]
 [ 0  0  0  0 10  0]
 [ 0  0  0  0  0 10]]
0.633
n_feature=3, score=0.267
[0, 1, 0, 0, 0, 1, 0, 1, 0, 0]
[[ 1  8  1  0  0  0]
 [ 0 10  0  0  0  0]
 [ 0 10  0  0  0  0]
 [ 0  5  0  5  0  0]
 [ 0  3  0  7  0  0]
 [ 0  4  0  5  1  0]]
0.267
n_feature=3, score=0.35
[0, 0, 0, 0, 0, 0, 1, 1, 1, 0]
[[ 0  0  0  3  3  4]
 [ 0  0  0  0  0 10]
 [ 0  0  0  0  0 10]
 [ 0  0  0  8  0  2]
 [ 0  0  0  6  3  1]
 [ 0  0  0  0  0 10]]
0.35
n_feature=6, score=0.633
[1, 1, 1, 1, 1, 0, 0, 0, 0, 1]
[[ 4  1  0  4  1  0]
 [ 0  4  0  6  0  0]
 [ 0  0  8  0  1  1]
 [ 5  2  0  2  1  0]
 [ 0  0  0  0 10  0]
 [ 0  0  0  0  0 10]]
0.633
n_feature=5, score=0.55
[1, 1, 0, 0, 0, 1, 0, 1, 0, 1]
[[ 1  7  0  0  1  1]
 [ 0 10  0  0  0  0]
 [ 0  0  0  0  2  8]
 [ 3  4  0  3  0  0]
 [ 0  0  1  0  9  0]
 [ 0  0  0  0  0 10]]
0.55
n_feature=5, score=0.517
[1, 0, 1, 0, 0, 0, 1, 1, 0, 1]
[[ 4  0  0  4  2  0]
 [ 0  4  0  6  0  0]
 [ 0  0  1  1  1  7]
 [ 2  6  0  2  0  0]
 [ 0  0  0  0 10  0]
 [ 0  0  0  0  0 10]]
0.517
n_feature=6, score=0.567
[0, 1, 1, 0, 1, 0, 1, 0, 1, 1]
[[6 2 1 1 0 0]
 [6 4 0 0 0 0]
 [1 2 7 0 0 0]
 [0 0 0 2 6 2]
 [0 1 0 0 9 0]
 [0 0 4 0 0 6]]
0.567
n_feature=5, score=0.65
[1, 0, 0, 1, 1, 0, 1, 0, 1, 0]
[[ 3  0  1  5  0  1]
 [ 7  3  0  0  0  0]
 [ 0  0  9  0  0  1]
 [ 3  0  0  7  0  0]
 [ 0  0  3  0  7  0]
 [ 0  0  0  0  0 10]]
0.65
n_feature=5, score=0.65
[1, 0, 0, 1, 0, 1, 0, 1, 0, 1]
[[ 4  0  0  4  1  1]
 [ 0  3  0  7  0  0]
 [ 0  0  8  0  1  1]
 [ 5  1  0  4  0  0]
 [ 0  0  0  0 10  0]
 [ 0  0  0  0  0 10]]
0.65
n_feature=5, score=0.467
[0, 0, 1, 1, 1, 1, 0, 0, 0, 1]
[[ 3  1  1  4  1  0]
 [ 0  3  0  6  1  0]
 [ 8  1  0  1  0  0]
 [ 2  0  0  2  6  0]
 [ 0  0  0  0 10  0]
 [ 0  0  0  0  0 10]]
0.467
n_feature=3, score=0.35
[0, 0, 0, 0, 1, 1, 0, 0, 1, 0]
[[ 1  0  0  4  1  4]
 [ 0  0  0  0  0 10]
 [ 0  1  0  0  0  9]
 [ 0  0  0  8  0  2]
 [ 2  1  0  5  2  0]
 [ 0  0  0  0  0 10]]
0.35
n_feature=4, score=0.633
[1, 0, 0, 0, 0, 1, 0, 0, 1, 1]
[[ 3  3  0  2  1  1]
 [ 0 10  0  0  0  0]
 [ 0  0  0  0  2  8]
 [ 3  2  0  5  0  0]
 [ 0  0  0  0 10  0]
 [ 0  0  0  0  0 10]]
0.633
n_feature=4, score=0.567
[1, 0, 1, 0, 0, 0, 0, 0, 1, 1]
[[ 5  1  0  3  1  0]
 [ 6  4  0  0  0  0]
 [ 0  1  3  0  1  5]
 [ 5  0  0  2  3  0]
 [ 0  0  0  0 10  0]
 [ 0  0  0  0  0 10]]
0.567
n_feature=4, score=0.617
[1, 0, 0, 0, 0, 1, 1, 0, 1, 0]
[[ 2  3  0  3  0  2]
 [ 0 10  0  0  0  0]
 [ 0  0  0  0  0 10]
 [ 0  2  0  8  0  0]
 [ 0  0  0  0  7  3]
 [ 0  0  0  0  0 10]]
0.617
n_feature=7, score=0.65
[1, 1, 0, 1, 1, 1, 0, 1, 0, 1]
[[ 4  0  0  4  1  1]
 [ 0  3  0  7  0  0]
 [ 0  1  8  0  1  0]
 [ 5  0  0  5  0  0]
 [ 0  0  1  0  9  0]
 [ 0  0  0  0  0 10]]
0.65
n_feature=6, score=0.533
[1, 1, 1, 0, 0, 1, 0, 0, 1, 1]
[[ 6  2  0  2  0  0]
 [ 6  4  0  0  0  0]
 [ 1  1  0  0  0  8]
 [ 5  0  0  2  1  2]
 [ 0  0  0  0 10  0]
 [ 0  0  0  0  0 10]]
0.533
n_feature=2, score=0.35
[1, 0, 0, 0, 0, 1, 0, 0, 0, 0]
[[ 1  0  0  7  0  2]
 [ 0  0  0 10  0  0]
 [ 0  0  0  0  0 10]
 [ 0  0  0 10  0  0]
 [ 0  0  0  0  0 10]
 [ 0  0  0  0  0 10]]
0.35
n_feature=7, score=0.617
[1, 1, 1, 0, 1, 0, 1, 0, 1, 1]
[[ 7  2  0  1  0  0]
 [ 6  4  0  0  0  0]
 [ 0  2  8  0  0  0]
 [ 4  0  0  2  2  2]
 [ 0  0  0  0 10  0]
 [ 0  0  4  0  0  6]]
0.617
n_feature=5, score=0.65
[1, 0, 0, 1, 1, 0, 1, 0, 1, 0]
[[ 3  0  1  5  0  1]
 [ 7  3  0  0  0  0]
 [ 0  0  9  0  0  1]
 [ 3  0  0  7  0  0]
 [ 0  0  3  0  7  0]
 [ 0  0  0  0  0 10]]
0.65
n_feature=4, score=0.567
[1, 0, 1, 0, 0, 0, 0, 0, 1, 1]
[[ 5  1  0  3  1  0]
 [ 6  4  0  0  0  0]
 [ 0  1  3  0  1  5]
 [ 5  0  0  2  3  0]
 [ 0  0  0  0 10  0]
 [ 0  0  0  0  0 10]]
0.567
n_feature=10, score=0.683
[1, 1, 1, 1, 1, 1, 1, 1, 1, 1]
[[ 7  1  0  1  1  0]
 [ 6  4  0  0  0  0]
 [ 0  1  8  0  0  1]
 [ 5  0  0  2  3  0]
 [ 0  0  0  0 10  0]
 [ 0  0  0  0  0 10]]
0.683
n_feature=5, score=0.633
[1, 0, 0, 0, 1, 0, 1, 0, 1, 1]
[[ 3  3  0  2  1  1]
 [ 0 10  0  0  0  0]
 [ 0  0  0  0  2  8]
 [ 3  2  0  5  0  0]
 [ 0  0  0  0 10  0]
 [ 0  0  0  0  0 10]]
0.633
n_feature=3, score=0.6
[1, 0, 0, 0, 0, 1, 0, 0, 1, 0]
[[ 1  2  0  5  0  2]
 [ 0 10  0  0  0  0]
 [ 0  0  0  0  0 10]
 [ 0  2  0  8  0  0]
 [ 0  0  0  0  7  3]
 [ 0  0  0  0  0 10]]
0.6
n_feature=7, score=0.633
[1, 1, 1, 1, 1, 0, 0, 1, 0, 1]
[[ 4  1  0  4  1  0]
 [ 0  4  0  6  0  0]
 [ 0  0  8  0  1  1]
 [ 5  1  0  2  2  0]
 [ 0  0  0  0 10  0]
 [ 0  0  0  0  0 10]]
0.633
n_feature=4, score=0.517
[1, 0, 1, 0, 0, 0, 1, 0, 0, 1]
[[ 4  0  0  4  2  0]
 [ 0  4  0  6  0  0]
 [ 0  0  1  1  1  7]
 [ 2  6  0  2  0  0]
 [ 0  0  0  0 10  0]
 [ 0  0  0  0  0 10]]
0.517
n_feature=5, score=0.65
[1, 0, 0, 1, 0, 1, 1, 0, 0, 1]
[[ 4  0  0  4  1  1]
 [ 0  3  0  7  0  0]
 [ 0  1  8  0  1  0]
 [ 5  1  0  4  0  0]
 [ 0  0  0  0 10  0]
 [ 0  0  0  0  0 10]]
0.65
n_feature=6, score=0.717
[1, 1, 0, 1, 1, 1, 0, 0, 1, 0]
[[ 8  0  1  0  0  1]
 [ 7  3  0  0  0  0]
 [ 0  0  9  0  0  1]
 [ 6  0  0  4  0  0]
 [ 0  0  1  0  9  0]
 [ 0  0  0  0  0 10]]
0.717
n_feature=5, score=0.7
[1, 0, 0, 1, 0, 1, 1, 0, 1, 0]
[[ 4  0  1  4  0  1]
 [ 7  3  0  0  0  0]
 [ 0  0  9  0  0  1]
 [ 3  0  0  7  0  0]
 [ 0  0  1  0  9  0]
 [ 0  0  0  0  0 10]]
0.7
n_feature=3, score=0.6
[1, 0, 0, 0, 0, 1, 0, 0, 1, 0]
[[ 1  2  0  5  0  2]
 [ 0 10  0  0  0  0]
 [ 0  0  0  0  0 10]
 [ 0  2  0  8  0  0]
 [ 0  0  0  0  7  3]
 [ 0  0  0  0  0 10]]
0.6
n_feature=4, score=0.617
[1, 0, 0, 0, 0, 1, 1, 0, 1, 0]
[[ 2  3  0  3  0  2]
 [ 0 10  0  0  0  0]
 [ 0  0  0  0  0 10]
 [ 0  2  0  8  0  0]
 [ 0  0  0  0  7  3]
 [ 0  0  0  0  0 10]]
0.617
n_feature=8, score=0.683
[1, 0, 0, 1, 1, 1, 1, 1, 1, 1]
[[ 5  0  0  3  1  1]
 [ 6  4  0  0  0  0]
 [ 0  0  8  0  1  1]
 [ 5  0  0  5  0  0]
 [ 0  0  1  0  9  0]
 [ 0  0  0  0  0 10]]
0.683
n_feature=7, score=0.717
[1, 1, 1, 1, 1, 0, 1, 0, 1, 0]
[[ 8  1  0  0  1  0]
 [ 6  4  0  0  0  0]
 [ 0  0  9  0  0  1]
 [ 6  0  0  2  2  0]
 [ 0  0  0  0 10  0]
 [ 0  0  0  0  0 10]]
0.717
n_feature=7, score=0.65
[1, 1, 0, 1, 1, 1, 0, 1, 0, 1]
[[ 4  0  0  4  1  1]
 [ 0  3  0  7  0  0]
 [ 0  1  8  0  1  0]
 [ 5  0  0  5  0  0]
 [ 0  0  1  0  9  0]
 [ 0  0  0  0  0 10]]
0.65
n_feature=5, score=0.7
[1, 0, 0, 1, 0, 1, 1, 0, 1, 0]
[[ 4  0  1  4  0  1]
 [ 7  3  0  0  0  0]
 [ 0  0  9  0  0  1]
 [ 3  0  0  7  0  0]
 [ 0  0  1  0  9  0]
 [ 0  0  0  0  0 10]]
0.7
n_feature=5, score=0.7
[1, 0, 0, 1, 0, 1, 1, 0, 1, 0]
[[ 4  0  1  4  0  1]
 [ 7  3  0  0  0  0]
 [ 0  0  9  0  0  1]
 [ 3  0  0  7  0  0]
 [ 0  0  1  0  9  0]
 [ 0  0  0  0  0 10]]
0.7
n_feature=5, score=0.65
[1, 0, 0, 1, 1, 0, 1, 0, 1, 0]
[[ 3  0  1  5  0  1]
 [ 7  3  0  0  0  0]
 [ 0  0  9  0  0  1]
 [ 3  0  0  7  0  0]
 [ 0  0  3  0  7  0]
 [ 0  0  0  0  0 10]]
0.65
n_feature=5, score=0.583
[1, 1, 0, 0, 0, 1, 1, 0, 1, 0]
[[ 5  3  0  0  0  2]
 [ 0 10  0  0  0  0]
 [ 0  0  0  0  0 10]
 [ 7  0  0  3  0  0]
 [ 0  0  0  0  7  3]
 [ 0  0  0  0  0 10]]
0.583
n_feature=5, score=0.65
[1, 0, 0, 1, 1, 0, 1, 0, 1, 0]
[[ 3  0  1  5  0  1]
 [ 7  3  0  0  0  0]
 [ 0  0  9  0  0  1]
 [ 3  0  0  7  0  0]
 [ 0  0  3  0  7  0]
 [ 0  0  0  0  0 10]]
0.65
n_feature=5, score=0.7
[1, 0, 0, 1, 0, 1, 1, 0, 1, 0]
[[ 4  0  1  4  0  1]
 [ 7  3  0  0  0  0]
 [ 0  0  9  0  0  1]
 [ 3  0  0  7  0  0]
 [ 0  0  1  0  9  0]
 [ 0  0  0  0  0 10]]
0.7
n_feature=5, score=0.65
[1, 0, 0, 1, 1, 0, 1, 0, 1, 0]
[[ 3  0  1  5  0  1]
 [ 7  3  0  0  0  0]
 [ 0  0  9  0  0  1]
 [ 3  0  0  7  0  0]
 [ 0  0  3  0  7  0]
 [ 0  0  0  0  0 10]]
0.65
n_feature=5, score=0.65
[1, 0, 0, 1, 1, 0, 1, 0, 1, 0]
[[ 3  0  1  5  0  1]
 [ 7  3  0  0  0  0]
 [ 0  0  9  0  0  1]
 [ 3  0  0  7  0  0]
 [ 0  0  3  0  7  0]
 [ 0  0  0  0  0 10]]
0.65
n_feature=5, score=0.7
[1, 0, 0, 1, 0, 1, 1, 0, 1, 0]
[[ 4  0  1  4  0  1]
 [ 7  3  0  0  0  0]
 [ 0  0  9  0  0  1]
 [ 3  0  0  7  0  0]
 [ 0  0  1  0  9  0]
 [ 0  0  0  0  0 10]]
0.7
n_feature=5, score=0.683
[1, 0, 0, 1, 1, 1, 0, 0, 1, 0]
[[ 3  0  1  5  0  1]
 [ 7  3  0  0  0  0]
 [ 0  0  9  0  0  1]
 [ 3  0  0  7  0  0]
 [ 0  0  1  0  9  0]
 [ 0  0  0  0  0 10]]
0.683
n_feature=6, score=0.717
[1, 1, 0, 1, 0, 1, 1, 0, 1, 0]
[[ 8  0  1  0  0  1]
 [ 7  3  0  0  0  0]
 [ 0  0  9  0  0  1]
 [ 6  0  0  4  0  0]
 [ 0  0  1  0  9  0]
 [ 0  0  0  0  0 10]]
0.717
n_feature=6, score=0.717
[1, 1, 0, 1, 1, 1, 0, 0, 1, 0]
[[ 8  0  1  0  0  1]
 [ 7  3  0  0  0  0]
 [ 0  0  9  0  0  1]
 [ 6  0  0  4  0  0]
 [ 0  0  1  0  9  0]
 [ 0  0  0  0  0 10]]
0.717
n_feature=8, score=0.65
[1, 1, 1, 1, 1, 0, 1, 1, 0, 1]
[[ 5  1  0  3  1  0]
 [ 0  4  0  6  0  0]
 [ 0  0  8  0  1  1]
 [ 5  1  0  2  2  0]
 [ 0  0  0  0 10  0]
 [ 0  0  0  0  0 10]]
0.65
n_feature=7, score=0.717
[1, 1, 1, 1, 1, 0, 1, 0, 1, 0]
[[ 8  1  0  0  1  0]
 [ 6  4  0  0  0  0]
 [ 0  0  9  0  0  1]
 [ 6  0  0  2  2  0]
 [ 0  0  0  0 10  0]
 [ 0  0  0  0  0 10]]
0.717
n_feature=5, score=0.7
[1, 0, 0, 1, 0, 1, 1, 0, 1, 0]
[[ 4  0  1  4  0  1]
 [ 7  3  0  0  0  0]
 [ 0  0  9  0  0  1]
 [ 3  0  0  7  0  0]
 [ 0  0  1  0  9  0]
 [ 0  0  0  0  0 10]]
0.7
n_feature=7, score=0.717
[1, 1, 1, 1, 1, 0, 1, 0, 1, 0]
[[ 8  1  0  0  1  0]
 [ 6  4  0  0  0  0]
 [ 0  0  9  0  0  1]
 [ 6  0  0  2  2  0]
 [ 0  0  0  0 10  0]
 [ 0  0  0  0  0 10]]
0.717
n_feature=5, score=0.7
[1, 0, 0, 1, 0, 1, 1, 0, 1, 0]
[[ 4  0  1  4  0  1]
 [ 7  3  0  0  0  0]
 [ 0  0  9  0  0  1]
 [ 3  0  0  7  0  0]
 [ 0  0  1  0  9  0]
 [ 0  0  0  0  0 10]]
0.7
n_feature=5, score=0.7
[1, 0, 0, 1, 0, 1, 1, 0, 1, 0]
[[ 4  0  1  4  0  1]
 [ 7  3  0  0  0  0]
 [ 0  0  9  0  0  1]
 [ 3  0  0  7  0  0]
 [ 0  0  1  0  9  0]
 [ 0  0  0  0  0 10]]
0.7
n_feature=5, score=0.7
[1, 0, 0, 1, 0, 1, 1, 0, 1, 0]
[[ 4  0  1  4  0  1]
 [ 7  3  0  0  0  0]
 [ 0  0  9  0  0  1]
 [ 3  0  0  7  0  0]
 [ 0  0  1  0  9  0]
 [ 0  0  0  0  0 10]]
0.7
n_feature=6, score=0.717
[1, 1, 0, 1, 1, 1, 0, 0, 1, 0]
[[ 8  0  1  0  0  1]
 [ 7  3  0  0  0  0]
 [ 0  0  9  0  0  1]
 [ 6  0  0  4  0  0]
 [ 0  0  1  0  9  0]
 [ 0  0  0  0  0 10]]
0.717
n_feature=6, score=0.717
[1, 1, 0, 1, 1, 1, 0, 0, 1, 0]
[[ 8  0  1  0  0  1]
 [ 7  3  0  0  0  0]
 [ 0  0  9  0  0  1]
 [ 6  0  0  4  0  0]
 [ 0  0  1  0  9  0]
 [ 0  0  0  0  0 10]]
0.717
n_feature=7, score=0.7
[1, 1, 0, 1, 1, 1, 1, 0, 1, 0]
[[ 8  0  1  0  0  1]
 [ 7  3  0  0  0  0]
 [ 0  0  9  0  0  1]
 [ 6  0  0  4  0  0]
 [ 0  0  2  0  8  0]
 [ 0  0  0  0  0 10]]
0.7
n_feature=4, score=0.683
[1, 0, 0, 1, 0, 1, 0, 0, 1, 0]
[[ 3  0  1  5  0  1]
 [ 7  3  0  0  0  0]
 [ 0  0  9  0  0  1]
 [ 3  0  0  7  0  0]
 [ 0  0  1  0  9  0]
 [ 0  0  0  0  0 10]]
0.683
n_feature=7, score=0.717
[1, 1, 1, 1, 1, 1, 0, 0, 1, 0]
[[ 8  1  0  0  1  0]
 [ 6  4  0  0  0  0]
 [ 0  0  9  0  0  1]
 [ 6  0  0  2  2  0]
 [ 0  0  0  0 10  0]
 [ 0  0  0  0  0 10]]
0.717
n_feature=6, score=0.7
[1, 1, 0, 1, 1, 0, 1, 0, 1, 0]
[[ 8  0  1  0  0  1]
 [ 7  3  0  0  0  0]
 [ 0  0  9  0  0  1]
 [ 6  0  0  4  0  0]
 [ 0  0  2  0  8  0]
 [ 0  0  0  0  0 10]]
0.7
n_feature=5, score=0.7
[1, 0, 0, 1, 0, 1, 1, 0, 1, 0]
[[ 4  0  1  4  0  1]
 [ 7  3  0  0  0  0]
 [ 0  0  9  0  0  1]
 [ 3  0  0  7  0  0]
 [ 0  0  1  0  9  0]
 [ 0  0  0  0  0 10]]
0.7
n_feature=5, score=0.7
[1, 0, 0, 1, 0, 1, 1, 0, 1, 0]
[[ 4  0  1  4  0  1]
 [ 7  3  0  0  0  0]
 [ 0  0  9  0  0  1]
 [ 3  0  0  7  0  0]
 [ 0  0  1  0  9  0]
 [ 0  0  0  0  0 10]]
0.7
n_feature=6, score=0.717
[1, 1, 0, 1, 1, 1, 0, 0, 1, 0]
[[ 8  0  1  0  0  1]
 [ 7  3  0  0  0  0]
 [ 0  0  9  0  0  1]
 [ 6  0  0  4  0  0]
 [ 0  0  1  0  9  0]
 [ 0  0  0  0  0 10]]
0.717
n_feature=7, score=0.717
[1, 1, 1, 1, 1, 0, 1, 0, 1, 0]
[[ 8  1  0  0  1  0]
 [ 6  4  0  0  0  0]
 [ 0  0  9  0  0  1]
 [ 6  0  0  2  2  0]
 [ 0  0  0  0 10  0]
 [ 0  0  0  0  0 10]]
0.717
n_feature=7, score=0.717
[1, 1, 1, 1, 1, 1, 0, 0, 1, 0]
[[ 8  1  0  0  1  0]
 [ 6  4  0  0  0  0]
 [ 0  0  9  0  0  1]
 [ 6  0  0  2  2  0]
 [ 0  0  0  0 10  0]
 [ 0  0  0  0  0 10]]
0.717
n_feature=5, score=0.7
[1, 0, 0, 1, 0, 1, 1, 0, 1, 0]
[[ 4  0  1  4  0  1]
 [ 7  3  0  0  0  0]
 [ 0  0  9  0  0  1]
 [ 3  0  0  7  0  0]
 [ 0  0  1  0  9  0]
 [ 0  0  0  0  0 10]]
0.7
n_feature=7, score=0.717
[1, 1, 0, 1, 1, 1, 0, 1, 1, 0]
[[ 8  0  1  0  0  1]
 [ 7  3  0  0  0  0]
 [ 0  0  9  0  0  1]
 [ 4  0  0  4  2  0]
 [ 0  0  1  0  9  0]
 [ 0  0  0  0  0 10]]
0.717
n_feature=6, score=0.717
[1, 1, 0, 1, 1, 1, 0, 0, 1, 0]
[[ 8  0  1  0  0  1]
 [ 7  3  0  0  0  0]
 [ 0  0  9  0  0  1]
 [ 6  0  0  4  0  0]
 [ 0  0  1  0  9  0]
 [ 0  0  0  0  0 10]]
0.717
n_feature=6, score=0.717
[1, 1, 0, 1, 1, 1, 0, 0, 1, 0]
[[ 8  0  1  0  0  1]
 [ 7  3  0  0  0  0]
 [ 0  0  9  0  0  1]
 [ 6  0  0  4  0  0]
 [ 0  0  1  0  9  0]
 [ 0  0  0  0  0 10]]
0.717
n_feature=6, score=0.717
[1, 1, 0, 1, 1, 1, 0, 0, 1, 0]
[[ 8  0  1  0  0  1]
 [ 7  3  0  0  0  0]
 [ 0  0  9  0  0  1]
 [ 6  0  0  4  0  0]
 [ 0  0  1  0  9  0]
 [ 0  0  0  0  0 10]]
0.717
n_feature=6, score=0.717
[1, 1, 0, 1, 1, 1, 0, 0, 1, 0]
[[ 8  0  1  0  0  1]
 [ 7  3  0  0  0  0]
 [ 0  0  9  0  0  1]
 [ 6  0  0  4  0  0]
 [ 0  0  1  0  9  0]
 [ 0  0  0  0  0 10]]
0.717
n_feature=6, score=0.717
[1, 1, 0, 1, 1, 1, 0, 0, 1, 0]
[[ 8  0  1  0  0  1]
 [ 7  3  0  0  0  0]
 [ 0  0  9  0  0  1]
 [ 6  0  0  4  0  0]
 [ 0  0  1  0  9  0]
 [ 0  0  0  0  0 10]]
0.717
n_feature=5, score=0.733
[1, 1, 0, 1, 1, 1, 0, 0, 0, 0]
[[ 8  0  1  0  0  1]
 [ 7  3  0  0  0  0]
 [ 0  0  9  0  0  1]
 [ 5  0  0  5  0  0]
 [ 0  0  1  0  9  0]
 [ 0  0  0  0  0 10]]
0.733
n_feature=6, score=0.717
[1, 1, 0, 1, 1, 1, 0, 0, 1, 0]
[[ 8  0  1  0  0  1]
 [ 7  3  0  0  0  0]
 [ 0  0  9  0  0  1]
 [ 6  0  0  4  0  0]
 [ 0  0  1  0  9  0]
 [ 0  0  0  0  0 10]]
0.717
n_feature=6, score=0.717
[1, 1, 0, 1, 1, 1, 0, 0, 1, 0]
[[ 8  0  1  0  0  1]
 [ 7  3  0  0  0  0]
 [ 0  0  9  0  0  1]
 [ 6  0  0  4  0  0]
 [ 0  0  1  0  9  0]
 [ 0  0  0  0  0 10]]
0.717
n_feature=7, score=0.717
[1, 1, 1, 1, 1, 1, 0, 0, 1, 0]
[[ 8  1  0  0  1  0]
 [ 6  4  0  0  0  0]
 [ 0  0  9  0  0  1]
 [ 6  0  0  2  2  0]
 [ 0  0  0  0 10  0]
 [ 0  0  0  0  0 10]]
0.717
n_feature=6, score=0.717
[1, 1, 0, 1, 1, 1, 0, 0, 1, 0]
[[ 8  0  1  0  0  1]
 [ 7  3  0  0  0  0]
 [ 0  0  9  0  0  1]
 [ 6  0  0  4  0  0]
 [ 0  0  1  0  9  0]
 [ 0  0  0  0  0 10]]
0.717
n_feature=6, score=0.717
[1, 1, 0, 1, 1, 1, 0, 0, 1, 0]
[[ 8  0  1  0  0  1]
 [ 7  3  0  0  0  0]
 [ 0  0  9  0  0  1]
 [ 6  0  0  4  0  0]
 [ 0  0  1  0  9  0]
 [ 0  0  0  0  0 10]]
0.717
n_feature=6, score=0.717
[1, 1, 0, 1, 1, 1, 0, 0, 1, 0]
[[ 8  0  1  0  0  1]
 [ 7  3  0  0  0  0]
 [ 0  0  9  0  0  1]
 [ 6  0  0  4  0  0]
 [ 0  0  1  0  9  0]
 [ 0  0  0  0  0 10]]
0.717
n_feature=6, score=0.717
[1, 1, 0, 1, 1, 1, 0, 0, 1, 0]
[[ 8  0  1  0  0  1]
 [ 7  3  0  0  0  0]
 [ 0  0  9  0  0  1]
 [ 6  0  0  4  0  0]
 [ 0  0  1  0  9  0]
 [ 0  0  0  0  0 10]]
0.717
n_feature=6, score=0.717
[1, 1, 0, 1, 1, 1, 0, 0, 1, 0]
[[ 8  0  1  0  0  1]
 [ 7  3  0  0  0  0]
 [ 0  0  9  0  0  1]
 [ 6  0  0  4  0  0]
 [ 0  0  1  0  9  0]
 [ 0  0  0  0  0 10]]
0.717
n_feature=6, score=0.717
[1, 1, 0, 1, 1, 1, 0, 0, 1, 0]
[[ 8  0  1  0  0  1]
 [ 7  3  0  0  0  0]
 [ 0  0  9  0  0  1]
 [ 6  0  0  4  0  0]
 [ 0  0  1  0  9  0]
 [ 0  0  0  0  0 10]]
0.717
n_feature=6, score=0.717
[1, 1, 0, 1, 1, 1, 0, 0, 1, 0]
[[ 8  0  1  0  0  1]
 [ 7  3  0  0  0  0]
 [ 0  0  9  0  0  1]
 [ 6  0  0  4  0  0]
 [ 0  0  1  0  9  0]
 [ 0  0  0  0  0 10]]
0.717
n_feature=6, score=0.717
[1, 1, 0, 1, 1, 1, 0, 0, 1, 0]
[[ 8  0  1  0  0  1]
 [ 7  3  0  0  0  0]
 [ 0  0  9  0  0  1]
 [ 6  0  0  4  0  0]
 [ 0  0  1  0  9  0]
 [ 0  0  0  0  0 10]]
0.717
n_feature=6, score=0.717
[1, 1, 0, 1, 1, 1, 0, 0, 1, 0]
[[ 8  0  1  0  0  1]
 [ 7  3  0  0  0  0]
 [ 0  0  9  0  0  1]
 [ 6  0  0  4  0  0]
 [ 0  0  1  0  9  0]
 [ 0  0  0  0  0 10]]
0.717
n_feature=6, score=0.717
[1, 1, 0, 1, 1, 1, 0, 0, 1, 0]
[[ 8  0  1  0  0  1]
 [ 7  3  0  0  0  0]
 [ 0  0  9  0  0  1]
 [ 6  0  0  4  0  0]
 [ 0  0  1  0  9  0]
 [ 0  0  0  0  0 10]]
0.717
n_feature=6, score=0.717
[1, 1, 0, 1, 1, 1, 0, 0, 1, 0]
[[ 8  0  1  0  0  1]
 [ 7  3  0  0  0  0]
 [ 0  0  9  0  0  1]
 [ 6  0  0  4  0  0]
 [ 0  0  1  0  9  0]
 [ 0  0  0  0  0 10]]
0.717
n_feature=5, score=0.733
[1, 1, 0, 1, 1, 1, 0, 0, 0, 0]
[[ 8  0  1  0  0  1]
 [ 7  3  0  0  0  0]
 [ 0  0  9  0  0  1]
 [ 5  0  0  5  0  0]
 [ 0  0  1  0  9  0]
 [ 0  0  0  0  0 10]]
0.733
n_feature=6, score=0.717
[1, 1, 0, 1, 1, 1, 0, 0, 1, 0]
[[ 8  0  1  0  0  1]
 [ 7  3  0  0  0  0]
 [ 0  0  9  0  0  1]
 [ 6  0  0  4  0  0]
 [ 0  0  1  0  9  0]
 [ 0  0  0  0  0 10]]
0.717
n_feature=6, score=0.717
[1, 1, 0, 1, 1, 1, 0, 0, 1, 0]
[[ 8  0  1  0  0  1]
 [ 7  3  0  0  0  0]
 [ 0  0  9  0  0  1]
 [ 6  0  0  4  0  0]
 [ 0  0  1  0  9  0]
 [ 0  0  0  0  0 10]]
0.717
n_feature=6, score=0.717
[1, 1, 0, 1, 1, 1, 0, 0, 1, 0]
[[ 8  0  1  0  0  1]
 [ 7  3  0  0  0  0]
 [ 0  0  9  0  0  1]
 [ 6  0  0  4  0  0]
 [ 0  0  1  0  9  0]
 [ 0  0  0  0  0 10]]
0.717
n_feature=5, score=0.733
[1, 1, 0, 1, 1, 1, 0, 0, 0, 0]
[[ 8  0  1  0  0  1]
 [ 7  3  0  0  0  0]
 [ 0  0  9  0  0  1]
 [ 5  0  0  5  0  0]
 [ 0  0  1  0  9  0]
 [ 0  0  0  0  0 10]]
0.733
n_feature=5, score=0.717
[1, 1, 0, 1, 0, 1, 0, 0, 1, 0]
[[ 8  0  1  0  0  1]
 [ 7  3  0  0  0  0]
 [ 0  0  9  0  0  1]
 [ 6  0  0  4  0  0]
 [ 0  0  1  0  9  0]
 [ 0  0  0  0  0 10]]
0.717
n_feature=6, score=0.717
[1, 1, 0, 1, 1, 1, 0, 0, 1, 0]
[[ 8  0  1  0  0  1]
 [ 7  3  0  0  0  0]
 [ 0  0  9  0  0  1]
 [ 6  0  0  4  0  0]
 [ 0  0  1  0  9  0]
 [ 0  0  0  0  0 10]]
0.717
n_feature=5, score=0.733
[1, 1, 0, 1, 1, 1, 0, 0, 0, 0]
[[ 8  0  1  0  0  1]
 [ 7  3  0  0  0  0]
 [ 0  0  9  0  0  1]
 [ 5  0  0  5  0  0]
 [ 0  0  1  0  9  0]
 [ 0  0  0  0  0 10]]
0.733
n_feature=6, score=0.717
[1, 1, 0, 1, 1, 1, 0, 0, 1, 0]
[[ 8  0  1  0  0  1]
 [ 7  3  0  0  0  0]
 [ 0  0  9  0  0  1]
 [ 6  0  0  4  0  0]
 [ 0  0  1  0  9  0]
 [ 0  0  0  0  0 10]]
0.717
n_feature=6, score=0.717
[1, 1, 0, 1, 1, 1, 0, 0, 1, 0]
[[ 8  0  1  0  0  1]
 [ 7  3  0  0  0  0]
 [ 0  0  9  0  0  1]
 [ 6  0  0  4  0  0]
 [ 0  0  1  0  9  0]
 [ 0  0  0  0  0 10]]
0.717
n_feature=6, score=0.717
[1, 1, 0, 1, 1, 1, 0, 0, 1, 0]
[[ 8  0  1  0  0  1]
 [ 7  3  0  0  0  0]
 [ 0  0  9  0  0  1]
 [ 6  0  0  4  0  0]
 [ 0  0  1  0  9  0]
 [ 0  0  0  0  0 10]]
0.717
n_feature=6, score=0.717
[1, 1, 0, 1, 1, 1, 0, 0, 1, 0]
[[ 8  0  1  0  0  1]
 [ 7  3  0  0  0  0]
 [ 0  0  9  0  0  1]
 [ 6  0  0  4  0  0]
 [ 0  0  1  0  9  0]
 [ 0  0  0  0  0 10]]
0.717
n_feature=6, score=0.717
[1, 1, 0, 1, 1, 1, 0, 0, 1, 0]
[[ 8  0  1  0  0  1]
 [ 7  3  0  0  0  0]
 [ 0  0  9  0  0  1]
 [ 6  0  0  4  0  0]
 [ 0  0  1  0  9  0]
 [ 0  0  0  0  0 10]]
0.717
n_feature=6, score=0.717
[1, 1, 0, 1, 1, 1, 0, 0, 1, 0]
[[ 8  0  1  0  0  1]
 [ 7  3  0  0  0  0]
 [ 0  0  9  0  0  1]
 [ 6  0  0  4  0  0]
 [ 0  0  1  0  9  0]
 [ 0  0  0  0  0 10]]
0.717
n_feature=6, score=0.733
[1, 1, 0, 1, 1, 1, 1, 0, 0, 0]
[[ 8  0  1  0  0  1]
 [ 7  3  0  0  0  0]
 [ 0  0  9  0  0  1]
 [ 5  0  0  5  0  0]
 [ 0  0  1  0  9  0]
 [ 0  0  0  0  0 10]]
0.733
n_feature=6, score=0.717
[1, 1, 0, 1, 1, 1, 0, 0, 1, 0]
[[ 8  0  1  0  0  1]
 [ 7  3  0  0  0  0]
 [ 0  0  9  0  0  1]
 [ 6  0  0  4  0  0]
 [ 0  0  1  0  9  0]
 [ 0  0  0  0  0 10]]
0.717
n_feature=5, score=0.733
[1, 1, 0, 1, 1, 1, 0, 0, 0, 0]
[[ 8  0  1  0  0  1]
 [ 7  3  0  0  0  0]
 [ 0  0  9  0  0  1]
 [ 5  0  0  5  0  0]
 [ 0  0  1  0  9  0]
 [ 0  0  0  0  0 10]]
0.733
n_feature=6, score=0.717
[1, 1, 0, 1, 1, 1, 0, 0, 1, 0]
[[ 8  0  1  0  0  1]
 [ 7  3  0  0  0  0]
 [ 0  0  9  0  0  1]
 [ 6  0  0  4  0  0]
 [ 0  0  1  0  9  0]
 [ 0  0  0  0  0 10]]
0.717
n_feature=6, score=0.717
[1, 1, 0, 1, 1, 1, 0, 0, 1, 0]
[[ 8  0  1  0  0  1]
 [ 7  3  0  0  0  0]
 [ 0  0  9  0  0  1]
 [ 6  0  0  4  0  0]
 [ 0  0  1  0  9  0]
 [ 0  0  0  0  0 10]]
0.717
n_feature=5, score=0.717
[1, 1, 0, 1, 0, 1, 0, 0, 1, 0]
[[ 8  0  1  0  0  1]
 [ 7  3  0  0  0  0]
 [ 0  0  9  0  0  1]
 [ 6  0  0  4  0  0]
 [ 0  0  1  0  9  0]
 [ 0  0  0  0  0 10]]
0.717
n_feature=5, score=0.733
[1, 1, 0, 1, 1, 1, 0, 0, 0, 0]
[[ 8  0  1  0  0  1]
 [ 7  3  0  0  0  0]
 [ 0  0  9  0  0  1]
 [ 5  0  0  5  0  0]
 [ 0  0  1  0  9  0]
 [ 0  0  0  0  0 10]]
0.733
n_feature=6, score=0.717
[1, 1, 0, 1, 1, 1, 0, 0, 1, 0]
[[ 8  0  1  0  0  1]
 [ 7  3  0  0  0  0]
 [ 0  0  9  0  0  1]
 [ 6  0  0  4  0  0]
 [ 0  0  1  0  9  0]
 [ 0  0  0  0  0 10]]
0.717
n_feature=6, score=0.717
[1, 1, 0, 1, 1, 1, 0, 0, 1, 0]
[[ 8  0  1  0  0  1]
 [ 7  3  0  0  0  0]
 [ 0  0  9  0  0  1]
 [ 6  0  0  4  0  0]
 [ 0  0  1  0  9  0]
 [ 0  0  0  0  0 10]]
0.717
n_feature=5, score=0.733
[1, 1, 0, 1, 1, 1, 0, 0, 0, 0]
[[ 8  0  1  0  0  1]
 [ 7  3  0  0  0  0]
 [ 0  0  9  0  0  1]
 [ 5  0  0  5  0  0]
 [ 0  0  1  0  9  0]
 [ 0  0  0  0  0 10]]
0.733
n_feature=6, score=0.717
[1, 1, 0, 1, 1, 1, 0, 0, 1, 0]
[[ 8  0  1  0  0  1]
 [ 7  3  0  0  0  0]
 [ 0  0  9  0  0  1]
 [ 6  0  0  4  0  0]
 [ 0  0  1  0  9  0]
 [ 0  0  0  0  0 10]]
0.717
n_feature=4, score=0.733
[1, 1, 0, 1, 0, 1, 0, 0, 0, 0]
[[ 8  0  1  0  0  1]
 [ 7  3  0  0  0  0]
 [ 0  0  9  0  0  1]
 [ 5  0  0  5  0  0]
 [ 0  0  1  0  9  0]
 [ 0  0  0  0  0 10]]
0.733
n_feature=5, score=0.733
[1, 1, 0, 1, 1, 1, 0, 0, 0, 0]
[[ 8  0  1  0  0  1]
 [ 7  3  0  0  0  0]
 [ 0  0  9  0  0  1]
 [ 5  0  0  5  0  0]
 [ 0  0  1  0  9  0]
 [ 0  0  0  0  0 10]]
0.733
n_feature=5, score=0.733
[1, 1, 0, 1, 1, 1, 0, 0, 0, 0]
[[ 8  0  1  0  0  1]
 [ 7  3  0  0  0  0]
 [ 0  0  9  0  0  1]
 [ 5  0  0  5  0  0]
 [ 0  0  1  0  9  0]
 [ 0  0  0  0  0 10]]
0.733
n_feature=4, score=0.533
[1, 0, 0, 1, 1, 1, 0, 0, 0, 0]
[[ 0  0  0  8  1  1]
 [ 0  3  0  7  0  0]
 [ 0  0  0  0  9  1]
 [ 0  1  0  9  0  0]
 [ 0  0  0  0 10  0]
 [ 0  0  0  0  0 10]]
0.533
n_feature=4, score=0.383
[0, 1, 0, 1, 1, 1, 0, 0, 0, 0]
[[8 1 1 0 0 0]
 [7 3 0 0 0 0]
 [9 1 0 0 0 0]
 [5 0 0 4 0 1]
 [3 0 0 5 2 0]
 [0 4 0 0 0 6]]
0.383
n_feature=5, score=0.733
[1, 1, 0, 1, 1, 1, 0, 0, 0, 0]
[[ 8  0  1  0  0  1]
 [ 7  3  0  0  0  0]
 [ 0  0  9  0  0  1]
 [ 5  0  0  5  0  0]
 [ 0  0  1  0  9  0]
 [ 0  0  0  0  0 10]]
0.733
n_feature=5, score=0.733
[1, 1, 0, 1, 1, 1, 0, 0, 0, 0]
[[ 8  0  1  0  0  1]
 [ 7  3  0  0  0  0]
 [ 0  0  9  0  0  1]
 [ 5  0  0  5  0  0]
 [ 0  0  1  0  9  0]
 [ 0  0  0  0  0 10]]
0.733
n_feature=4, score=0.733
[1, 1, 0, 1, 0, 1, 0, 0, 0, 0]
[[ 8  0  1  0  0  1]
 [ 7  3  0  0  0  0]
 [ 0  0  9  0  0  1]
 [ 5  0  0  5  0  0]
 [ 0  0  1  0  9  0]
 [ 0  0  0  0  0 10]]
0.733
n_feature=5, score=0.683
[1, 1, 0, 0, 1, 0, 0, 1, 1, 0]
[[ 5  3  2  0  0  0]
 [ 0 10  0  0  0  0]
 [ 0  0 10  0  0  0]
 [ 5  2  0  3  0  0]
 [ 0  0  2  0  7  1]
 [ 0  0  4  0  0  6]]
0.683
n_feature=5, score=0.733
[1, 1, 0, 1, 1, 1, 0, 0, 0, 0]
[[ 8  0  1  0  0  1]
 [ 7  3  0  0  0  0]
 [ 0  0  9  0  0  1]
 [ 5  0  0  5  0  0]
 [ 0  0  1  0  9  0]
 [ 0  0  0  0  0 10]]
0.733
n_feature=5, score=0.733
[1, 1, 0, 1, 1, 1, 0, 0, 0, 0]
[[ 8  0  1  0  0  1]
 [ 7  3  0  0  0  0]
 [ 0  0  9  0  0  1]
 [ 5  0  0  5  0  0]
 [ 0  0  1  0  9  0]
 [ 0  0  0  0  0 10]]
0.733
n_feature=5, score=0.733
[1, 1, 0, 1, 1, 1, 0, 0, 0, 0]
[[ 8  0  1  0  0  1]
 [ 7  3  0  0  0  0]
 [ 0  0  9  0  0  1]
 [ 5  0  0  5  0  0]
 [ 0  0  1  0  9  0]
 [ 0  0  0  0  0 10]]
0.733
n_feature=5, score=0.733
[1, 1, 0, 1, 1, 1, 0, 0, 0, 0]
[[ 8  0  1  0  0  1]
 [ 7  3  0  0  0  0]
 [ 0  0  9  0  0  1]
 [ 5  0  0  5  0  0]
 [ 0  0  1  0  9  0]
 [ 0  0  0  0  0 10]]
0.733
n_feature=5, score=0.733
[1, 1, 0, 1, 1, 1, 0, 0, 0, 0]
[[ 8  0  1  0  0  1]
 [ 7  3  0  0  0  0]
 [ 0  0  9  0  0  1]
 [ 5  0  0  5  0  0]
 [ 0  0  1  0  9  0]
 [ 0  0  0  0  0 10]]
0.733
n_feature=5, score=0.733
[1, 1, 0, 1, 1, 1, 0, 0, 0, 0]
[[ 8  0  1  0  0  1]
 [ 7  3  0  0  0  0]
 [ 0  0  9  0  0  1]
 [ 5  0  0  5  0  0]
 [ 0  0  1  0  9  0]
 [ 0  0  0  0  0 10]]
0.733
n_feature=5, score=0.733
[1, 1, 0, 1, 1, 1, 0, 0, 0, 0]
[[ 8  0  1  0  0  1]
 [ 7  3  0  0  0  0]
 [ 0  0  9  0  0  1]
 [ 5  0  0  5  0  0]
 [ 0  0  1  0  9  0]
 [ 0  0  0  0  0 10]]
0.733
n_feature=5, score=0.733
[1, 1, 0, 1, 1, 1, 0, 0, 0, 0]
[[ 8  0  1  0  0  1]
 [ 7  3  0  0  0  0]
 [ 0  0  9  0  0  1]
 [ 5  0  0  5  0  0]
 [ 0  0  1  0  9  0]
 [ 0  0  0  0  0 10]]
0.733
n_feature=4, score=0.45
[1, 1, 0, 0, 1, 1, 0, 0, 0, 0]
[[ 1  7  0  0  0  2]
 [ 0 10  0  0  0  0]
 [ 0  0  0  0  0 10]
 [ 0  5  0  5  0  0]
 [ 0  0  0  0  7  3]
 [ 0  0  0  0  6  4]]
0.45
n_feature=4, score=0.733
[1, 1, 0, 1, 0, 1, 0, 0, 0, 0]
[[ 8  0  1  0  0  1]
 [ 7  3  0  0  0  0]
 [ 0  0  9  0  0  1]
 [ 5  0  0  5  0  0]
 [ 0  0  1  0  9  0]
 [ 0  0  0  0  0 10]]
0.733
n_feature=7, score=0.65
[1, 1, 0, 1, 1, 1, 0, 1, 0, 1]
[[ 4  0  0  4  1  1]
 [ 0  3  0  7  0  0]
 [ 0  1  8  0  1  0]
 [ 5  0  0  5  0  0]
 [ 0  0  1  0  9  0]
 [ 0  0  0  0  0 10]]
0.65
n_feature=5, score=0.733
[1, 1, 0, 1, 1, 1, 0, 0, 0, 0]
[[ 8  0  1  0  0  1]
 [ 7  3  0  0  0  0]
 [ 0  0  9  0  0  1]
 [ 5  0  0  5  0  0]
 [ 0  0  1  0  9  0]
 [ 0  0  0  0  0 10]]
0.733
n_feature=5, score=0.733
[1, 1, 0, 1, 1, 1, 0, 0, 0, 0]
[[ 8  0  1  0  0  1]
 [ 7  3  0  0  0  0]
 [ 0  0  9  0  0  1]
 [ 5  0  0  5  0  0]
 [ 0  0  1  0  9  0]
 [ 0  0  0  0  0 10]]
0.733
n_feature=5, score=0.733
[1, 1, 0, 1, 1, 1, 0, 0, 0, 0]
[[ 8  0  1  0  0  1]
 [ 7  3  0  0  0  0]
 [ 0  0  9  0  0  1]
 [ 5  0  0  5  0  0]
 [ 0  0  1  0  9  0]
 [ 0  0  0  0  0 10]]
0.733
n_feature=5, score=0.733
[1, 1, 0, 1, 1, 1, 0, 0, 0, 0]
[[ 8  0  1  0  0  1]
 [ 7  3  0  0  0  0]
 [ 0  0  9  0  0  1]
 [ 5  0  0  5  0  0]
 [ 0  0  1  0  9  0]
 [ 0  0  0  0  0 10]]
0.733
n_feature=4, score=0.733
[1, 1, 0, 1, 0, 1, 0, 0, 0, 0]
[[ 8  0  1  0  0  1]
 [ 7  3  0  0  0  0]
 [ 0  0  9  0  0  1]
 [ 5  0  0  5  0  0]
 [ 0  0  1  0  9  0]
 [ 0  0  0  0  0 10]]
0.733
n_feature=6, score=0.733
[1, 1, 0, 1, 1, 1, 1, 0, 0, 0]
[[ 8  0  1  0  0  1]
 [ 7  3  0  0  0  0]
 [ 0  0  9  0  0  1]
 [ 5  0  0  5  0  0]
 [ 0  0  1  0  9  0]
 [ 0  0  0  0  0 10]]
0.733
n_feature=5, score=0.733
[1, 1, 0, 1, 0, 1, 0, 1, 0, 0]
[[ 8  0  1  0  0  1]
 [ 7  3  0  0  0  0]
 [ 0  0  9  0  0  1]
 [ 5  0  0  5  0  0]
 [ 0  0  1  0  9  0]
 [ 0  0  0  0  0 10]]
0.733
n_feature=5, score=0.733
[1, 1, 0, 1, 1, 1, 0, 0, 0, 0]
[[ 8  0  1  0  0  1]
 [ 7  3  0  0  0  0]
 [ 0  0  9  0  0  1]
 [ 5  0  0  5  0  0]
 [ 0  0  1  0  9  0]
 [ 0  0  0  0  0 10]]
0.733
n_feature=5, score=0.733
[1, 1, 0, 1, 1, 1, 0, 0, 0, 0]
[[ 8  0  1  0  0  1]
 [ 7  3  0  0  0  0]
 [ 0  0  9  0  0  1]
 [ 5  0  0  5  0  0]
 [ 0  0  1  0  9  0]
 [ 0  0  0  0  0 10]]
0.733
n_feature=5, score=0.733
[1, 1, 0, 1, 1, 1, 0, 0, 0, 0]
[[ 8  0  1  0  0  1]
 [ 7  3  0  0  0  0]
 [ 0  0  9  0  0  1]
 [ 5  0  0  5  0  0]
 [ 0  0  1  0  9  0]
 [ 0  0  0  0  0 10]]
0.733
n_feature=5, score=0.45
[1, 1, 0, 0, 1, 1, 0, 1, 0, 0]
[[ 1  7  0  0  0  2]
 [ 0 10  0  0  0  0]
 [ 0  0  0  0  0 10]
 [ 0  5  0  5  0  0]
 [ 0  0  0  0  7  3]
 [ 0  0  0  0  6  4]]
0.45
n_feature=5, score=0.733
[1, 1, 0, 1, 1, 1, 0, 0, 0, 0]
[[ 8  0  1  0  0  1]
 [ 7  3  0  0  0  0]
 [ 0  0  9  0  0  1]
 [ 5  0  0  5  0  0]
 [ 0  0  1  0  9  0]
 [ 0  0  0  0  0 10]]
0.733
n_feature=5, score=0.733
[1, 1, 0, 1, 1, 1, 0, 0, 0, 0]
[[ 8  0  1  0  0  1]
 [ 7  3  0  0  0  0]
 [ 0  0  9  0  0  1]
 [ 5  0  0  5  0  0]
 [ 0  0  1  0  9  0]
 [ 0  0  0  0  0 10]]
0.733
n_feature=4, score=0.733
[1, 1, 0, 1, 0, 1, 0, 0, 0, 0]
[[ 8  0  1  0  0  1]
 [ 7  3  0  0  0  0]
 [ 0  0  9  0  0  1]
 [ 5  0  0  5  0  0]
 [ 0  0  1  0  9  0]
 [ 0  0  0  0  0 10]]
0.733
n_feature=6, score=0.733
[1, 1, 0, 1, 1, 1, 1, 0, 0, 0]
[[ 8  0  1  0  0  1]
 [ 7  3  0  0  0  0]
 [ 0  0  9  0  0  1]
 [ 5  0  0  5  0  0]
 [ 0  0  1  0  9  0]
 [ 0  0  0  0  0 10]]
0.733
n_feature=5, score=0.733
[1, 1, 0, 1, 1, 1, 0, 0, 0, 0]
[[ 8  0  1  0  0  1]
 [ 7  3  0  0  0  0]
 [ 0  0  9  0  0  1]
 [ 5  0  0  5  0  0]
 [ 0  0  1  0  9  0]
 [ 0  0  0  0  0 10]]
0.733
n_feature=6, score=0.583
[1, 0, 1, 1, 1, 1, 0, 0, 1, 0]
[[ 2  1  0  6  1  0]
 [ 7  3  0  0  0  0]
 [ 0  0  8  0  1  1]
 [ 2  0  0  2  6  0]
 [ 0  0  0  0 10  0]
 [ 0  0  0  0  0 10]]
0.583
n_feature=3, score=0.7
[1, 1, 0, 1, 0, 0, 0, 0, 0, 0]
[[ 8  0  1  0  0  1]
 [ 7  3  0  0  0  0]
 [ 0  0  9  0  0  1]
 [ 5  0  0  5  0  0]
 [ 0  0  3  0  7  0]
 [ 0  0  0  0  0 10]]
0.7
n_feature=6, score=0.733
[1, 1, 0, 1, 1, 1, 0, 1, 0, 0]
[[ 8  0  1  0  0  1]
 [ 7  3  0  0  0  0]
 [ 0  0  9  0  0  1]
 [ 5  0  0  5  0  0]
 [ 0  0  1  0  9  0]
 [ 0  0  0  0  0 10]]
0.733
n_feature=4, score=0.733
[1, 1, 0, 1, 0, 1, 0, 0, 0, 0]
[[ 8  0  1  0  0  1]
 [ 7  3  0  0  0  0]
 [ 0  0  9  0  0  1]
 [ 5  0  0  5  0  0]
 [ 0  0  1  0  9  0]
 [ 0  0  0  0  0 10]]
0.733
n_feature=5, score=0.733
[1, 1, 0, 1, 1, 1, 0, 0, 0, 0]
[[ 8  0  1  0  0  1]
 [ 7  3  0  0  0  0]
 [ 0  0  9  0  0  1]
 [ 5  0  0  5  0  0]
 [ 0  0  1  0  9  0]
 [ 0  0  0  0  0 10]]
0.733
n_feature=3, score=0.533
[1, 0, 0, 1, 0, 1, 0, 0, 0, 0]
[[ 0  0  0  8  1  1]
 [ 0  3  0  7  0  0]
 [ 0  0  0  0  9  1]
 [ 0  1  0  9  0  0]
 [ 0  0  0  0 10  0]
 [ 0  0  0  0  0 10]]
0.533
n_feature=4, score=0.733
[1, 1, 0, 1, 0, 1, 0, 0, 0, 0]
[[ 8  0  1  0  0  1]
 [ 7  3  0  0  0  0]
 [ 0  0  9  0  0  1]
 [ 5  0  0  5  0  0]
 [ 0  0  1  0  9  0]
 [ 0  0  0  0  0 10]]
0.733
n_feature=4, score=0.733
[1, 1, 0, 1, 0, 1, 0, 0, 0, 0]
[[ 8  0  1  0  0  1]
 [ 7  3  0  0  0  0]
 [ 0  0  9  0  0  1]
 [ 5  0  0  5  0  0]
 [ 0  0  1  0  9  0]
 [ 0  0  0  0  0 10]]
0.733
n_feature=6, score=0.717
[1, 1, 1, 1, 0, 1, 0, 0, 1, 0]
[[ 8  1  0  0  1  0]
 [ 6  4  0  0  0  0]
 [ 0  0  9  0  0  1]
 [ 7  0  0  2  1  0]
 [ 0  0  0  0 10  0]
 [ 0  0  0  0  0 10]]
0.717
n_feature=4, score=0.733
[1, 1, 0, 1, 0, 1, 0, 0, 0, 0]
[[ 8  0  1  0  0  1]
 [ 7  3  0  0  0  0]
 [ 0  0  9  0  0  1]
 [ 5  0  0  5  0  0]
 [ 0  0  1  0  9  0]
 [ 0  0  0  0  0 10]]
0.733
n_feature=5, score=0.733
[1, 1, 0, 1, 1, 1, 0, 0, 0, 0]
[[ 8  0  1  0  0  1]
 [ 7  3  0  0  0  0]
 [ 0  0  9  0  0  1]
 [ 5  0  0  5  0  0]
 [ 0  0  1  0  9  0]
 [ 0  0  0  0  0 10]]
0.733
n_feature=4, score=0.733
[1, 1, 0, 1, 0, 1, 0, 0, 0, 0]
[[ 8  0  1  0  0  1]
 [ 7  3  0  0  0  0]
 [ 0  0  9  0  0  1]
 [ 5  0  0  5  0  0]
 [ 0  0  1  0  9  0]
 [ 0  0  0  0  0 10]]
0.733
n_feature=4, score=0.733
[1, 1, 0, 1, 0, 1, 0, 0, 0, 0]
[[ 8  0  1  0  0  1]
 [ 7  3  0  0  0  0]
 [ 0  0  9  0  0  1]
 [ 5  0  0  5  0  0]
 [ 0  0  1  0  9  0]
 [ 0  0  0  0  0 10]]
0.733
n_feature=5, score=0.733
[1, 1, 0, 1, 1, 1, 0, 0, 0, 0]
[[ 8  0  1  0  0  1]
 [ 7  3  0  0  0  0]
 [ 0  0  9  0  0  1]
 [ 5  0  0  5  0  0]
 [ 0  0  1  0  9  0]
 [ 0  0  0  0  0 10]]
0.733
n_feature=4, score=0.733
[1, 1, 0, 1, 0, 1, 0, 0, 0, 0]
[[ 8  0  1  0  0  1]
 [ 7  3  0  0  0  0]
 [ 0  0  9  0  0  1]
 [ 5  0  0  5  0  0]
 [ 0  0  1  0  9  0]
 [ 0  0  0  0  0 10]]
0.733
n_feature=4, score=0.733
[1, 1, 0, 1, 0, 1, 0, 0, 0, 0]
[[ 8  0  1  0  0  1]
 [ 7  3  0  0  0  0]
 [ 0  0  9  0  0  1]
 [ 5  0  0  5  0  0]
 [ 0  0  1  0  9  0]
 [ 0  0  0  0  0 10]]
0.733
n_feature=4, score=0.733
[1, 1, 0, 1, 0, 1, 0, 0, 0, 0]
[[ 8  0  1  0  0  1]
 [ 7  3  0  0  0  0]
 [ 0  0  9  0  0  1]
 [ 5  0  0  5  0  0]
 [ 0  0  1  0  9  0]
 [ 0  0  0  0  0 10]]
0.733
n_feature=4, score=0.733
[1, 1, 0, 1, 0, 1, 0, 0, 0, 0]
[[ 8  0  1  0  0  1]
 [ 7  3  0  0  0  0]
 [ 0  0  9  0  0  1]
 [ 5  0  0  5  0  0]
 [ 0  0  1  0  9  0]
 [ 0  0  0  0  0 10]]
0.733
n_feature=3, score=0.383
[1, 0, 0, 0, 1, 1, 0, 0, 0, 0]
[[ 1  0  0  7  0  2]
 [ 0  0  0 10  0  0]
 [ 0  0  0  0  0 10]
 [ 0  0  0 10  0  0]
 [ 0  0  0  0  2  8]
 [ 0  0  0  0  0 10]]
0.383
n_feature=4, score=0.733
[1, 1, 0, 1, 0, 1, 0, 0, 0, 0]
[[ 8  0  1  0  0  1]
 [ 7  3  0  0  0  0]
 [ 0  0  9  0  0  1]
 [ 5  0  0  5  0  0]
 [ 0  0  1  0  9  0]
 [ 0  0  0  0  0 10]]
0.733
n_feature=4, score=0.733
[1, 1, 0, 1, 0, 1, 0, 0, 0, 0]
[[ 8  0  1  0  0  1]
 [ 7  3  0  0  0  0]
 [ 0  0  9  0  0  1]
 [ 5  0  0  5  0  0]
 [ 0  0  1  0  9  0]
 [ 0  0  0  0  0 10]]
0.733
n_feature=4, score=0.733
[1, 1, 0, 1, 0, 1, 0, 0, 0, 0]
[[ 8  0  1  0  0  1]
 [ 7  3  0  0  0  0]
 [ 0  0  9  0  0  1]
 [ 5  0  0  5  0  0]
 [ 0  0  1  0  9  0]
 [ 0  0  0  0  0 10]]
0.733
n_feature=4, score=0.733
[1, 1, 0, 1, 0, 1, 0, 0, 0, 0]
[[ 8  0  1  0  0  1]
 [ 7  3  0  0  0  0]
 [ 0  0  9  0  0  1]
 [ 5  0  0  5  0  0]
 [ 0  0  1  0  9  0]
 [ 0  0  0  0  0 10]]
0.733
n_feature=5, score=0.65
[1, 1, 0, 1, 0, 1, 0, 0, 0, 1]
[[ 4  0  0  4  1  1]
 [ 0  3  0  7  0  0]
 [ 0  0  8  0  1  1]
 [ 5  0  0  5  0  0]
 [ 0  0  1  0  9  0]
 [ 0  0  0  0  0 10]]
0.65
n_feature=5, score=0.733
[1, 1, 0, 1, 1, 1, 0, 0, 0, 0]
[[ 8  0  1  0  0  1]
 [ 7  3  0  0  0  0]
 [ 0  0  9  0  0  1]
 [ 5  0  0  5  0  0]
 [ 0  0  1  0  9  0]
 [ 0  0  0  0  0 10]]
0.733
n_feature=4, score=0.733
[1, 1, 0, 1, 0, 1, 0, 0, 0, 0]
[[ 8  0  1  0  0  1]
 [ 7  3  0  0  0  0]
 [ 0  0  9  0  0  1]
 [ 5  0  0  5  0  0]
 [ 0  0  1  0  9  0]
 [ 0  0  0  0  0 10]]
0.733
n_feature=4, score=0.733
[1, 1, 0, 1, 0, 1, 0, 0, 0, 0]
[[ 8  0  1  0  0  1]
 [ 7  3  0  0  0  0]
 [ 0  0  9  0  0  1]
 [ 5  0  0  5  0  0]
 [ 0  0  1  0  9  0]
 [ 0  0  0  0  0 10]]
0.733
n_feature=4, score=0.733
[1, 1, 0, 1, 0, 1, 0, 0, 0, 0]
[[ 8  0  1  0  0  1]
 [ 7  3  0  0  0  0]
 [ 0  0  9  0  0  1]
 [ 5  0  0  5  0  0]
 [ 0  0  1  0  9  0]
 [ 0  0  0  0  0 10]]
0.733
n_feature=4, score=0.733
[1, 1, 0, 1, 0, 1, 0, 0, 0, 0]
[[ 8  0  1  0  0  1]
 [ 7  3  0  0  0  0]
 [ 0  0  9  0  0  1]
 [ 5  0  0  5  0  0]
 [ 0  0  1  0  9  0]
 [ 0  0  0  0  0 10]]
0.733
n_feature=4, score=0.733
[1, 1, 0, 1, 0, 1, 0, 0, 0, 0]
[[ 8  0  1  0  0  1]
 [ 7  3  0  0  0  0]
 [ 0  0  9  0  0  1]
 [ 5  0  0  5  0  0]
 [ 0  0  1  0  9  0]
 [ 0  0  0  0  0 10]]
0.733
n_feature=4, score=0.733
[1, 1, 0, 1, 0, 1, 0, 0, 0, 0]
[[ 8  0  1  0  0  1]
 [ 7  3  0  0  0  0]
 [ 0  0  9  0  0  1]
 [ 5  0  0  5  0  0]
 [ 0  0  1  0  9  0]
 [ 0  0  0  0  0 10]]
0.733
n_feature=4, score=0.733
[1, 1, 0, 1, 0, 1, 0, 0, 0, 0]
[[ 8  0  1  0  0  1]
 [ 7  3  0  0  0  0]
 [ 0  0  9  0  0  1]
 [ 5  0  0  5  0  0]
 [ 0  0  1  0  9  0]
 [ 0  0  0  0  0 10]]
0.733
n_feature=6, score=0.717
[1, 1, 0, 1, 1, 1, 0, 0, 1, 0]
[[ 8  0  1  0  0  1]
 [ 7  3  0  0  0  0]
 [ 0  0  9  0  0  1]
 [ 6  0  0  4  0  0]
 [ 0  0  1  0  9  0]
 [ 0  0  0  0  0 10]]
0.717
n_feature=4, score=0.733
[1, 1, 0, 1, 0, 1, 0, 0, 0, 0]
[[ 8  0  1  0  0  1]
 [ 7  3  0  0  0  0]
 [ 0  0  9  0  0  1]
 [ 5  0  0  5  0  0]
 [ 0  0  1  0  9  0]
 [ 0  0  0  0  0 10]]
0.733
n_feature=4, score=0.733
[1, 1, 0, 1, 0, 1, 0, 0, 0, 0]
[[ 8  0  1  0  0  1]
 [ 7  3  0  0  0  0]
 [ 0  0  9  0  0  1]
 [ 5  0  0  5  0  0]
 [ 0  0  1  0  9  0]
 [ 0  0  0  0  0 10]]
0.733
n_feature=4, score=0.733
[1, 1, 0, 1, 0, 1, 0, 0, 0, 0]
[[ 8  0  1  0  0  1]
 [ 7  3  0  0  0  0]
 [ 0  0  9  0  0  1]
 [ 5  0  0  5  0  0]
 [ 0  0  1  0  9  0]
 [ 0  0  0  0  0 10]]
0.733
n_feature=4, score=0.733
[1, 1, 0, 1, 0, 1, 0, 0, 0, 0]
[[ 8  0  1  0  0  1]
 [ 7  3  0  0  0  0]
 [ 0  0  9  0  0  1]
 [ 5  0  0  5  0  0]
 [ 0  0  1  0  9  0]
 [ 0  0  0  0  0 10]]
0.733
n_feature=4, score=0.733
[1, 1, 0, 1, 0, 1, 0, 0, 0, 0]
[[ 8  0  1  0  0  1]
 [ 7  3  0  0  0  0]
 [ 0  0  9  0  0  1]
 [ 5  0  0  5  0  0]
 [ 0  0  1  0  9  0]
 [ 0  0  0  0  0 10]]
0.733
n_feature=4, score=0.733
[1, 1, 0, 1, 0, 1, 0, 0, 0, 0]
[[ 8  0  1  0  0  1]
 [ 7  3  0  0  0  0]
 [ 0  0  9  0  0  1]
 [ 5  0  0  5  0  0]
 [ 0  0  1  0  9  0]
 [ 0  0  0  0  0 10]]
0.733
n_feature=4, score=0.733
[1, 1, 0, 1, 0, 1, 0, 0, 0, 0]
[[ 8  0  1  0  0  1]
 [ 7  3  0  0  0  0]
 [ 0  0  9  0  0  1]
 [ 5  0  0  5  0  0]
 [ 0  0  1  0  9  0]
 [ 0  0  0  0  0 10]]
0.733
n_feature=4, score=0.733
[1, 1, 0, 1, 0, 1, 0, 0, 0, 0]
[[ 8  0  1  0  0  1]
 [ 7  3  0  0  0  0]
 [ 0  0  9  0  0  1]
 [ 5  0  0  5  0  0]
 [ 0  0  1  0  9  0]
 [ 0  0  0  0  0 10]]
0.733
n_feature=2, score=0.317
[0, 0, 0, 1, 0, 1, 0, 0, 0, 0]
[[ 0  0  1  8  0  1]
 [ 0  0  0  7  0  3]
 [ 0  0  0  9  0  1]
 [ 1  0  0  9  0  0]
 [ 0  0  0 10  0  0]
 [ 0  0  0  0  0 10]]
0.317
n_feature=4, score=0.733
[1, 1, 0, 1, 0, 1, 0, 0, 0, 0]
[[ 8  0  1  0  0  1]
 [ 7  3  0  0  0  0]
 [ 0  0  9  0  0  1]
 [ 5  0  0  5  0  0]
 [ 0  0  1  0  9  0]
 [ 0  0  0  0  0 10]]
0.733
n_feature=4, score=0.733
[1, 1, 0, 1, 0, 1, 0, 0, 0, 0]
[[ 8  0  1  0  0  1]
 [ 7  3  0  0  0  0]
 [ 0  0  9  0  0  1]
 [ 5  0  0  5  0  0]
 [ 0  0  1  0  9  0]
 [ 0  0  0  0  0 10]]
0.733
n_feature=4, score=0.733
[1, 1, 0, 1, 0, 1, 0, 0, 0, 0]
[[ 8  0  1  0  0  1]
 [ 7  3  0  0  0  0]
 [ 0  0  9  0  0  1]
 [ 5  0  0  5  0  0]
 [ 0  0  1  0  9  0]
 [ 0  0  0  0  0 10]]
0.733
n_feature=4, score=0.733
[1, 1, 0, 1, 0, 1, 0, 0, 0, 0]
[[ 8  0  1  0  0  1]
 [ 7  3  0  0  0  0]
 [ 0  0  9  0  0  1]
 [ 5  0  0  5  0  0]
 [ 0  0  1  0  9  0]
 [ 0  0  0  0  0 10]]
0.733
n_feature=4, score=0.733
[1, 1, 0, 1, 0, 1, 0, 0, 0, 0]
[[ 8  0  1  0  0  1]
 [ 7  3  0  0  0  0]
 [ 0  0  9  0  0  1]
 [ 5  0  0  5  0  0]
 [ 0  0  1  0  9  0]
 [ 0  0  0  0  0 10]]
0.733
n_feature=4, score=0.733
[1, 1, 0, 1, 0, 1, 0, 0, 0, 0]
[[ 8  0  1  0  0  1]
 [ 7  3  0  0  0  0]
 [ 0  0  9  0  0  1]
 [ 5  0  0  5  0  0]
 [ 0  0  1  0  9  0]
 [ 0  0  0  0  0 10]]
0.733
n_feature=4, score=0.733
[1, 1, 0, 1, 0, 1, 0, 0, 0, 0]
[[ 8  0  1  0  0  1]
 [ 7  3  0  0  0  0]
 [ 0  0  9  0  0  1]
 [ 5  0  0  5  0  0]
 [ 0  0  1  0  9  0]
 [ 0  0  0  0  0 10]]
0.733
n_feature=4, score=0.733
[1, 1, 0, 1, 0, 1, 0, 0, 0, 0]
[[ 8  0  1  0  0  1]
 [ 7  3  0  0  0  0]
 [ 0  0  9  0  0  1]
 [ 5  0  0  5  0  0]
 [ 0  0  1  0  9  0]
 [ 0  0  0  0  0 10]]
0.733
n_feature=4, score=0.733
[1, 1, 0, 1, 0, 1, 0, 0, 0, 0]
[[ 8  0  1  0  0  1]
 [ 7  3  0  0  0  0]
 [ 0  0  9  0  0  1]
 [ 5  0  0  5  0  0]
 [ 0  0  1  0  9  0]
 [ 0  0  0  0  0 10]]
0.733
n_feature=4, score=0.733
[1, 1, 0, 1, 0, 1, 0, 0, 0, 0]
[[ 8  0  1  0  0  1]
 [ 7  3  0  0  0  0]
 [ 0  0  9  0  0  1]
 [ 5  0  0  5  0  0]
 [ 0  0  1  0  9  0]
 [ 0  0  0  0  0 10]]
0.733
n_feature=4, score=0.733
[1, 1, 0, 1, 0, 1, 0, 0, 0, 0]
[[ 8  0  1  0  0  1]
 [ 7  3  0  0  0  0]
 [ 0  0  9  0  0  1]
 [ 5  0  0  5  0  0]
 [ 0  0  1  0  9  0]
 [ 0  0  0  0  0 10]]
0.733
n_feature=3, score=0.7
[1, 1, 0, 1, 0, 0, 0, 0, 0, 0]
[[ 8  0  1  0  0  1]
 [ 7  3  0  0  0  0]
 [ 0  0  9  0  0  1]
 [ 5  0  0  5  0  0]
 [ 0  0  3  0  7  0]
 [ 0  0  0  0  0 10]]
0.7
n_feature=4, score=0.733
[1, 1, 0, 1, 0, 1, 0, 0, 0, 0]
[[ 8  0  1  0  0  1]
 [ 7  3  0  0  0  0]
 [ 0  0  9  0  0  1]
 [ 5  0  0  5  0  0]
 [ 0  0  1  0  9  0]
 [ 0  0  0  0  0 10]]
0.733
n_feature=4, score=0.733
[1, 1, 0, 1, 0, 1, 0, 0, 0, 0]
[[ 8  0  1  0  0  1]
 [ 7  3  0  0  0  0]
 [ 0  0  9  0  0  1]
 [ 5  0  0  5  0  0]
 [ 0  0  1  0  9  0]
 [ 0  0  0  0  0 10]]
0.733
n_feature=4, score=0.733
[1, 1, 0, 1, 0, 1, 0, 0, 0, 0]
[[ 8  0  1  0  0  1]
 [ 7  3  0  0  0  0]
 [ 0  0  9  0  0  1]
 [ 5  0  0  5  0  0]
 [ 0  0  1  0  9  0]
 [ 0  0  0  0  0 10]]
0.733
n_feature=4, score=0.733
[1, 1, 0, 1, 0, 1, 0, 0, 0, 0]
[[ 8  0  1  0  0  1]
 [ 7  3  0  0  0  0]
 [ 0  0  9  0  0  1]
 [ 5  0  0  5  0  0]
 [ 0  0  1  0  9  0]
 [ 0  0  0  0  0 10]]
0.733
n_feature=4, score=0.733
[1, 1, 0, 1, 0, 1, 0, 0, 0, 0]
[[ 8  0  1  0  0  1]
 [ 7  3  0  0  0  0]
 [ 0  0  9  0  0  1]
 [ 5  0  0  5  0  0]
 [ 0  0  1  0  9  0]
 [ 0  0  0  0  0 10]]
0.733
n_feature=4, score=0.733
[1, 1, 0, 1, 0, 1, 0, 0, 0, 0]
[[ 8  0  1  0  0  1]
 [ 7  3  0  0  0  0]
 [ 0  0  9  0  0  1]
 [ 5  0  0  5  0  0]
 [ 0  0  1  0  9  0]
 [ 0  0  0  0  0 10]]
0.733
n_feature=4, score=0.733
[1, 1, 0, 1, 0, 1, 0, 0, 0, 0]
[[ 8  0  1  0  0  1]
 [ 7  3  0  0  0  0]
 [ 0  0  9  0  0  1]
 [ 5  0  0  5  0  0]
 [ 0  0  1  0  9  0]
 [ 0  0  0  0  0 10]]
0.733
n_feature=4, score=0.733
[1, 1, 0, 1, 0, 1, 0, 0, 0, 0]
[[ 8  0  1  0  0  1]
 [ 7  3  0  0  0  0]
 [ 0  0  9  0  0  1]
 [ 5  0  0  5  0  0]
 [ 0  0  1  0  9  0]
 [ 0  0  0  0  0 10]]
0.733
n_feature=4, score=0.733
[1, 1, 0, 1, 0, 1, 0, 0, 0, 0]
[[ 8  0  1  0  0  1]
 [ 7  3  0  0  0  0]
 [ 0  0  9  0  0  1]
 [ 5  0  0  5  0  0]
 [ 0  0  1  0  9  0]
 [ 0  0  0  0  0 10]]
0.733
n_feature=4, score=0.733
[1, 1, 0, 1, 0, 1, 0, 0, 0, 0]
[[ 8  0  1  0  0  1]
 [ 7  3  0  0  0  0]
 [ 0  0  9  0  0  1]
 [ 5  0  0  5  0  0]
 [ 0  0  1  0  9  0]
 [ 0  0  0  0  0 10]]
0.733
n_feature=5, score=0.733
[1, 1, 0, 1, 0, 1, 0, 1, 0, 0]
[[ 8  0  1  0  0  1]
 [ 7  3  0  0  0  0]
 [ 0  0  9  0  0  1]
 [ 5  0  0  5  0  0]
 [ 0  0  1  0  9  0]
 [ 0  0  0  0  0 10]]
0.733
n_feature=4, score=0.733
[1, 1, 0, 1, 0, 1, 0, 0, 0, 0]
[[ 8  0  1  0  0  1]
 [ 7  3  0  0  0  0]
 [ 0  0  9  0  0  1]
 [ 5  0  0  5  0  0]
 [ 0  0  1  0  9  0]
 [ 0  0  0  0  0 10]]
0.733
n_feature=4, score=0.733
[1, 1, 0, 1, 0, 1, 0, 0, 0, 0]
[[ 8  0  1  0  0  1]
 [ 7  3  0  0  0  0]
 [ 0  0  9  0  0  1]
 [ 5  0  0  5  0  0]
 [ 0  0  1  0  9  0]
 [ 0  0  0  0  0 10]]
0.733
n_feature=4, score=0.733
[1, 1, 0, 1, 0, 1, 0, 0, 0, 0]
[[ 8  0  1  0  0  1]
 [ 7  3  0  0  0  0]
 [ 0  0  9  0  0  1]
 [ 5  0  0  5  0  0]
 [ 0  0  1  0  9  0]
 [ 0  0  0  0  0 10]]
0.733
n_feature=4, score=0.733
[1, 1, 0, 1, 0, 1, 0, 0, 0, 0]
[[ 8  0  1  0  0  1]
 [ 7  3  0  0  0  0]
 [ 0  0  9  0  0  1]
 [ 5  0  0  5  0  0]
 [ 0  0  1  0  9  0]
 [ 0  0  0  0  0 10]]
0.733
n_feature=4, score=0.733
[1, 1, 0, 1, 0, 1, 0, 0, 0, 0]
[[ 8  0  1  0  0  1]
 [ 7  3  0  0  0  0]
 [ 0  0  9  0  0  1]
 [ 5  0  0  5  0  0]
 [ 0  0  1  0  9  0]
 [ 0  0  0  0  0 10]]
0.733
n_feature=4, score=0.733
[1, 1, 0, 1, 0, 1, 0, 0, 0, 0]
[[ 8  0  1  0  0  1]
 [ 7  3  0  0  0  0]
 [ 0  0  9  0  0  1]
 [ 5  0  0  5  0  0]
 [ 0  0  1  0  9  0]
 [ 0  0  0  0  0 10]]
0.733
n_feature=5, score=0.733
[1, 1, 0, 1, 0, 1, 0, 1, 0, 0]
[[ 8  0  1  0  0  1]
 [ 7  3  0  0  0  0]
 [ 0  0  9  0  0  1]
 [ 5  0  0  5  0  0]
 [ 0  0  1  0  9  0]
 [ 0  0  0  0  0 10]]
0.733
n_feature=4, score=0.733
[1, 1, 0, 1, 0, 1, 0, 0, 0, 0]
[[ 8  0  1  0  0  1]
 [ 7  3  0  0  0  0]
 [ 0  0  9  0  0  1]
 [ 5  0  0  5  0  0]
 [ 0  0  1  0  9  0]
 [ 0  0  0  0  0 10]]
0.733
n_feature=4, score=0.733
[1, 1, 0, 1, 0, 1, 0, 0, 0, 0]
[[ 8  0  1  0  0  1]
 [ 7  3  0  0  0  0]
 [ 0  0  9  0  0  1]
 [ 5  0  0  5  0  0]
 [ 0  0  1  0  9  0]
 [ 0  0  0  0  0 10]]
0.733
n_feature=4, score=0.733
[1, 1, 0, 1, 0, 1, 0, 0, 0, 0]
[[ 8  0  1  0  0  1]
 [ 7  3  0  0  0  0]
 [ 0  0  9  0  0  1]
 [ 5  0  0  5  0  0]
 [ 0  0  1  0  9  0]
 [ 0  0  0  0  0 10]]
0.733
n_feature=4, score=0.733
[1, 1, 0, 1, 0, 1, 0, 0, 0, 0]
[[ 8  0  1  0  0  1]
 [ 7  3  0  0  0  0]
 [ 0  0  9  0  0  1]
 [ 5  0  0  5  0  0]
 [ 0  0  1  0  9  0]
 [ 0  0  0  0  0 10]]
0.733
n_feature=4, score=0.733
[1, 1, 0, 1, 0, 1, 0, 0, 0, 0]
[[ 8  0  1  0  0  1]
 [ 7  3  0  0  0  0]
 [ 0  0  9  0  0  1]
 [ 5  0  0  5  0  0]
 [ 0  0  1  0  9  0]
 [ 0  0  0  0  0 10]]
0.733
n_feature=4, score=0.733
[1, 1, 0, 1, 0, 1, 0, 0, 0, 0]
[[ 8  0  1  0  0  1]
 [ 7  3  0  0  0  0]
 [ 0  0  9  0  0  1]
 [ 5  0  0  5  0  0]
 [ 0  0  1  0  9  0]
 [ 0  0  0  0  0 10]]
0.733
n_feature=4, score=0.733
[1, 1, 0, 1, 0, 1, 0, 0, 0, 0]
[[ 8  0  1  0  0  1]
 [ 7  3  0  0  0  0]
 [ 0  0  9  0  0  1]
 [ 5  0  0  5  0  0]
 [ 0  0  1  0  9  0]
 [ 0  0  0  0  0 10]]
0.733
n_feature=4, score=0.733
[1, 1, 0, 1, 0, 1, 0, 0, 0, 0]
[[ 8  0  1  0  0  1]
 [ 7  3  0  0  0  0]
 [ 0  0  9  0  0  1]
 [ 5  0  0  5  0  0]
 [ 0  0  1  0  9  0]
 [ 0  0  0  0  0 10]]
0.733
n_feature=4, score=0.733
[1, 1, 0, 1, 0, 1, 0, 0, 0, 0]
[[ 8  0  1  0  0  1]
 [ 7  3  0  0  0  0]
 [ 0  0  9  0  0  1]
 [ 5  0  0  5  0  0]
 [ 0  0  1  0  9  0]
 [ 0  0  0  0  0 10]]
0.733
n_feature=4, score=0.733
[1, 1, 0, 1, 0, 1, 0, 0, 0, 0]
[[ 8  0  1  0  0  1]
 [ 7  3  0  0  0  0]
 [ 0  0  9  0  0  1]
 [ 5  0  0  5  0  0]
 [ 0  0  1  0  9  0]
 [ 0  0  0  0  0 10]]
0.733
n_feature=4, score=0.733
[1, 1, 0, 1, 0, 1, 0, 0, 0, 0]
[[ 8  0  1  0  0  1]
 [ 7  3  0  0  0  0]
 [ 0  0  9  0  0  1]
 [ 5  0  0  5  0  0]
 [ 0  0  1  0  9  0]
 [ 0  0  0  0  0 10]]
0.733
n_feature=4, score=0.733
[1, 1, 0, 1, 0, 1, 0, 0, 0, 0]
[[ 8  0  1  0  0  1]
 [ 7  3  0  0  0  0]
 [ 0  0  9  0  0  1]
 [ 5  0  0  5  0  0]
 [ 0  0  1  0  9  0]
 [ 0  0  0  0  0 10]]
0.733
n_feature=4, score=0.733
[1, 1, 0, 1, 0, 1, 0, 0, 0, 0]
[[ 8  0  1  0  0  1]
 [ 7  3  0  0  0  0]
 [ 0  0  9  0  0  1]
 [ 5  0  0  5  0  0]
 [ 0  0  1  0  9  0]
 [ 0  0  0  0  0 10]]
0.733
n_feature=3, score=0.4
[0, 1, 0, 1, 0, 1, 0, 0, 0, 0]
[[8 1 1 0 0 0]
 [7 3 0 0 0 0]
 [9 1 0 0 0 0]
 [5 0 0 4 0 1]
 [3 0 0 4 3 0]
 [0 4 0 0 0 6]]
0.4
n_feature=4, score=0.733
[1, 1, 0, 1, 0, 1, 0, 0, 0, 0]
[[ 8  0  1  0  0  1]
 [ 7  3  0  0  0  0]
 [ 0  0  9  0  0  1]
 [ 5  0  0  5  0  0]
 [ 0  0  1  0  9  0]
 [ 0  0  0  0  0 10]]
0.733
n_feature=4, score=0.733
[1, 1, 0, 1, 0, 1, 0, 0, 0, 0]
[[ 8  0  1  0  0  1]
 [ 7  3  0  0  0  0]
 [ 0  0  9  0  0  1]
 [ 5  0  0  5  0  0]
 [ 0  0  1  0  9  0]
 [ 0  0  0  0  0 10]]
0.733
n_feature=4, score=0.733
[1, 1, 0, 1, 0, 1, 0, 0, 0, 0]
[[ 8  0  1  0  0  1]
 [ 7  3  0  0  0  0]
 [ 0  0  9  0  0  1]
 [ 5  0  0  5  0  0]
 [ 0  0  1  0  9  0]
 [ 0  0  0  0  0 10]]
0.733
n_feature=5, score=0.733
[1, 1, 0, 1, 0, 1, 0, 1, 0, 0]
[[ 8  0  1  0  0  1]
 [ 7  3  0  0  0  0]
 [ 0  0  9  0  0  1]
 [ 5  0  0  5  0  0]
 [ 0  0  1  0  9  0]
 [ 0  0  0  0  0 10]]
0.733
n_feature=4, score=0.733
[1, 1, 0, 1, 0, 1, 0, 0, 0, 0]
[[ 8  0  1  0  0  1]
 [ 7  3  0  0  0  0]
 [ 0  0  9  0  0  1]
 [ 5  0  0  5  0  0]
 [ 0  0  1  0  9  0]
 [ 0  0  0  0  0 10]]
0.733
n_feature=5, score=0.65
[1, 1, 0, 1, 0, 1, 0, 0, 0, 1]
[[ 4  0  0  4  1  1]
 [ 0  3  0  7  0  0]
 [ 0  0  8  0  1  1]
 [ 5  0  0  5  0  0]
 [ 0  0  1  0  9  0]
 [ 0  0  0  0  0 10]]
0.65
n_feature=4, score=0.733
[1, 1, 0, 1, 0, 1, 0, 0, 0, 0]
[[ 8  0  1  0  0  1]
 [ 7  3  0  0  0  0]
 [ 0  0  9  0  0  1]
 [ 5  0  0  5  0  0]
 [ 0  0  1  0  9  0]
 [ 0  0  0  0  0 10]]
0.733
n_feature=4, score=0.733
[1, 1, 0, 1, 0, 1, 0, 0, 0, 0]
[[ 8  0  1  0  0  1]
 [ 7  3  0  0  0  0]
 [ 0  0  9  0  0  1]
 [ 5  0  0  5  0  0]
 [ 0  0  1  0  9  0]
 [ 0  0  0  0  0 10]]
0.733
n_feature=4, score=0.733
[1, 1, 0, 1, 0, 1, 0, 0, 0, 0]
[[ 8  0  1  0  0  1]
 [ 7  3  0  0  0  0]
 [ 0  0  9  0  0  1]
 [ 5  0  0  5  0  0]
 [ 0  0  1  0  9  0]
 [ 0  0  0  0  0 10]]
0.733
n_feature=3, score=0.4
[0, 1, 0, 1, 0, 1, 0, 0, 0, 0]
[[8 1 1 0 0 0]
 [7 3 0 0 0 0]
 [9 1 0 0 0 0]
 [5 0 0 4 0 1]
 [3 0 0 4 3 0]
 [0 4 0 0 0 6]]
0.4
n_feature=3, score=0.7
[1, 1, 0, 1, 0, 0, 0, 0, 0, 0]
[[ 8  0  1  0  0  1]
 [ 7  3  0  0  0  0]
 [ 0  0  9  0  0  1]
 [ 5  0  0  5  0  0]
 [ 0  0  3  0  7  0]
 [ 0  0  0  0  0 10]]
0.7
n_feature=4, score=0.733
[1, 1, 0, 1, 0, 1, 0, 0, 0, 0]
[[ 8  0  1  0  0  1]
 [ 7  3  0  0  0  0]
 [ 0  0  9  0  0  1]
 [ 5  0  0  5  0  0]
 [ 0  0  1  0  9  0]
 [ 0  0  0  0  0 10]]
0.733
n_feature=4, score=0.733
[1, 1, 0, 1, 0, 1, 0, 0, 0, 0]
[[ 8  0  1  0  0  1]
 [ 7  3  0  0  0  0]
 [ 0  0  9  0  0  1]
 [ 5  0  0  5  0  0]
 [ 0  0  1  0  9  0]
 [ 0  0  0  0  0 10]]
0.733
n_feature=4, score=0.733
[1, 1, 0, 1, 0, 1, 0, 0, 0, 0]
[[ 8  0  1  0  0  1]
 [ 7  3  0  0  0  0]
 [ 0  0  9  0  0  1]
 [ 5  0  0  5  0  0]
 [ 0  0  1  0  9  0]
 [ 0  0  0  0  0 10]]
0.733
n_feature=4, score=0.733
[1, 1, 0, 1, 0, 1, 0, 0, 0, 0]
[[ 8  0  1  0  0  1]
 [ 7  3  0  0  0  0]
 [ 0  0  9  0  0  1]
 [ 5  0  0  5  0  0]
 [ 0  0  1  0  9  0]
 [ 0  0  0  0  0 10]]
0.733
n_feature=3, score=0.367
[0, 1, 1, 0, 0, 1, 0, 0, 0, 0]
[[7 2 1 0 0 0]
 [6 4 0 0 0 0]
 [9 1 0 0 0 0]
 [0 5 0 4 1 0]
 [0 3 0 0 7 0]
 [4 0 0 6 0 0]]
0.367
******************************
[[1, 1, 0, 1, 0, 1, 0, 0, 0, 0], [1, 1, 0, 1, 0, 1, 0, 0, 0, 0], [1, 1, 0, 1, 0, 1, 0, 0, 0, 0], [1, 1, 0, 1, 0, 1, 0, 1, 0, 0], [1, 1, 0, 1, 0, 1, 0, 0, 0, 0], [1, 1, 0, 1, 0, 1, 0, 0, 0, 1], [1, 1, 0, 1, 0, 1, 0, 0, 0, 0], [1, 1, 0, 1, 0, 1, 0, 0, 0, 0], [1, 1, 0, 1, 0, 1, 0, 0, 0, 0], [0, 1, 0, 1, 0, 1, 0, 0, 0, 0], [1, 1, 0, 1, 0, 1, 0, 0, 0, 0], [1, 1, 0, 1, 0, 1, 0, 0, 0, 0], [1, 1, 0, 1, 0, 0, 0, 0, 0, 0], [1, 1, 0, 1, 0, 1, 0, 0, 0, 0], [1, 1, 0, 1, 0, 1, 0, 0, 0, 0], [1, 1, 0, 1, 0, 1, 0, 0, 0, 0], [1, 1, 0, 1, 0, 1, 0, 0, 0, 0], [1, 1, 0, 1, 0, 1, 0, 0, 0, 0], [0, 1, 1, 0, 0, 1, 0, 0, 0, 0], [1, 1, 0, 1, 0, 1, 0, 0, 0, 0]]
gen	nevals	avg              	std                            	min          	max            
0  	20    	[0.5409 4.9   ]  	[0.12315312 1.3       ]        	[0.267 3.   ]	[0.7 8. ]      
1  	12    	[0.6125 5.5   ]  	[0.07721496 1.85741756]        	[0.35 2.  ]  	[ 0.7 10. ]    
2  	13    	[0.66335 5.75   ]	[0.03824824 1.57718103]        	[0.583 3.   ]	[ 0.717 10.   ]
3  	12    	[0.6909 5.8   ]  	[0.02564742 1.28840987]        	[0.65 5.  ]  	[ 0.717 10.   ]
4  	10    	[0.7068 5.65  ]  	[0.00991262 0.79214898]        	[0.683 4.   ]	[0.717 7.   ]  
5  	10    	[0.7153 6.05  ]  	[0.0051     0.49749372]        	[0.7 5. ]    	[0.717 7.   ]  
6  	12    	[0.7178 6.    ]  	[0.00348712 0.31622777]        	[0.717 5.   ]	[0.733 7.   ]  
7  	20    	[0.721 5.75 ]    	[0.0069282 0.4330127]          	[0.717 5.   ]	[0.733 6.   ]  
8  	9     	[0.7242 5.4   ]  	[0.0079599  0.58309519]        	[0.717 4.   ]	[0.733 6.   ]  
9  	14    	[0.703 4.8  ]    	[0.08573214 0.4       ]        	[0.383 4.   ]	[0.733 5.   ]  
10 	8     	[0.7147 4.95  ]  	[0.06335622 0.58949131]        	[0.45 4.  ]  	[0.733 7.   ]  
11 	11    	[0.71885 4.9    ]	[0.06167842 0.43588989]        	[0.45 4.  ]  	[0.733 6.   ]  
12 	10    	[0.71385 4.6    ]	[0.05303515 0.86023253]        	[0.533 3.   ]	[0.733 6.   ]  
13 	12    	[0.7147 4.25  ]  	[0.07617683 0.62249498]        	[0.383 3.   ]	[0.733 6.   ]  
14 	11    	[0.72885 4.15   ]	[0.01808943 0.35707142]        	[0.65 4.  ]  	[0.733 5.   ]  
15 	8     	[0.7322 4.1   ]  	[0.00348712 0.43588989]        	[0.717 4.   ]	[0.733 6.   ]  
16 	10    	[0.7122 3.9   ]  	[0.0906651  0.43588989]        	[0.317 2.   ]	[0.733 4.   ]  
17 	13    	[0.73135 3.95   ]	[0.00719218 0.21794495]        	[0.7 3. ]    	[0.733 4.   ]  
18 	15    	[0.733 4.1  ]    	[2.22044605e-16 3.00000000e-01]	[0.733 4.   ]	[0.733 5.   ]  
19 	9     	[0.71635 3.95   ]	[0.07257567 0.21794495]        	[0.4 3. ]    	[0.733 4.   ]  
20 	16    	[0.69225 3.95   ]	[0.1047883  0.49749372]        	[0.367 3.   ]	[0.733 5.   ]  
******************************
*****hall of fame*****
use_sensor_num: 4.0, score: 0.733
[1, 1, 0, 1, 0, 1, 0, 0, 0, 0]
[0, 1, 3, 5]
*****hall of fame*****
use_sensor_num: 3.0, score: 0.7
[1, 1, 0, 1, 0, 0, 0, 0, 0, 0]
[0, 1, 3]
*****hall of fame*****
use_sensor_num: 2.0, score: 0.35
[1, 0, 0, 0, 0, 1, 0, 0, 0, 0]
[0, 5]
elapsed_time:122.35064673423767[sec]
