60,24
Starting Genetic Algorizm By Random Forest With 24 column
n_feature=13, score=0.683
[1, 1, 1, 1, 1, 0, 1, 0, 1, 1, 0, 0, 0, 1, 1, 1, 0, 1, 0, 0, 1, 0, 0, 0]
[[ 9  0  0  0  1  0]
 [ 0  0  0  8  2  0]
 [ 0  0 10  0  0  0]
 [ 0  0  5  5  0  0]
 [ 0  0  0  0 10  0]
 [ 0  0  0  0  3  7]]
0.683
n_feature=16, score=0.65
[1, 1, 1, 0, 1, 1, 1, 1, 0, 1, 1, 1, 0, 1, 0, 1, 0, 0, 1, 0, 1, 0, 1, 1]
[[10  0  0  0  0  0]
 [ 2  2  5  1  0  0]
 [ 1  0  8  1  0  0]
 [ 3  1  1  3  2  0]
 [ 0  0  0  0 10  0]
 [ 4  0  0  0  0  6]]
0.65
n_feature=13, score=0.7
[1, 1, 1, 0, 0, 1, 0, 1, 1, 0, 1, 0, 1, 0, 1, 0, 0, 0, 1, 1, 0, 0, 1, 1]
[[ 7  0  0  0  0  3]
 [ 0  4  2  2  1  1]
 [ 0  0  8  0  0  2]
 [ 0  2  2  3  0  3]
 [ 0  0  0  0 10  0]
 [ 0  0  0  0  0 10]]
0.7
n_feature=5, score=0.317
[1, 0, 0, 1, 0, 0, 0, 0, 0, 1, 0, 0, 0, 1, 0, 1, 0, 0, 0, 0, 0, 0, 0, 0]
[[ 0  0  0  1  9  0]
 [ 0  0  0  7  2  1]
 [ 0  0  0 10  0  0]
 [ 0  0  0 10  0  0]
 [ 1  0  0  0  9  0]
 [ 1  0  0  0  9  0]]
0.317
n_feature=14, score=0.45
[1, 1, 1, 0, 1, 1, 1, 1, 1, 0, 0, 0, 0, 1, 1, 1, 0, 0, 0, 1, 0, 1, 0, 1]
[[5 0 0 3 0 2]
 [0 0 0 8 0 2]
 [0 0 8 0 0 2]
 [0 2 3 5 0 0]
 [0 0 0 0 6 4]
 [0 0 7 0 0 3]]
0.45
n_feature=13, score=0.617
[1, 0, 1, 0, 0, 0, 1, 1, 0, 1, 0, 1, 1, 0, 1, 0, 1, 0, 1, 1, 1, 0, 0, 1]
[[ 5  1  3  0  0  1]
 [ 0  2  4  0  2  2]
 [ 0  0 10  0  0  0]
 [ 0  0  9  1  0  0]
 [ 0  0  0  0 10  0]
 [ 0  1  0  0  0  9]]
0.617
n_feature=12, score=0.617
[1, 0, 1, 0, 1, 0, 1, 0, 0, 1, 0, 1, 0, 1, 0, 1, 0, 0, 1, 1, 1, 1, 0, 0]
[[ 5  0  4  0  1  0]
 [ 0  7  2  0  1  0]
 [ 0  0 10  0  0  0]
 [ 0  0 10  0  0  0]
 [ 0  0  0  0 10  0]
 [ 0  2  0  0  3  5]]
0.617
n_feature=9, score=0.6
[0, 1, 0, 0, 0, 0, 1, 1, 0, 0, 1, 0, 1, 0, 0, 0, 0, 1, 0, 0, 1, 1, 1, 0]
[[ 5  0  0  0  0  5]
 [ 0  2  5  0  0  3]
 [ 0  0  8  0  0  2]
 [ 0  2  1  1  1  5]
 [ 0  0  0  0 10  0]
 [ 0  0  0  0  0 10]]
0.6
n_feature=6, score=0.567
[1, 0, 0, 0, 0, 0, 1, 1, 0, 0, 0, 0, 0, 0, 1, 0, 1, 0, 0, 0, 1, 0, 0, 0]
[[ 2  0  0  5  0  3]
 [ 2  0  0  6  0  2]
 [ 0  0  2  8  0  0]
 [ 0  0  0 10  0  0]
 [ 0  0  0  0 10  0]
 [ 0  0  0  0  0 10]]
0.567
n_feature=13, score=0.767
[0, 0, 0, 1, 0, 1, 0, 1, 1, 1, 0, 1, 0, 1, 1, 1, 1, 0, 1, 0, 0, 0, 1, 1]
[[ 9  0  0  1  0  0]
 [ 0  3  2  3  1  1]
 [ 0  0  8  2  0  0]
 [ 0  0  4  6  0  0]
 [ 0  0  0  0 10  0]
 [ 0  0  0  0  0 10]]
0.767
n_feature=10, score=0.55
[0, 0, 1, 1, 0, 1, 1, 0, 0, 1, 0, 1, 0, 1, 0, 1, 0, 1, 1, 0, 0, 0, 0, 0]
[[ 8  0  1  0  1  0]
 [ 0  0  7  0  3  0]
 [ 0  0 10  0  0  0]
 [ 0  0 10  0  0  0]
 [ 0  0  0  0 10  0]
 [ 0  0  0  0  5  5]]
0.55
n_feature=13, score=0.617
[1, 1, 0, 0, 0, 0, 0, 1, 0, 1, 1, 0, 1, 1, 1, 0, 0, 0, 1, 1, 1, 1, 1, 0]
[[ 5  0  0  1  0  4]
 [ 0  0  5  0  1  4]
 [ 0  0  8  1  0  1]
 [ 0  1  3  6  0  0]
 [ 0  0  0  0 10  0]
 [ 0  0  0  2  0  8]]
0.617
n_feature=14, score=0.733
[1, 1, 1, 1, 0, 0, 0, 1, 1, 1, 1, 1, 0, 1, 0, 1, 0, 0, 0, 1, 0, 0, 1, 1]
[[10  0  0  0  0  0]
 [ 2  3  3  1  1  0]
 [ 0  0  8  0  0  2]
 [ 0  2  2  4  1  1]
 [ 0  0  0  0 10  0]
 [ 1  0  0  0  0  9]]
0.733
n_feature=10, score=0.717
[0, 1, 0, 1, 0, 1, 1, 1, 1, 0, 0, 0, 0, 0, 1, 0, 0, 0, 1, 0, 0, 0, 1, 1]
[[ 8  0  0  0  0  2]
 [ 1  1  2  4  1  1]
 [ 0  0  8  1  0  1]
 [ 0  1  3  6  0  0]
 [ 0  0  0  0 10  0]
 [ 0  0  0  0  0 10]]
0.717
n_feature=10, score=0.733
[1, 0, 0, 0, 1, 1, 0, 1, 1, 1, 1, 0, 0, 1, 0, 0, 0, 0, 1, 1, 0, 0, 0, 0]
[[ 7  1  0  0  0  2]
 [ 0  8  0  0  0  2]
 [ 0  0 10  0  0  0]
 [ 0  0  0  5  0  5]
 [ 0  0  0  0  5  5]
 [ 0  0  1  0  0  9]]
0.733
n_feature=13, score=0.767
[0, 1, 0, 1, 1, 1, 1, 1, 1, 0, 1, 0, 1, 0, 0, 1, 0, 1, 1, 1, 0, 0, 0, 0]
[[ 7  1  0  0  0  2]
 [ 0  8  0  0  0  2]
 [ 0  0 10  0  0  0]
 [ 0  4  0  6  0  0]
 [ 0  0  0  0  5  5]
 [ 0  0  0  0  0 10]]
0.767
n_feature=12, score=0.617
[0, 0, 0, 0, 1, 0, 1, 1, 0, 1, 0, 0, 1, 1, 1, 1, 1, 0, 1, 1, 0, 1, 0, 0]
[[ 5  0  0  3  0  2]
 [ 0  0  0  6  2  2]
 [ 0  0  2  8  0  0]
 [ 0  0  0 10  0  0]
 [ 0  0  0  0 10  0]
 [ 0  0  0  0  0 10]]
0.617
n_feature=10, score=0.667
[1, 0, 0, 0, 0, 0, 0, 0, 0, 1, 1, 0, 1, 0, 1, 1, 1, 1, 0, 0, 0, 1, 0, 1]
[[ 4  0  0  3  1  2]
 [ 0  0  7  0  1  2]
 [ 0  0 10  0  0  0]
 [ 0  0  4  6  0  0]
 [ 0  0  0  0 10  0]
 [ 0  0  0  0  0 10]]
0.667
n_feature=14, score=0.617
[1, 1, 0, 0, 0, 1, 0, 1, 0, 1, 1, 0, 1, 0, 1, 1, 0, 0, 1, 0, 1, 1, 1, 1]
[[ 5  0  0  1  0  4]
 [ 0  0  5  0  1  4]
 [ 0  0  8  1  0  1]
 [ 0  1  3  6  0  0]
 [ 0  0  0  0 10  0]
 [ 0  0  0  2  0  8]]
0.617
n_feature=7, score=0.5
[1, 0, 0, 0, 0, 0, 1, 0, 0, 0, 0, 0, 1, 0, 0, 0, 1, 1, 0, 0, 0, 1, 1, 0]
[[ 5  0  0  3  0  2]
 [ 0  0  6  3  0  1]
 [ 0  0  8  2  0  0]
 [ 0  0  4  6  0  0]
 [ 0  0  9  0  1  0]
 [ 0  0  0  0  0 10]]
0.5
n_feature=15, score=0.633
[1, 1, 1, 0, 1, 1, 1, 1, 0, 1, 1, 1, 0, 1, 0, 1, 0, 0, 1, 0, 0, 0, 1, 1]
[[10  0  0  0  0  0]
 [ 2  1  5  1  1  0]
 [ 2  0  8  0  0  0]
 [ 3  0  1  3  3  0]
 [ 0  0  0  0 10  0]
 [ 3  0  0  1  0  6]]
0.633
n_feature=14, score=0.717
[1, 1, 1, 0, 0, 1, 0, 1, 1, 0, 1, 0, 1, 0, 1, 0, 0, 0, 1, 1, 1, 0, 1, 1]
[[ 8  0  0  0  0  2]
 [ 0  4  2  2  1  1]
 [ 0  0  8  0  0  2]
 [ 0  2  2  3  0  3]
 [ 0  0  0  0 10  0]
 [ 0  0  0  0  0 10]]
0.717
n_feature=12, score=0.7
[1, 1, 1, 1, 0, 1, 1, 1, 1, 0, 0, 0, 0, 0, 1, 0, 0, 0, 1, 0, 0, 0, 1, 1]
[[ 7  0  0  0  0  3]
 [ 0  1  2  5  1  1]
 [ 0  0  8  1  0  1]
 [ 0  1  3  6  0  0]
 [ 0  0  0  0 10  0]
 [ 0  0  0  0  0 10]]
0.7
n_feature=12, score=0.65
[0, 1, 0, 1, 0, 0, 0, 1, 1, 1, 1, 1, 0, 1, 0, 1, 0, 0, 0, 1, 0, 0, 1, 1]
[[10  0  0  0  0  0]
 [ 3  3  3  0  1  0]
 [ 2  0  8  0  0  0]
 [ 4  1  2  2  1  0]
 [ 0  0  0  0 10  0]
 [ 4  0  0  0  0  6]]
0.65
n_feature=10, score=0.717
[0, 0, 0, 1, 0, 1, 0, 1, 1, 1, 0, 1, 0, 0, 1, 0, 0, 0, 1, 0, 0, 0, 1, 1]
[[10  0  0  0  0  0]
 [ 3  3  2  1  1  0]
 [ 0  0  8  2  0  0]
 [ 0  1  3  6  0  0]
 [ 0  0  0  0 10  0]
 [ 4  0  0  0  0  6]]
0.717
n_feature=13, score=0.633
[0, 1, 0, 1, 0, 1, 1, 1, 1, 0, 0, 0, 0, 1, 1, 1, 1, 0, 1, 0, 0, 0, 1, 1]
[[ 3  0  0  4  0  3]
 [ 0  1  2  5  1  1]
 [ 0  0  8  2  0  0]
 [ 0  0  4  6  0  0]
 [ 0  0  0  0 10  0]
 [ 0  0  0  0  0 10]]
0.633
n_feature=13, score=0.683
[1, 1, 1, 1, 1, 0, 1, 0, 1, 1, 0, 0, 0, 1, 1, 1, 0, 1, 0, 0, 1, 0, 0, 0]
[[ 9  0  0  0  1  0]
 [ 0  0  0  8  2  0]
 [ 0  0 10  0  0  0]
 [ 0  0  5  5  0  0]
 [ 0  0  0  0 10  0]
 [ 0  0  0  0  3  7]]
0.683
n_feature=14, score=0.733
[1, 1, 1, 1, 0, 0, 0, 1, 1, 1, 1, 1, 0, 1, 0, 1, 0, 0, 0, 1, 0, 0, 1, 1]
[[10  0  0  0  0  0]
 [ 2  3  3  1  1  0]
 [ 0  0  8  0  0  2]
 [ 0  2  2  4  1  1]
 [ 0  0  0  0 10  0]
 [ 1  0  0  0  0  9]]
0.733
n_feature=13, score=0.767
[0, 1, 0, 1, 1, 1, 1, 1, 1, 0, 1, 0, 1, 0, 0, 1, 0, 1, 1, 1, 0, 0, 0, 0]
[[ 7  1  0  0  0  2]
 [ 0  8  0  0  0  2]
 [ 0  0 10  0  0  0]
 [ 0  4  0  6  0  0]
 [ 0  0  0  0  5  5]
 [ 0  0  0  0  0 10]]
0.767
n_feature=13, score=0.767
[0, 1, 0, 1, 1, 1, 1, 1, 1, 0, 1, 0, 1, 0, 0, 1, 0, 1, 1, 1, 0, 0, 0, 0]
[[ 7  1  0  0  0  2]
 [ 0  8  0  0  0  2]
 [ 0  0 10  0  0  0]
 [ 0  4  0  6  0  0]
 [ 0  0  0  0  5  5]
 [ 0  0  0  0  0 10]]
0.767
n_feature=9, score=0.617
[1, 0, 0, 0, 0, 1, 0, 1, 1, 1, 1, 0, 0, 1, 0, 0, 0, 0, 1, 1, 0, 0, 0, 0]
[[ 0  1  0  7  0  2]
 [ 0  8  0  0  0  2]
 [ 0  0 10  0  0  0]
 [ 0  0  0  5  0  5]
 [ 0  0  0  0  5  5]
 [ 0  0  1  0  0  9]]
0.617
n_feature=13, score=0.75
[1, 0, 0, 0, 1, 1, 1, 1, 1, 1, 1, 0, 0, 1, 0, 0, 0, 0, 1, 1, 1, 0, 0, 1]
[[ 8  1  0  0  0  1]
 [ 0  8  0  0  0  2]
 [ 0  0 10  0  0  0]
 [ 2  0  0  5  0  3]
 [ 0  0  0  0  5  5]
 [ 0  1  0  0  0  9]]
0.75
n_feature=15, score=0.683
[1, 1, 1, 1, 0, 0, 0, 1, 1, 1, 1, 1, 0, 1, 0, 1, 0, 0, 0, 1, 0, 1, 1, 1]
[[ 5  1  0  3  0  1]
 [ 0  4  3  1  1  1]
 [ 0  0  8  0  0  2]
 [ 0  2  2  4  1  1]
 [ 0  0  0  0 10  0]
 [ 0  0  0  0  0 10]]
0.683
n_feature=12, score=0.8
[1, 1, 1, 1, 0, 0, 0, 1, 1, 1, 1, 1, 0, 1, 0, 1, 0, 0, 0, 1, 0, 0, 0, 0]
[[ 9  1  0  0  0  0]
 [ 0  8  0  0  2  0]
 [ 0  0 10  0  0  0]
 [ 0  3  2  5  0  0]
 [ 0  0  0  0 10  0]
 [ 0  2  0  0  2  6]]
0.8
n_feature=12, score=0.7
[1, 0, 0, 0, 1, 1, 0, 1, 1, 1, 1, 0, 0, 1, 0, 0, 0, 0, 1, 1, 0, 0, 1, 1]
[[ 7  0  0  0  0  3]
 [ 0  4  2  2  1  1]
 [ 0  0  8  0  0  2]
 [ 0  1  1  3  2  3]
 [ 0  0  0  0 10  0]
 [ 0  0  0  0  0 10]]
0.7
n_feature=11, score=0.7
[0, 1, 0, 1, 0, 1, 1, 1, 1, 0, 0, 0, 0, 0, 1, 0, 0, 0, 1, 0, 1, 0, 1, 1]
[[ 7  0  0  0  0  3]
 [ 1  1  2  4  1  1]
 [ 0  0  8  1  0  1]
 [ 0  1  3  6  0  0]
 [ 0  0  0  0 10  0]
 [ 0  0  0  0  0 10]]
0.7
n_feature=11, score=0.617
[0, 1, 0, 1, 0, 1, 1, 1, 1, 0, 0, 0, 1, 0, 0, 1, 0, 1, 1, 1, 0, 0, 0, 0]
[[ 7  0  0  1  0  2]
 [ 1  0  0  7  0  2]
 [ 0  0 10  0  0  0]
 [ 0  0  5  5  0  0]
 [ 0  0  0  0  5  5]
 [ 0  0  0  0  0 10]]
0.617
n_feature=12, score=0.733
[0, 1, 0, 1, 1, 1, 1, 1, 1, 0, 1, 0, 0, 0, 1, 0, 0, 0, 1, 0, 0, 0, 1, 1]
[[ 7  0  0  0  0  3]
 [ 0  3  3  2  1  1]
 [ 0  0  8  0  0  2]
 [ 0  2  2  6  0  0]
 [ 0  0  0  0 10  0]
 [ 0  0  0  0  0 10]]
0.733
n_feature=15, score=0.8
[1, 1, 1, 1, 0, 1, 1, 1, 1, 1, 1, 1, 0, 1, 0, 1, 0, 0, 0, 1, 0, 0, 0, 1]
[[ 9  1  0  0  0  0]
 [ 0  8  0  0  2  0]
 [ 0  0 10  0  0  0]
 [ 0  5  0  5  0  0]
 [ 0  0  0  0 10  0]
 [ 0  2  0  0  2  6]]
0.8
n_feature=10, score=0.7
[1, 1, 1, 1, 0, 0, 0, 1, 1, 0, 0, 0, 0, 0, 1, 0, 0, 0, 1, 0, 0, 0, 1, 1]
[[ 7  0  0  0  0  3]
 [ 0  1  2  5  1  1]
 [ 0  0  8  1  0  1]
 [ 0  1  3  6  0  0]
 [ 0  0  0  0 10  0]
 [ 0  0  0  0  0 10]]
0.7
n_feature=14, score=0.733
[1, 1, 1, 1, 0, 0, 0, 1, 1, 1, 1, 1, 0, 1, 0, 1, 0, 0, 0, 1, 0, 0, 1, 1]
[[10  0  0  0  0  0]
 [ 2  3  3  1  1  0]
 [ 0  0  8  0  0  2]
 [ 0  2  2  4  1  1]
 [ 0  0  0  0 10  0]
 [ 1  0  0  0  0  9]]
0.733
n_feature=11, score=0.667
[0, 0, 0, 1, 0, 1, 0, 1, 1, 1, 0, 1, 0, 1, 1, 1, 1, 0, 1, 0, 0, 0, 0, 0]
[[ 3  5  0  0  2  0]
 [ 0  2  0  6  1  1]
 [ 0  0 10  0  0  0]
 [ 0  0  5  5  0  0]
 [ 0  0  0  0 10  0]
 [ 0  0  0  0  0 10]]
0.667
n_feature=12, score=0.767
[0, 1, 0, 1, 1, 1, 1, 1, 1, 0, 1, 0, 1, 0, 0, 1, 0, 0, 0, 1, 0, 0, 0, 1]
[[ 7  1  0  0  0  2]
 [ 0  8  0  0  0  2]
 [ 0  0 10  0  0  0]
 [ 0  4  0  6  0  0]
 [ 0  0  0  0  5  5]
 [ 0  0  0  0  0 10]]
0.767
n_feature=16, score=0.8
[1, 1, 1, 1, 0, 1, 1, 1, 1, 1, 1, 1, 0, 1, 0, 1, 0, 1, 1, 1, 0, 0, 0, 0]
[[ 9  1  0  0  0  0]
 [ 0  8  0  0  2  0]
 [ 0  0 10  0  0  0]
 [ 0  5  0  5  0  0]
 [ 0  0  0  0 10  0]
 [ 0  2  0  0  2  6]]
0.8
n_feature=12, score=0.767
[0, 1, 0, 1, 1, 1, 1, 1, 1, 0, 1, 0, 1, 0, 0, 1, 0, 1, 1, 0, 0, 0, 0, 0]
[[ 7  1  0  0  0  2]
 [ 0  8  0  0  0  2]
 [ 0  0 10  0  0  0]
 [ 0  4  0  6  0  0]
 [ 0  0  0  0  5  5]
 [ 0  0  0  0  0 10]]
0.767
n_feature=14, score=0.8
[0, 1, 0, 1, 1, 1, 1, 1, 1, 0, 1, 1, 1, 0, 0, 1, 0, 1, 1, 1, 0, 0, 0, 0]
[[ 9  1  0  0  0  0]
 [ 0  8  0  0  2  0]
 [ 0  0 10  0  0  0]
 [ 1  4  0  5  0  0]
 [ 0  0  0  0 10  0]
 [ 0  2  0  0  2  6]]
0.8
n_feature=16, score=0.7
[1, 1, 1, 1, 0, 1, 1, 1, 1, 1, 1, 1, 0, 1, 0, 1, 0, 0, 0, 1, 0, 0, 1, 1]
[[10  0  0  0  0  0]
 [ 2  3  3  1  1  0]
 [ 0  0  8  0  0  2]
 [ 0  2  2  4  1  1]
 [ 0  0  0  0 10  0]
 [ 3  0  0  0  0  7]]
0.7
n_feature=9, score=0.633
[1, 1, 1, 1, 0, 0, 0, 1, 1, 0, 0, 0, 0, 0, 1, 0, 0, 0, 1, 0, 0, 0, 0, 1]
[[ 7  0  0  1  0  2]
 [ 0  0  0  8  0  2]
 [ 0  0 10  0  0  0]
 [ 0  0  5  5  0  0]
 [ 0  0  0  0  6  4]
 [ 0  0  0  0  0 10]]
0.633
n_feature=12, score=0.8
[1, 1, 1, 1, 0, 0, 0, 1, 1, 1, 1, 1, 0, 1, 0, 1, 0, 0, 0, 1, 0, 0, 0, 0]
[[ 9  1  0  0  0  0]
 [ 0  8  0  0  2  0]
 [ 0  0 10  0  0  0]
 [ 0  3  2  5  0  0]
 [ 0  0  0  0 10  0]
 [ 0  2  0  0  2  6]]
0.8
n_feature=10, score=0.7
[1, 1, 1, 1, 0, 0, 0, 1, 1, 0, 0, 0, 0, 0, 1, 0, 0, 0, 1, 0, 0, 0, 1, 1]
[[ 7  0  0  0  0  3]
 [ 0  1  2  5  1  1]
 [ 0  0  8  1  0  1]
 [ 0  1  3  6  0  0]
 [ 0  0  0  0 10  0]
 [ 0  0  0  0  0 10]]
0.7
n_feature=9, score=0.717
[1, 1, 1, 1, 0, 0, 0, 1, 0, 1, 1, 0, 0, 0, 0, 1, 0, 0, 0, 1, 0, 0, 0, 0]
[[ 8  0  1  0  0  1]
 [ 0  1  7  0  0  2]
 [ 0  0 10  0  0  0]
 [ 0  0  0 10  0  0]
 [ 0  0  0  0  5  5]
 [ 0  1  0  0  0  9]]
0.717
n_feature=14, score=0.8
[0, 1, 0, 1, 1, 1, 1, 1, 1, 0, 1, 1, 1, 0, 0, 1, 0, 1, 1, 1, 0, 0, 0, 0]
[[ 9  1  0  0  0  0]
 [ 0  8  0  0  2  0]
 [ 0  0 10  0  0  0]
 [ 1  4  0  5  0  0]
 [ 0  0  0  0 10  0]
 [ 0  2  0  0  2  6]]
0.8
n_feature=14, score=0.8
[0, 1, 0, 1, 1, 1, 1, 1, 1, 0, 1, 1, 1, 0, 0, 1, 0, 1, 1, 1, 0, 0, 0, 0]
[[ 9  1  0  0  0  0]
 [ 0  8  0  0  2  0]
 [ 0  0 10  0  0  0]
 [ 1  4  0  5  0  0]
 [ 0  0  0  0 10  0]
 [ 0  2  0  0  2  6]]
0.8
n_feature=12, score=0.667
[0, 0, 0, 1, 0, 1, 0, 1, 1, 1, 0, 1, 0, 1, 1, 1, 1, 0, 1, 1, 0, 0, 0, 0]
[[ 3  5  0  0  2  0]
 [ 0  2  0  6  1  1]
 [ 0  0 10  0  0  0]
 [ 0  0  5  5  0  0]
 [ 0  0  0  0 10  0]
 [ 0  0  0  0  0 10]]
0.667
n_feature=13, score=0.75
[1, 1, 1, 1, 0, 0, 0, 1, 1, 1, 1, 1, 0, 1, 0, 1, 0, 0, 0, 0, 0, 0, 1, 1]
[[10  0  0  0  0  0]
 [ 1  3  3  1  1  1]
 [ 0  0  8  0  0  2]
 [ 0  2  2  4  1  1]
 [ 0  0  0  0 10  0]
 [ 0  0  0  0  0 10]]
0.75
n_feature=11, score=0.767
[0, 1, 0, 1, 1, 1, 1, 1, 1, 0, 1, 0, 0, 1, 0, 0, 0, 0, 1, 1, 0, 0, 0, 0]
[[ 7  1  0  0  0  2]
 [ 0  8  0  0  0  2]
 [ 0  0 10  0  0  0]
 [ 0  4  0  6  0  0]
 [ 0  0  0  0  5  5]
 [ 0  0  0  0  0 10]]
0.767
n_feature=11, score=0.733
[1, 0, 0, 0, 1, 1, 0, 1, 1, 1, 1, 0, 1, 0, 0, 1, 0, 1, 1, 0, 0, 0, 0, 0]
[[ 7  1  0  0  0  2]
 [ 0  8  0  0  0  2]
 [ 0  0 10  0  0  0]
 [ 0  0  0  5  0  5]
 [ 0  0  0  0  5  5]
 [ 0  0  1  0  0  9]]
0.733
n_feature=15, score=0.75
[1, 1, 1, 1, 0, 1, 1, 0, 1, 1, 1, 1, 0, 1, 0, 1, 0, 1, 1, 1, 0, 0, 0, 0]
[[ 7  0  1  0  2  0]
 [ 0  8  0  0  2  0]
 [ 0  0 10  0  0  0]
 [ 0  0  4  5  1  0]
 [ 0  0  0  0 10  0]
 [ 0  0  1  0  4  5]]
0.75
n_feature=12, score=0.767
[0, 1, 0, 1, 1, 1, 1, 1, 1, 0, 1, 0, 1, 0, 0, 1, 0, 0, 0, 1, 0, 0, 0, 1]
[[ 7  1  0  0  0  2]
 [ 0  8  0  0  0  2]
 [ 0  0 10  0  0  0]
 [ 0  4  0  6  0  0]
 [ 0  0  0  0  5  5]
 [ 0  0  0  0  0 10]]
0.767
n_feature=12, score=0.8
[1, 1, 1, 1, 0, 0, 0, 1, 1, 1, 1, 1, 0, 1, 0, 0, 0, 0, 1, 1, 0, 0, 0, 0]
[[ 9  1  0  0  0  0]
 [ 0  8  0  0  2  0]
 [ 0  0 10  0  0  0]
 [ 0  5  0  5  0  0]
 [ 0  0  0  0 10  0]
 [ 0  2  0  0  2  6]]
0.8
n_feature=10, score=0.733
[1, 0, 0, 0, 1, 1, 0, 1, 1, 1, 1, 0, 0, 1, 0, 1, 0, 0, 0, 1, 0, 0, 0, 0]
[[ 7  1  0  0  0  2]
 [ 0  8  0  0  0  2]
 [ 0  0 10  0  0  0]
 [ 0  0  0  5  0  5]
 [ 0  0  0  0  5  5]
 [ 0  0  1  0  0  9]]
0.733
n_feature=12, score=0.767
[0, 1, 0, 1, 1, 1, 1, 1, 1, 0, 1, 0, 1, 0, 0, 1, 0, 1, 1, 0, 0, 0, 0, 0]
[[ 7  1  0  0  0  2]
 [ 0  8  0  0  0  2]
 [ 0  0 10  0  0  0]
 [ 0  4  0  6  0  0]
 [ 0  0  0  0  5  5]
 [ 0  0  0  0  0 10]]
0.767
n_feature=12, score=0.8
[0, 1, 0, 1, 1, 1, 0, 1, 1, 0, 1, 1, 1, 0, 0, 1, 0, 1, 0, 1, 0, 0, 0, 0]
[[ 9  1  0  0  0  0]
 [ 0  8  0  0  2  0]
 [ 0  0 10  0  0  0]
 [ 1  4  0  5  0  0]
 [ 0  0  0  0 10  0]
 [ 0  2  0  0  2  6]]
0.8
n_feature=14, score=0.8
[1, 1, 1, 1, 0, 0, 0, 1, 1, 1, 1, 1, 0, 1, 0, 1, 0, 1, 1, 1, 0, 0, 0, 0]
[[ 9  1  0  0  0  0]
 [ 0  8  0  0  2  0]
 [ 0  0 10  0  0  0]
 [ 0  5  0  5  0  0]
 [ 0  0  0  0 10  0]
 [ 0  2  0  0  2  6]]
0.8
n_feature=14, score=0.8
[1, 1, 1, 1, 0, 1, 1, 1, 1, 1, 1, 1, 0, 1, 0, 1, 0, 0, 0, 1, 0, 0, 0, 0]
[[ 9  1  0  0  0  0]
 [ 0  8  0  0  2  0]
 [ 0  0 10  0  0  0]
 [ 0  5  0  5  0  0]
 [ 0  0  0  0 10  0]
 [ 0  2  0  0  2  6]]
0.8
n_feature=14, score=0.8
[1, 1, 1, 1, 0, 1, 1, 1, 1, 1, 1, 1, 0, 1, 0, 1, 0, 0, 0, 1, 0, 0, 0, 0]
[[ 9  1  0  0  0  0]
 [ 0  8  0  0  2  0]
 [ 0  0 10  0  0  0]
 [ 0  5  0  5  0  0]
 [ 0  0  0  0 10  0]
 [ 0  2  0  0  2  6]]
0.8
n_feature=15, score=0.8
[1, 1, 1, 1, 0, 1, 1, 1, 1, 1, 1, 1, 0, 1, 0, 1, 0, 0, 0, 1, 0, 0, 0, 1]
[[ 9  1  0  0  0  0]
 [ 0  8  0  0  2  0]
 [ 0  0 10  0  0  0]
 [ 0  5  0  5  0  0]
 [ 0  0  0  0 10  0]
 [ 0  2  0  0  2  6]]
0.8
n_feature=12, score=0.8
[1, 1, 1, 1, 0, 0, 0, 1, 1, 1, 1, 1, 0, 1, 0, 0, 0, 1, 0, 1, 0, 0, 0, 0]
[[ 9  1  0  0  0  0]
 [ 0  8  0  0  2  0]
 [ 0  0 10  0  0  0]
 [ 0  3  2  5  0  0]
 [ 0  0  0  0 10  0]
 [ 0  2  0  0  2  6]]
0.8
n_feature=10, score=0.733
[0, 1, 0, 0, 1, 1, 1, 1, 1, 0, 1, 0, 1, 0, 0, 1, 0, 0, 0, 1, 0, 0, 0, 0]
[[ 7  1  0  0  0  2]
 [ 0  8  0  0  0  2]
 [ 0  0 10  0  0  0]
 [ 0  0  0  5  0  5]
 [ 0  0  0  0  5  5]
 [ 0  0  1  0  0  9]]
0.733
n_feature=14, score=0.8
[1, 1, 1, 1, 0, 0, 0, 1, 1, 1, 1, 1, 0, 1, 0, 1, 0, 1, 1, 1, 0, 0, 0, 0]
[[ 9  1  0  0  0  0]
 [ 0  8  0  0  2  0]
 [ 0  0 10  0  0  0]
 [ 0  5  0  5  0  0]
 [ 0  0  0  0 10  0]
 [ 0  2  0  0  2  6]]
0.8
n_feature=12, score=0.8
[1, 1, 1, 1, 0, 0, 0, 1, 1, 1, 1, 1, 0, 1, 0, 1, 0, 0, 0, 1, 0, 0, 0, 0]
[[ 9  1  0  0  0  0]
 [ 0  8  0  0  2  0]
 [ 0  0 10  0  0  0]
 [ 0  3  2  5  0  0]
 [ 0  0  0  0 10  0]
 [ 0  2  0  0  2  6]]
0.8
n_feature=11, score=0.683
[1, 1, 1, 1, 0, 0, 0, 1, 1, 1, 0, 1, 0, 1, 0, 0, 0, 0, 1, 1, 0, 0, 0, 0]
[[ 9  1  0  0  0  0]
 [ 0 10  0  0  0  0]
 [ 0  0 10  0  0  0]
 [ 0  4  5  1  0  0]
 [ 0  5  0  0  5  0]
 [ 0  4  0  0  0  6]]
0.683
n_feature=13, score=0.8
[1, 1, 1, 1, 0, 0, 0, 1, 1, 0, 1, 1, 0, 1, 0, 1, 0, 1, 1, 1, 0, 0, 0, 0]
[[ 9  1  0  0  0  0]
 [ 0  8  0  0  2  0]
 [ 0  0 10  0  0  0]
 [ 0  5  0  5  0  0]
 [ 0  0  0  0 10  0]
 [ 0  2  0  0  2  6]]
0.8
n_feature=11, score=0.683
[1, 1, 1, 0, 0, 1, 0, 0, 1, 1, 1, 1, 0, 1, 0, 0, 0, 0, 1, 1, 0, 0, 0, 0]
[[ 7  1  0  0  2  0]
 [ 0  8  0  0  2  0]
 [ 0  0 10  0  0  0]
 [ 4  2  2  1  1  0]
 [ 0  0  0  0 10  0]
 [ 0  0  1  0  4  5]]
0.683
n_feature=15, score=0.833
[1, 1, 1, 1, 0, 1, 1, 1, 1, 1, 1, 1, 0, 1, 0, 1, 1, 0, 0, 1, 0, 0, 0, 0]
[[ 7  1  0  0  2  0]
 [ 0  8  0  0  1  1]
 [ 0  0 10  0  0  0]
 [ 0  1  4  5  0  0]
 [ 0  0  0  0 10  0]
 [ 0  0  0  0  0 10]]
0.833
n_feature=12, score=0.8
[1, 1, 1, 1, 0, 0, 0, 1, 1, 1, 1, 1, 0, 1, 0, 1, 0, 0, 0, 1, 0, 0, 0, 0]
[[ 9  1  0  0  0  0]
 [ 0  8  0  0  2  0]
 [ 0  0 10  0  0  0]
 [ 0  3  2  5  0  0]
 [ 0  0  0  0 10  0]
 [ 0  2  0  0  2  6]]
0.8
n_feature=13, score=0.767
[1, 1, 1, 1, 0, 0, 0, 1, 1, 1, 0, 1, 0, 1, 0, 1, 0, 1, 0, 1, 1, 0, 0, 0]
[[ 9  1  0  0  0  0]
 [ 0 10  0  0  0  0]
 [ 0  0 10  0  0  0]
 [ 0  4  5  1  0  0]
 [ 0  0  0  0 10  0]
 [ 0  3  0  0  1  6]]
0.767
n_feature=12, score=0.8
[0, 1, 0, 1, 1, 1, 0, 1, 1, 0, 1, 1, 1, 0, 0, 1, 0, 1, 0, 1, 0, 0, 0, 0]
[[ 9  1  0  0  0  0]
 [ 0  8  0  0  2  0]
 [ 0  0 10  0  0  0]
 [ 1  4  0  5  0  0]
 [ 0  0  0  0 10  0]
 [ 0  2  0  0  2  6]]
0.8
n_feature=12, score=0.8
[1, 1, 1, 1, 0, 0, 0, 1, 1, 1, 1, 1, 0, 1, 0, 1, 0, 0, 0, 1, 0, 0, 0, 0]
[[ 9  1  0  0  0  0]
 [ 0  8  0  0  2  0]
 [ 0  0 10  0  0  0]
 [ 0  3  2  5  0  0]
 [ 0  0  0  0 10  0]
 [ 0  2  0  0  2  6]]
0.8
n_feature=12, score=0.8
[0, 1, 0, 1, 1, 1, 0, 1, 1, 1, 1, 1, 0, 1, 0, 1, 0, 0, 0, 1, 0, 0, 0, 0]
[[ 9  1  0  0  0  0]
 [ 0  8  0  0  2  0]
 [ 0  0 10  0  0  0]
 [ 1  4  0  5  0  0]
 [ 0  0  0  0 10  0]
 [ 0  2  0  0  2  6]]
0.8
n_feature=12, score=0.8
[1, 1, 1, 1, 0, 0, 0, 1, 1, 0, 1, 1, 1, 0, 0, 1, 0, 1, 0, 1, 0, 0, 0, 0]
[[ 9  1  0  0  0  0]
 [ 0  8  0  0  2  0]
 [ 0  0 10  0  0  0]
 [ 0  3  2  5  0  0]
 [ 0  0  0  0 10  0]
 [ 0  2  0  0  2  6]]
0.8
n_feature=10, score=0.7
[0, 1, 0, 1, 1, 1, 0, 1, 1, 0, 0, 1, 1, 0, 0, 1, 0, 0, 0, 1, 0, 0, 0, 0]
[[ 9  1  0  0  0  0]
 [ 0 10  0  0  0  0]
 [ 0  0 10  0  0  0]
 [ 0  4  5  1  0  0]
 [ 0  4  0  0  6  0]
 [ 0  4  0  0  0  6]]
0.7
n_feature=12, score=0.8
[0, 1, 0, 1, 1, 1, 0, 1, 1, 0, 1, 1, 1, 0, 0, 1, 0, 1, 0, 1, 0, 0, 0, 0]
[[ 9  1  0  0  0  0]
 [ 0  8  0  0  2  0]
 [ 0  0 10  0  0  0]
 [ 1  4  0  5  0  0]
 [ 0  0  0  0 10  0]
 [ 0  2  0  0  2  6]]
0.8
n_feature=12, score=0.8
[1, 1, 1, 1, 0, 0, 0, 1, 1, 1, 1, 1, 0, 1, 0, 1, 0, 0, 0, 1, 0, 0, 0, 0]
[[ 9  1  0  0  0  0]
 [ 0  8  0  0  2  0]
 [ 0  0 10  0  0  0]
 [ 0  3  2  5  0  0]
 [ 0  0  0  0 10  0]
 [ 0  2  0  0  2  6]]
0.8
n_feature=12, score=0.8
[0, 1, 0, 1, 1, 1, 0, 1, 1, 0, 1, 1, 1, 0, 0, 1, 0, 1, 0, 1, 0, 0, 0, 0]
[[ 9  1  0  0  0  0]
 [ 0  8  0  0  2  0]
 [ 0  0 10  0  0  0]
 [ 1  4  0  5  0  0]
 [ 0  0  0  0 10  0]
 [ 0  2  0  0  2  6]]
0.8
n_feature=14, score=0.8
[1, 1, 1, 1, 0, 0, 0, 1, 1, 1, 1, 1, 0, 1, 0, 1, 0, 1, 1, 1, 0, 0, 0, 0]
[[ 9  1  0  0  0  0]
 [ 0  8  0  0  2  0]
 [ 0  0 10  0  0  0]
 [ 0  5  0  5  0  0]
 [ 0  0  0  0 10  0]
 [ 0  2  0  0  2  6]]
0.8
n_feature=12, score=0.8
[0, 1, 0, 1, 1, 1, 0, 1, 1, 0, 1, 1, 1, 0, 0, 1, 0, 1, 0, 1, 0, 0, 0, 0]
[[ 9  1  0  0  0  0]
 [ 0  8  0  0  2  0]
 [ 0  0 10  0  0  0]
 [ 1  4  0  5  0  0]
 [ 0  0  0  0 10  0]
 [ 0  2  0  0  2  6]]
0.8
n_feature=11, score=0.733
[0, 0, 0, 1, 1, 0, 0, 1, 1, 0, 1, 1, 1, 0, 0, 1, 0, 1, 0, 1, 0, 1, 0, 0]
[[ 5  4  0  0  1  0]
 [ 0  8  0  0  2  0]
 [ 0  0 10  0  0  0]
 [ 0  5  0  5  0  0]
 [ 0  0  0  0 10  0]
 [ 0  2  0  0  2  6]]
0.733
n_feature=15, score=0.85
[1, 1, 1, 0, 0, 0, 1, 1, 1, 1, 1, 1, 0, 1, 0, 1, 1, 0, 0, 1, 1, 0, 0, 1]
[[ 8  1  0  0  1  0]
 [ 0  8  0  0  1  1]
 [ 0  0 10  0  0  0]
 [ 0  2  2  5  1  0]
 [ 0  0  0  0 10  0]
 [ 0  0  0  0  0 10]]
0.85
n_feature=15, score=0.833
[1, 1, 1, 1, 0, 1, 1, 1, 1, 1, 1, 1, 0, 1, 0, 1, 1, 0, 0, 1, 0, 0, 0, 0]
[[ 7  1  0  0  2  0]
 [ 0  8  0  0  1  1]
 [ 0  0 10  0  0  0]
 [ 0  1  4  5  0  0]
 [ 0  0  0  0 10  0]
 [ 0  0  0  0  0 10]]
0.833
n_feature=12, score=0.8
[0, 1, 0, 1, 1, 1, 0, 1, 1, 1, 1, 1, 0, 1, 0, 1, 0, 0, 0, 1, 0, 0, 0, 0]
[[ 9  1  0  0  0  0]
 [ 0  8  0  0  2  0]
 [ 0  0 10  0  0  0]
 [ 1  4  0  5  0  0]
 [ 0  0  0  0 10  0]
 [ 0  2  0  0  2  6]]
0.8
n_feature=12, score=0.8
[1, 1, 1, 1, 0, 0, 0, 1, 1, 1, 1, 1, 0, 1, 0, 0, 0, 0, 1, 1, 0, 0, 0, 0]
[[ 9  1  0  0  0  0]
 [ 0  8  0  0  2  0]
 [ 0  0 10  0  0  0]
 [ 0  5  0  5  0  0]
 [ 0  0  0  0 10  0]
 [ 0  2  0  0  2  6]]
0.8
n_feature=12, score=0.8
[1, 1, 1, 1, 0, 0, 0, 1, 1, 1, 1, 1, 0, 1, 0, 0, 0, 0, 1, 1, 0, 0, 0, 0]
[[ 9  1  0  0  0  0]
 [ 0  8  0  0  2  0]
 [ 0  0 10  0  0  0]
 [ 0  5  0  5  0  0]
 [ 0  0  0  0 10  0]
 [ 0  2  0  0  2  6]]
0.8
n_feature=12, score=0.85
[1, 1, 1, 1, 0, 0, 0, 1, 1, 1, 1, 1, 0, 1, 0, 0, 1, 0, 0, 1, 0, 0, 0, 0]
[[ 8  1  0  0  1  0]
 [ 0  8  0  0  1  1]
 [ 0  0 10  0  0  0]
 [ 0  1  4  5  0  0]
 [ 0  0  0  0 10  0]
 [ 0  0  0  0  0 10]]
0.85
n_feature=15, score=0.8
[1, 1, 1, 1, 0, 1, 1, 1, 1, 1, 1, 1, 0, 1, 0, 1, 0, 1, 0, 1, 0, 0, 0, 0]
[[ 9  1  0  0  0  0]
 [ 0  8  0  0  2  0]
 [ 0  0 10  0  0  0]
 [ 0  5  0  5  0  0]
 [ 0  0  0  0 10  0]
 [ 0  2  0  0  2  6]]
0.8
n_feature=13, score=0.833
[1, 1, 1, 0, 0, 1, 1, 1, 1, 0, 1, 1, 0, 1, 0, 1, 1, 0, 0, 1, 0, 0, 0, 0]
[[ 7  1  0  0  2  0]
 [ 0  8  0  0  1  1]
 [ 0  0 10  0  0  0]
 [ 0  2  2  5  1  0]
 [ 0  0  0  0 10  0]
 [ 0  0  0  0  0 10]]
0.833
n_feature=14, score=0.833
[1, 1, 1, 0, 0, 1, 1, 1, 1, 1, 1, 1, 0, 1, 0, 1, 1, 0, 0, 1, 0, 0, 0, 0]
[[ 7  1  0  0  2  0]
 [ 0  8  0  0  1  1]
 [ 0  0 10  0  0  0]
 [ 0  2  2  5  1  0]
 [ 0  0  0  0 10  0]
 [ 0  0  0  0  0 10]]
0.833
n_feature=12, score=0.733
[1, 1, 1, 0, 0, 0, 1, 1, 1, 1, 1, 1, 0, 1, 0, 1, 0, 0, 0, 1, 0, 0, 0, 0]
[[ 9  1  0  0  0  0]
 [ 0  8  0  0  2  0]
 [ 0  0 10  0  0  0]
 [ 4  4  0  1  1  0]
 [ 0  0  0  0 10  0]
 [ 0  1  1  0  2  6]]
0.733
n_feature=14, score=0.733
[0, 1, 0, 1, 1, 1, 0, 0, 1, 1, 1, 1, 0, 1, 0, 1, 1, 0, 0, 1, 1, 0, 0, 1]
[[ 7  1  0  0  2  0]
 [ 0  2  6  0  2  0]
 [ 0  0 10  0  0  0]
 [ 0  0  5  5  0  0]
 [ 0  0  0  0 10  0]
 [ 0  0  0  0  0 10]]
0.733
n_feature=12, score=0.8
[0, 1, 0, 1, 1, 1, 0, 1, 1, 0, 1, 1, 1, 0, 0, 1, 0, 1, 0, 1, 0, 0, 0, 0]
[[ 9  1  0  0  0  0]
 [ 0  8  0  0  2  0]
 [ 0  0 10  0  0  0]
 [ 1  4  0  5  0  0]
 [ 0  0  0  0 10  0]
 [ 0  2  0  0  2  6]]
0.8
n_feature=15, score=0.833
[1, 1, 1, 1, 0, 1, 1, 1, 1, 1, 1, 1, 0, 1, 0, 1, 1, 0, 0, 1, 0, 0, 0, 0]
[[ 7  1  0  0  2  0]
 [ 0  8  0  0  1  1]
 [ 0  0 10  0  0  0]
 [ 0  1  4  5  0  0]
 [ 0  0  0  0 10  0]
 [ 0  0  0  0  0 10]]
0.833
n_feature=12, score=0.8
[1, 1, 1, 1, 0, 0, 0, 1, 1, 1, 1, 1, 0, 1, 0, 0, 0, 1, 0, 1, 0, 0, 0, 0]
[[ 9  1  0  0  0  0]
 [ 0  8  0  0  2  0]
 [ 0  0 10  0  0  0]
 [ 0  3  2  5  0  0]
 [ 0  0  0  0 10  0]
 [ 0  2  0  0  2  6]]
0.8
n_feature=15, score=0.85
[1, 1, 1, 0, 0, 0, 1, 1, 1, 1, 1, 1, 0, 1, 0, 1, 1, 0, 0, 1, 1, 0, 0, 1]
[[ 8  1  0  0  1  0]
 [ 0  8  0  0  1  1]
 [ 0  0 10  0  0  0]
 [ 0  2  2  5  1  0]
 [ 0  0  0  0 10  0]
 [ 0  0  0  0  0 10]]
0.85
n_feature=15, score=0.85
[1, 1, 1, 0, 0, 0, 1, 1, 1, 1, 1, 1, 0, 1, 0, 1, 1, 0, 0, 1, 1, 0, 0, 1]
[[ 8  1  0  0  1  0]
 [ 0  8  0  0  1  1]
 [ 0  0 10  0  0  0]
 [ 0  2  2  5  1  0]
 [ 0  0  0  0 10  0]
 [ 0  0  0  0  0 10]]
0.85
n_feature=13, score=0.8
[1, 1, 0, 1, 1, 1, 0, 1, 1, 0, 1, 1, 1, 0, 0, 1, 0, 1, 0, 1, 0, 0, 0, 0]
[[ 9  1  0  0  0  0]
 [ 0  8  0  0  2  0]
 [ 0  0 10  0  0  0]
 [ 1  4  0  5  0  0]
 [ 0  0  0  0 10  0]
 [ 0  2  0  0  2  6]]
0.8
n_feature=14, score=0.85
[0, 1, 1, 0, 0, 0, 1, 1, 1, 1, 1, 1, 0, 1, 0, 1, 1, 0, 0, 1, 1, 0, 0, 1]
[[ 8  1  0  0  1  0]
 [ 0  8  0  0  1  1]
 [ 0  0 10  0  0  0]
 [ 0  2  2  5  1  0]
 [ 0  0  0  0 10  0]
 [ 0  0  0  0  0 10]]
0.85
n_feature=13, score=0.7
[1, 1, 1, 1, 1, 1, 0, 1, 0, 0, 1, 1, 1, 0, 0, 1, 0, 1, 0, 1, 0, 0, 0, 0]
[[ 9  0  1  0  0  0]
 [ 0  1  7  0  2  0]
 [ 0  0 10  0  0  0]
 [ 0  4  0  6  0  0]
 [ 0  0  0  0 10  0]
 [ 0  3  0  0  1  6]]
0.7
n_feature=11, score=0.833
[1, 1, 0, 1, 0, 0, 0, 1, 1, 1, 1, 1, 0, 1, 0, 0, 1, 0, 0, 1, 0, 0, 0, 0]
[[ 7  1  0  0  2  0]
 [ 0  8  0  0  1  1]
 [ 0  0 10  0  0  0]
 [ 0  1  4  5  0  0]
 [ 0  0  0  0 10  0]
 [ 0  0  0  0  0 10]]
0.833
n_feature=13, score=0.833
[1, 1, 1, 0, 0, 1, 1, 1, 1, 1, 1, 1, 0, 1, 0, 0, 1, 0, 0, 1, 0, 0, 0, 0]
[[ 7  1  0  0  2  0]
 [ 0  8  0  0  1  1]
 [ 0  0 10  0  0  0]
 [ 0  2  2  5  1  0]
 [ 0  0  0  0 10  0]
 [ 0  0  0  0  0 10]]
0.833
n_feature=12, score=0.85
[1, 1, 1, 1, 0, 0, 0, 1, 1, 0, 1, 1, 0, 1, 0, 1, 1, 0, 0, 1, 0, 0, 0, 0]
[[ 8  1  0  0  1  0]
 [ 0  8  0  0  1  1]
 [ 0  0 10  0  0  0]
 [ 0  1  4  5  0  0]
 [ 0  0  0  0 10  0]
 [ 0  0  0  0  0 10]]
0.85
n_feature=15, score=0.833
[1, 1, 1, 1, 0, 1, 1, 1, 1, 1, 1, 1, 0, 1, 0, 1, 1, 0, 0, 1, 0, 0, 0, 0]
[[ 7  1  0  0  2  0]
 [ 0  8  0  0  1  1]
 [ 0  0 10  0  0  0]
 [ 0  1  4  5  0  0]
 [ 0  0  0  0 10  0]
 [ 0  0  0  0  0 10]]
0.833
n_feature=16, score=0.867
[1, 1, 1, 1, 1, 1, 1, 1, 1, 1, 1, 1, 0, 1, 0, 1, 1, 0, 0, 1, 0, 0, 0, 0]
[[ 9  1  0  0  0  0]
 [ 0  8  0  0  1  1]
 [ 0  0 10  0  0  0]
 [ 0  1  4  5  0  0]
 [ 0  0  0  0 10  0]
 [ 0  0  0  0  0 10]]
0.867
n_feature=14, score=0.833
[1, 1, 1, 0, 0, 1, 1, 1, 1, 1, 1, 1, 0, 1, 0, 1, 1, 0, 0, 1, 0, 0, 0, 0]
[[ 7  1  0  0  2  0]
 [ 0  8  0  0  1  1]
 [ 0  0 10  0  0  0]
 [ 0  2  2  5  1  0]
 [ 0  0  0  0 10  0]
 [ 0  0  0  0  0 10]]
0.833
n_feature=16, score=0.783
[1, 1, 1, 1, 0, 1, 1, 1, 1, 1, 1, 1, 0, 1, 1, 1, 1, 0, 0, 1, 0, 0, 0, 0]
[[ 9  1  0  0  0  0]
 [ 0  3  5  0  2  0]
 [ 0  0 10  0  0  0]
 [ 0  0  5  5  0  0]
 [ 0  0  0  0 10  0]
 [ 0  0  0  0  0 10]]
0.783
n_feature=15, score=0.85
[0, 1, 0, 1, 1, 1, 0, 1, 1, 1, 1, 1, 0, 1, 0, 1, 1, 0, 0, 1, 1, 0, 0, 1]
[[ 8  1  0  0  1  0]
 [ 0  8  0  0  1  1]
 [ 0  0 10  0  0  0]
 [ 0  1  4  5  0  0]
 [ 0  0  0  0 10  0]
 [ 0  0  0  0  0 10]]
0.85
n_feature=11, score=0.733
[0, 1, 1, 0, 0, 0, 1, 1, 1, 1, 1, 1, 0, 1, 0, 1, 0, 0, 0, 1, 0, 0, 0, 0]
[[ 9  1  0  0  0  0]
 [ 0  8  0  0  2  0]
 [ 0  0 10  0  0  0]
 [ 4  4  0  1  1  0]
 [ 0  0  0  0 10  0]
 [ 0  1  1  0  2  6]]
0.733
n_feature=16, score=0.85
[1, 1, 1, 1, 0, 0, 1, 1, 1, 1, 1, 1, 0, 1, 0, 1, 1, 0, 0, 1, 1, 0, 0, 1]
[[ 8  1  0  0  1  0]
 [ 0  8  0  0  1  1]
 [ 0  0 10  0  0  0]
 [ 0  0  5  5  0  0]
 [ 0  0  0  0 10  0]
 [ 0  0  0  0  0 10]]
0.85
n_feature=10, score=0.667
[0, 1, 1, 0, 0, 0, 0, 1, 1, 1, 0, 1, 0, 1, 0, 0, 1, 0, 0, 1, 1, 0, 0, 0]
[[ 7  0  2  0  0  1]
 [ 1  7  1  0  0  1]
 [ 0  0  9  0  1  0]
 [ 0  4  5  1  0  0]
 [ 0  0  4  0  6  0]
 [ 0  0  0  0  0 10]]
0.667
n_feature=15, score=0.85
[1, 1, 1, 0, 0, 1, 1, 1, 1, 0, 1, 1, 0, 1, 0, 1, 1, 0, 0, 1, 1, 0, 0, 1]
[[ 8  1  0  0  1  0]
 [ 0  8  0  0  1  1]
 [ 0  0 10  0  0  0]
 [ 0  2  2  5  1  0]
 [ 0  0  0  0 10  0]
 [ 0  0  0  0  0 10]]
0.85
n_feature=12, score=0.833
[0, 1, 1, 0, 0, 0, 1, 1, 1, 1, 1, 1, 0, 1, 0, 1, 1, 0, 0, 1, 0, 0, 0, 0]
[[ 7  1  0  0  2  0]
 [ 0  8  0  0  1  1]
 [ 0  0 10  0  0  0]
 [ 0  2  2  5  1  0]
 [ 0  0  0  0 10  0]
 [ 0  0  0  0  0 10]]
0.833
n_feature=13, score=0.833
[1, 1, 1, 0, 0, 1, 1, 1, 1, 0, 1, 1, 0, 1, 0, 1, 1, 0, 0, 1, 0, 0, 0, 0]
[[ 7  1  0  0  2  0]
 [ 0  8  0  0  1  1]
 [ 0  0 10  0  0  0]
 [ 0  2  2  5  1  0]
 [ 0  0  0  0 10  0]
 [ 0  0  0  0  0 10]]
0.833
n_feature=14, score=0.833
[1, 1, 1, 0, 0, 1, 1, 1, 1, 0, 1, 1, 0, 1, 0, 1, 1, 0, 0, 1, 0, 0, 0, 1]
[[ 7  1  0  0  2  0]
 [ 0  8  0  0  1  1]
 [ 0  0 10  0  0  0]
 [ 0  2  2  5  1  0]
 [ 0  0  0  0 10  0]
 [ 0  0  0  0  0 10]]
0.833
n_feature=13, score=0.75
[0, 1, 1, 0, 1, 0, 1, 1, 0, 1, 1, 1, 0, 1, 0, 1, 1, 0, 0, 1, 1, 0, 0, 0]
[[ 9  1  0  0  0  0]
 [ 0  1  7  1  0  1]
 [ 0  0 10  0  0  0]
 [ 0  0  4  6  0  0]
 [ 0  0  0  0 10  0]
 [ 0  1  0  0  0  9]]
0.75
n_feature=13, score=0.833
[1, 1, 1, 1, 0, 1, 0, 1, 1, 1, 1, 1, 0, 1, 0, 0, 1, 0, 0, 1, 0, 0, 0, 0]
[[ 7  1  0  0  2  0]
 [ 0  8  0  0  1  1]
 [ 0  0 10  0  0  0]
 [ 0  1  4  5  0  0]
 [ 0  0  0  0 10  0]
 [ 0  0  0  0  0 10]]
0.833
n_feature=11, score=0.833
[1, 1, 0, 1, 0, 0, 0, 1, 1, 0, 1, 1, 0, 1, 0, 1, 1, 0, 0, 1, 0, 0, 0, 0]
[[ 7  1  0  0  2  0]
 [ 0  8  0  0  1  1]
 [ 0  0 10  0  0  0]
 [ 0  1  4  5  0  0]
 [ 0  0  0  0 10  0]
 [ 0  0  0  0  0 10]]
0.833
n_feature=12, score=0.833
[1, 1, 1, 0, 0, 0, 1, 1, 1, 0, 1, 1, 0, 1, 0, 1, 1, 0, 0, 1, 0, 0, 0, 0]
[[ 7  1  0  0  2  0]
 [ 0  8  0  0  1  1]
 [ 0  0 10  0  0  0]
 [ 0  2  2  5  1  0]
 [ 0  0  0  0 10  0]
 [ 0  0  0  0  0 10]]
0.833
n_feature=16, score=0.85
[1, 1, 1, 0, 0, 1, 1, 1, 1, 1, 1, 1, 0, 1, 0, 1, 1, 0, 0, 1, 1, 0, 0, 1]
[[ 8  1  0  0  1  0]
 [ 0  8  0  0  1  1]
 [ 0  0 10  0  0  0]
 [ 0  2  2  5  1  0]
 [ 0  0  0  0 10  0]
 [ 0  0  0  0  0 10]]
0.85
n_feature=15, score=0.85
[0, 1, 1, 1, 0, 0, 1, 1, 1, 1, 1, 1, 0, 1, 0, 1, 1, 0, 0, 1, 1, 0, 0, 1]
[[ 8  1  0  0  1  0]
 [ 0  8  0  0  1  1]
 [ 0  0 10  0  0  0]
 [ 0  0  5  5  0  0]
 [ 0  0  0  0 10  0]
 [ 0  0  0  0  0 10]]
0.85
n_feature=16, score=0.85
[1, 1, 1, 1, 1, 1, 1, 1, 1, 1, 1, 0, 1, 1, 0, 1, 1, 0, 0, 1, 0, 0, 0, 0]
[[ 8  0  0  0  0  2]
 [ 0  7  0  0  1  2]
 [ 0  0 10  0  0  0]
 [ 0  0  4  6  0  0]
 [ 0  0  0  0 10  0]
 [ 0  0  0  0  0 10]]
0.85
n_feature=15, score=0.8
[1, 1, 1, 0, 0, 1, 1, 1, 1, 1, 1, 1, 0, 1, 0, 1, 1, 0, 0, 1, 0, 1, 0, 0]
[[ 5  1  0  2  1  1]
 [ 0  8  0  0  1  1]
 [ 0  0 10  0  0  0]
 [ 0  2  2  5  1  0]
 [ 0  0  0  0 10  0]
 [ 0  0  0  0  0 10]]
0.8
n_feature=14, score=0.85
[0, 1, 1, 0, 0, 0, 1, 1, 1, 1, 1, 1, 0, 1, 0, 1, 1, 0, 0, 1, 1, 0, 0, 1]
[[ 8  1  0  0  1  0]
 [ 0  8  0  0  1  1]
 [ 0  0 10  0  0  0]
 [ 0  2  2  5  1  0]
 [ 0  0  0  0 10  0]
 [ 0  0  0  0  0 10]]
0.85
n_feature=14, score=0.85
[0, 1, 1, 0, 0, 0, 1, 1, 1, 1, 1, 1, 0, 1, 0, 1, 1, 0, 0, 1, 1, 0, 0, 1]
[[ 8  1  0  0  1  0]
 [ 0  8  0  0  1  1]
 [ 0  0 10  0  0  0]
 [ 0  2  2  5  1  0]
 [ 0  0  0  0 10  0]
 [ 0  0  0  0  0 10]]
0.85
n_feature=16, score=0.867
[1, 1, 1, 1, 1, 1, 1, 1, 1, 1, 1, 1, 0, 1, 0, 1, 1, 0, 0, 1, 0, 0, 0, 0]
[[ 9  1  0  0  0  0]
 [ 0  8  0  0  1  1]
 [ 0  0 10  0  0  0]
 [ 0  1  4  5  0  0]
 [ 0  0  0  0 10  0]
 [ 0  0  0  0  0 10]]
0.867
n_feature=15, score=0.867
[1, 1, 1, 1, 1, 1, 1, 1, 1, 1, 1, 1, 0, 0, 0, 1, 1, 0, 0, 1, 0, 0, 0, 0]
[[ 9  1  0  0  0  0]
 [ 0  8  0  0  1  1]
 [ 0  0 10  0  0  0]
 [ 0  1  4  5  0  0]
 [ 0  0  0  0 10  0]
 [ 0  0  0  0  0 10]]
0.867
n_feature=18, score=0.867
[1, 1, 1, 1, 1, 1, 1, 1, 1, 1, 1, 1, 0, 1, 0, 1, 1, 0, 0, 1, 1, 0, 0, 1]
[[ 9  1  0  0  0  0]
 [ 0  8  0  0  1  1]
 [ 0  0 10  0  0  0]
 [ 0  1  4  5  0  0]
 [ 0  0  0  0 10  0]
 [ 0  0  0  0  0 10]]
0.867
n_feature=12, score=0.833
[0, 1, 1, 0, 0, 0, 1, 1, 1, 1, 1, 1, 0, 1, 0, 1, 1, 0, 0, 1, 0, 0, 0, 0]
[[ 7  1  0  0  2  0]
 [ 0  8  0  0  1  1]
 [ 0  0 10  0  0  0]
 [ 0  2  2  5  1  0]
 [ 0  0  0  0 10  0]
 [ 0  0  0  0  0 10]]
0.833
n_feature=15, score=0.85
[0, 1, 1, 1, 0, 1, 1, 1, 1, 1, 1, 1, 0, 0, 0, 1, 1, 0, 0, 1, 1, 0, 0, 1]
[[ 8  1  0  0  1  0]
 [ 0  8  0  0  1  1]
 [ 0  0 10  0  0  0]
 [ 0  0  5  5  0  0]
 [ 0  0  0  0 10  0]
 [ 0  0  0  0  0 10]]
0.85
n_feature=13, score=0.833
[1, 1, 1, 1, 0, 0, 0, 1, 1, 0, 1, 1, 0, 1, 0, 1, 1, 0, 0, 1, 0, 0, 0, 1]
[[ 7  1  0  0  2  0]
 [ 0  8  0  0  1  1]
 [ 0  0 10  0  0  0]
 [ 0  1  4  5  0  0]
 [ 0  0  0  0 10  0]
 [ 0  0  0  0  0 10]]
0.833
n_feature=14, score=0.85
[0, 1, 0, 1, 1, 1, 0, 1, 1, 1, 1, 1, 0, 1, 0, 1, 1, 0, 0, 1, 1, 0, 0, 0]
[[ 8  1  0  0  1  0]
 [ 0  8  0  0  1  1]
 [ 0  0 10  0  0  0]
 [ 0  1  4  5  0  0]
 [ 0  0  0  0 10  0]
 [ 0  0  0  0  0 10]]
0.85
n_feature=13, score=0.833
[1, 1, 1, 0, 0, 0, 1, 1, 1, 1, 1, 1, 0, 1, 0, 1, 1, 0, 0, 1, 0, 0, 0, 0]
[[ 7  1  0  0  2  0]
 [ 0  8  0  0  1  1]
 [ 0  0 10  0  0  0]
 [ 0  2  2  5  1  0]
 [ 0  0  0  0 10  0]
 [ 0  0  0  0  0 10]]
0.833
n_feature=14, score=0.85
[0, 1, 1, 0, 0, 0, 1, 1, 1, 1, 1, 1, 0, 1, 0, 1, 1, 0, 0, 1, 1, 0, 0, 1]
[[ 8  1  0  0  1  0]
 [ 0  8  0  0  1  1]
 [ 0  0 10  0  0  0]
 [ 0  2  2  5  1  0]
 [ 0  0  0  0 10  0]
 [ 0  0  0  0  0 10]]
0.85
n_feature=13, score=0.8
[1, 1, 1, 1, 0, 0, 0, 1, 1, 0, 1, 1, 0, 1, 0, 1, 1, 0, 0, 1, 0, 1, 0, 0]
[[ 5  3  0  0  1  1]
 [ 0  8  0  0  1  1]
 [ 0  0 10  0  0  0]
 [ 0  1  4  5  0  0]
 [ 0  0  0  0 10  0]
 [ 0  0  0  0  0 10]]
0.8
n_feature=16, score=0.867
[1, 1, 1, 1, 1, 1, 1, 1, 1, 1, 1, 1, 0, 1, 0, 1, 1, 0, 0, 1, 0, 0, 0, 0]
[[ 9  1  0  0  0  0]
 [ 0  8  0  0  1  1]
 [ 0  0 10  0  0  0]
 [ 0  1  4  5  0  0]
 [ 0  0  0  0 10  0]
 [ 0  0  0  0  0 10]]
0.867
n_feature=15, score=0.85
[0, 1, 0, 1, 1, 0, 1, 1, 1, 1, 1, 1, 0, 1, 0, 1, 1, 0, 0, 1, 1, 0, 0, 1]
[[ 8  1  0  0  1  0]
 [ 0  8  0  0  1  1]
 [ 0  0 10  0  0  0]
 [ 0  1  4  5  0  0]
 [ 0  0  0  0 10  0]
 [ 0  0  0  0  0 10]]
0.85
n_feature=14, score=0.85
[0, 1, 1, 0, 0, 1, 0, 1, 1, 1, 1, 1, 0, 1, 0, 1, 1, 0, 0, 1, 1, 0, 0, 1]
[[ 8  1  0  0  1  0]
 [ 0  8  0  0  1  1]
 [ 0  0 10  0  0  0]
 [ 0  2  2  5  1  0]
 [ 0  0  0  0 10  0]
 [ 0  0  0  0  0 10]]
0.85
n_feature=14, score=0.867
[0, 1, 1, 0, 1, 1, 1, 1, 1, 1, 1, 1, 0, 1, 0, 1, 1, 0, 0, 1, 0, 0, 0, 0]
[[ 9  1  0  0  0  0]
 [ 0  8  0  0  1  1]
 [ 0  0 10  0  0  0]
 [ 0  2  2  5  1  0]
 [ 0  0  0  0 10  0]
 [ 0  0  0  0  0 10]]
0.867
n_feature=16, score=0.85
[1, 1, 1, 1, 0, 0, 1, 1, 1, 1, 1, 1, 0, 1, 0, 1, 1, 0, 0, 1, 1, 0, 0, 1]
[[ 8  1  0  0  1  0]
 [ 0  8  0  0  1  1]
 [ 0  0 10  0  0  0]
 [ 0  0  5  5  0  0]
 [ 0  0  0  0 10  0]
 [ 0  0  0  0  0 10]]
0.85
n_feature=14, score=0.867
[0, 1, 1, 0, 1, 1, 1, 1, 1, 1, 1, 1, 0, 1, 0, 1, 1, 0, 0, 1, 0, 0, 0, 0]
[[ 9  1  0  0  0  0]
 [ 0  8  0  0  1  1]
 [ 0  0 10  0  0  0]
 [ 0  2  2  5  1  0]
 [ 0  0  0  0 10  0]
 [ 0  0  0  0  0 10]]
0.867
n_feature=16, score=0.867
[1, 1, 1, 1, 1, 1, 1, 1, 1, 1, 1, 1, 0, 1, 0, 1, 1, 0, 0, 1, 0, 0, 0, 0]
[[ 9  1  0  0  0  0]
 [ 0  8  0  0  1  1]
 [ 0  0 10  0  0  0]
 [ 0  1  4  5  0  0]
 [ 0  0  0  0 10  0]
 [ 0  0  0  0  0 10]]
0.867
n_feature=15, score=0.867
[1, 1, 1, 1, 1, 1, 1, 1, 1, 1, 1, 1, 0, 0, 0, 1, 1, 0, 0, 1, 0, 0, 0, 0]
[[ 9  1  0  0  0  0]
 [ 0  8  0  0  1  1]
 [ 0  0 10  0  0  0]
 [ 0  1  4  5  0  0]
 [ 0  0  0  0 10  0]
 [ 0  0  0  0  0 10]]
0.867
n_feature=15, score=0.867
[1, 1, 1, 1, 1, 1, 1, 1, 1, 1, 1, 1, 0, 1, 0, 0, 1, 0, 0, 1, 0, 0, 0, 0]
[[ 9  1  0  0  0  0]
 [ 0  8  0  0  1  1]
 [ 0  0 10  0  0  0]
 [ 0  1  4  5  0  0]
 [ 0  0  0  0 10  0]
 [ 0  0  0  0  0 10]]
0.867
n_feature=16, score=0.867
[1, 1, 1, 1, 1, 1, 1, 1, 1, 1, 1, 1, 0, 1, 0, 1, 1, 0, 0, 1, 0, 0, 0, 0]
[[ 9  1  0  0  0  0]
 [ 0  8  0  0  1  1]
 [ 0  0 10  0  0  0]
 [ 0  1  4  5  0  0]
 [ 0  0  0  0 10  0]
 [ 0  0  0  0  0 10]]
0.867
n_feature=12, score=0.833
[0, 1, 1, 0, 1, 0, 1, 0, 1, 1, 1, 1, 0, 1, 0, 1, 1, 0, 0, 1, 0, 0, 0, 0]
[[ 7  1  0  0  2  0]
 [ 0  8  0  0  2  0]
 [ 0  0 10  0  0  0]
 [ 0  0  4  5  1  0]
 [ 0  0  0  0 10  0]
 [ 0  0  0  0  0 10]]
0.833
n_feature=17, score=0.867
[1, 1, 1, 1, 1, 1, 1, 1, 1, 1, 1, 1, 0, 0, 0, 1, 1, 0, 0, 1, 1, 0, 0, 1]
[[ 9  1  0  0  0  0]
 [ 0  8  0  0  1  1]
 [ 0  0 10  0  0  0]
 [ 0  1  4  5  0  0]
 [ 0  0  0  0 10  0]
 [ 0  0  0  0  0 10]]
0.867
n_feature=15, score=0.75
[0, 1, 1, 0, 1, 1, 1, 1, 1, 1, 1, 1, 0, 1, 0, 1, 1, 0, 0, 1, 0, 0, 1, 0]
[[ 9  0  0  0  0  1]
 [ 0  3  3  2  1  1]
 [ 0  2  8  0  0  0]
 [ 0  2  1  5  2  0]
 [ 0  0  0  0 10  0]
 [ 0  0  0  0  0 10]]
0.75
n_feature=15, score=0.867
[1, 1, 1, 1, 1, 1, 1, 1, 1, 1, 1, 1, 0, 0, 0, 1, 1, 0, 0, 1, 0, 0, 0, 0]
[[ 9  1  0  0  0  0]
 [ 0  8  0  0  1  1]
 [ 0  0 10  0  0  0]
 [ 0  1  4  5  0  0]
 [ 0  0  0  0 10  0]
 [ 0  0  0  0  0 10]]
0.867
n_feature=15, score=0.867
[1, 1, 1, 1, 1, 1, 1, 1, 1, 1, 1, 1, 0, 0, 0, 1, 1, 0, 0, 1, 0, 0, 0, 0]
[[ 9  1  0  0  0  0]
 [ 0  8  0  0  1  1]
 [ 0  0 10  0  0  0]
 [ 0  1  4  5  0  0]
 [ 0  0  0  0 10  0]
 [ 0  0  0  0  0 10]]
0.867
n_feature=14, score=0.85
[0, 1, 1, 0, 0, 0, 1, 1, 1, 1, 1, 1, 0, 1, 0, 1, 1, 0, 0, 1, 1, 0, 0, 1]
[[ 8  1  0  0  1  0]
 [ 0  8  0  0  1  1]
 [ 0  0 10  0  0  0]
 [ 0  2  2  5  1  0]
 [ 0  0  0  0 10  0]
 [ 0  0  0  0  0 10]]
0.85
n_feature=17, score=0.85
[1, 1, 1, 1, 0, 1, 1, 1, 1, 1, 1, 1, 0, 1, 0, 1, 1, 0, 0, 1, 1, 0, 0, 1]
[[ 8  1  0  0  1  0]
 [ 0  8  0  0  1  1]
 [ 0  0 10  0  0  0]
 [ 0  0  5  5  0  0]
 [ 0  0  0  0 10  0]
 [ 0  0  0  0  0 10]]
0.85
n_feature=15, score=0.867
[1, 1, 1, 0, 1, 1, 1, 1, 1, 1, 1, 1, 0, 1, 0, 1, 1, 0, 0, 1, 0, 0, 0, 0]
[[ 9  1  0  0  0  0]
 [ 0  8  0  0  1  1]
 [ 0  0 10  0  0  0]
 [ 0  2  2  5  1  0]
 [ 0  0  0  0 10  0]
 [ 0  0  0  0  0 10]]
0.867
n_feature=13, score=0.833
[1, 1, 1, 1, 0, 0, 1, 1, 1, 0, 1, 1, 0, 1, 0, 1, 1, 0, 0, 1, 0, 0, 0, 0]
[[ 7  1  0  0  2  0]
 [ 0  8  0  0  1  1]
 [ 0  0 10  0  0  0]
 [ 0  1  4  5  0  0]
 [ 0  0  0  0 10  0]
 [ 0  0  0  0  0 10]]
0.833
n_feature=17, score=0.867
[0, 1, 1, 1, 1, 1, 1, 1, 1, 1, 1, 1, 0, 1, 0, 1, 1, 0, 0, 1, 1, 0, 0, 1]
[[ 9  1  0  0  0  0]
 [ 0  8  0  0  1  1]
 [ 0  0 10  0  0  0]
 [ 0  1  4  5  0  0]
 [ 0  0  0  0 10  0]
 [ 0  0  0  0  0 10]]
0.867
n_feature=15, score=0.85
[1, 1, 1, 0, 0, 0, 1, 1, 1, 1, 1, 1, 0, 1, 0, 1, 1, 0, 0, 1, 1, 0, 0, 1]
[[ 8  1  0  0  1  0]
 [ 0  8  0  0  1  1]
 [ 0  0 10  0  0  0]
 [ 0  2  2  5  1  0]
 [ 0  0  0  0 10  0]
 [ 0  0  0  0  0 10]]
0.85
n_feature=14, score=0.833
[1, 1, 1, 1, 0, 1, 1, 1, 1, 1, 1, 1, 0, 0, 0, 1, 1, 0, 0, 1, 0, 0, 0, 0]
[[ 7  1  0  0  2  0]
 [ 0  8  0  0  1  1]
 [ 0  0 10  0  0  0]
 [ 0  1  4  5  0  0]
 [ 0  0  0  0 10  0]
 [ 0  0  0  0  0 10]]
0.833
n_feature=16, score=0.867
[1, 1, 1, 1, 1, 1, 1, 1, 1, 1, 1, 1, 0, 1, 0, 1, 1, 0, 0, 1, 0, 0, 0, 0]
[[ 9  1  0  0  0  0]
 [ 0  8  0  0  1  1]
 [ 0  0 10  0  0  0]
 [ 0  1  4  5  0  0]
 [ 0  0  0  0 10  0]
 [ 0  0  0  0  0 10]]
0.867
n_feature=15, score=0.867
[1, 1, 1, 1, 1, 1, 1, 1, 1, 1, 1, 1, 0, 1, 0, 0, 1, 0, 0, 1, 0, 0, 0, 0]
[[ 9  1  0  0  0  0]
 [ 0  8  0  0  1  1]
 [ 0  0 10  0  0  0]
 [ 0  1  4  5  0  0]
 [ 0  0  0  0 10  0]
 [ 0  0  0  0  0 10]]
0.867
n_feature=15, score=0.867
[1, 1, 1, 1, 1, 1, 1, 1, 1, 1, 1, 1, 0, 0, 0, 1, 1, 0, 0, 1, 0, 0, 0, 0]
[[ 9  1  0  0  0  0]
 [ 0  8  0  0  1  1]
 [ 0  0 10  0  0  0]
 [ 0  1  4  5  0  0]
 [ 0  0  0  0 10  0]
 [ 0  0  0  0  0 10]]
0.867
n_feature=16, score=0.867
[1, 1, 1, 1, 1, 1, 1, 1, 1, 1, 1, 1, 0, 1, 0, 1, 1, 0, 0, 1, 0, 0, 0, 0]
[[ 9  1  0  0  0  0]
 [ 0  8  0  0  1  1]
 [ 0  0 10  0  0  0]
 [ 0  1  4  5  0  0]
 [ 0  0  0  0 10  0]
 [ 0  0  0  0  0 10]]
0.867
n_feature=15, score=0.867
[1, 1, 1, 1, 1, 1, 1, 1, 1, 1, 1, 1, 0, 0, 0, 1, 1, 0, 0, 1, 0, 0, 0, 0]
[[ 9  1  0  0  0  0]
 [ 0  8  0  0  1  1]
 [ 0  0 10  0  0  0]
 [ 0  1  4  5  0  0]
 [ 0  0  0  0 10  0]
 [ 0  0  0  0  0 10]]
0.867
n_feature=15, score=0.867
[1, 1, 1, 1, 1, 1, 1, 1, 1, 1, 1, 1, 0, 0, 0, 1, 1, 0, 0, 1, 0, 0, 0, 0]
[[ 9  1  0  0  0  0]
 [ 0  8  0  0  1  1]
 [ 0  0 10  0  0  0]
 [ 0  1  4  5  0  0]
 [ 0  0  0  0 10  0]
 [ 0  0  0  0  0 10]]
0.867
n_feature=15, score=0.867
[1, 1, 1, 1, 1, 1, 1, 1, 1, 1, 1, 1, 0, 0, 0, 1, 1, 0, 0, 1, 0, 0, 0, 0]
[[ 9  1  0  0  0  0]
 [ 0  8  0  0  1  1]
 [ 0  0 10  0  0  0]
 [ 0  1  4  5  0  0]
 [ 0  0  0  0 10  0]
 [ 0  0  0  0  0 10]]
0.867
n_feature=15, score=0.867
[1, 1, 1, 1, 1, 1, 1, 1, 1, 1, 1, 1, 0, 0, 0, 1, 1, 0, 0, 1, 0, 0, 0, 0]
[[ 9  1  0  0  0  0]
 [ 0  8  0  0  1  1]
 [ 0  0 10  0  0  0]
 [ 0  1  4  5  0  0]
 [ 0  0  0  0 10  0]
 [ 0  0  0  0  0 10]]
0.867
n_feature=16, score=0.867
[1, 1, 1, 1, 1, 1, 1, 1, 1, 1, 1, 1, 0, 1, 0, 0, 1, 1, 0, 1, 0, 0, 0, 0]
[[ 9  1  0  0  0  0]
 [ 0  8  0  0  1  1]
 [ 0  0 10  0  0  0]
 [ 0  1  4  5  0  0]
 [ 0  0  0  0 10  0]
 [ 0  0  0  0  0 10]]
0.867
n_feature=15, score=0.867
[1, 1, 1, 1, 1, 1, 1, 1, 1, 1, 1, 1, 0, 0, 0, 1, 1, 0, 0, 1, 0, 0, 0, 0]
[[ 9  1  0  0  0  0]
 [ 0  8  0  0  1  1]
 [ 0  0 10  0  0  0]
 [ 0  1  4  5  0  0]
 [ 0  0  0  0 10  0]
 [ 0  0  0  0  0 10]]
0.867
n_feature=16, score=0.867
[1, 1, 1, 1, 1, 1, 1, 1, 1, 1, 1, 1, 0, 1, 0, 1, 1, 0, 0, 1, 0, 0, 0, 0]
[[ 9  1  0  0  0  0]
 [ 0  8  0  0  1  1]
 [ 0  0 10  0  0  0]
 [ 0  1  4  5  0  0]
 [ 0  0  0  0 10  0]
 [ 0  0  0  0  0 10]]
0.867
n_feature=15, score=0.833
[1, 1, 0, 1, 1, 1, 1, 1, 1, 1, 1, 1, 0, 0, 0, 1, 1, 0, 0, 1, 0, 0, 0, 1]
[[ 7  1  0  0  2  0]
 [ 0  8  0  0  1  1]
 [ 0  0 10  0  0  0]
 [ 0  1  4  5  0  0]
 [ 0  0  0  0 10  0]
 [ 0  0  0  0  0 10]]
0.833
n_feature=14, score=0.867
[0, 1, 1, 0, 1, 1, 1, 1, 1, 1, 1, 1, 0, 1, 0, 1, 1, 0, 0, 1, 0, 0, 0, 0]
[[ 9  1  0  0  0  0]
 [ 0  8  0  0  1  1]
 [ 0  0 10  0  0  0]
 [ 0  2  2  5  1  0]
 [ 0  0  0  0 10  0]
 [ 0  0  0  0  0 10]]
0.867
n_feature=14, score=0.867
[0, 1, 1, 0, 1, 1, 1, 1, 1, 1, 1, 1, 0, 1, 0, 1, 1, 0, 0, 1, 0, 0, 0, 0]
[[ 9  1  0  0  0  0]
 [ 0  8  0  0  1  1]
 [ 0  0 10  0  0  0]
 [ 0  2  2  5  1  0]
 [ 0  0  0  0 10  0]
 [ 0  0  0  0  0 10]]
0.867
n_feature=14, score=0.867
[0, 1, 1, 0, 1, 1, 1, 1, 1, 1, 1, 1, 0, 1, 0, 1, 1, 0, 0, 1, 0, 0, 0, 0]
[[ 9  1  0  0  0  0]
 [ 0  8  0  0  1  1]
 [ 0  0 10  0  0  0]
 [ 0  2  2  5  1  0]
 [ 0  0  0  0 10  0]
 [ 0  0  0  0  0 10]]
0.867
n_feature=15, score=0.867
[1, 1, 1, 1, 1, 1, 1, 1, 1, 1, 1, 1, 0, 0, 0, 1, 1, 0, 0, 1, 0, 0, 0, 0]
[[ 9  1  0  0  0  0]
 [ 0  8  0  0  1  1]
 [ 0  0 10  0  0  0]
 [ 0  1  4  5  0  0]
 [ 0  0  0  0 10  0]
 [ 0  0  0  0  0 10]]
0.867
n_feature=15, score=0.867
[1, 1, 1, 0, 1, 1, 1, 1, 1, 1, 1, 1, 0, 1, 0, 1, 1, 0, 0, 1, 0, 0, 0, 0]
[[ 9  1  0  0  0  0]
 [ 0  8  0  0  1  1]
 [ 0  0 10  0  0  0]
 [ 0  2  2  5  1  0]
 [ 0  0  0  0 10  0]
 [ 0  0  0  0  0 10]]
0.867
n_feature=14, score=0.867
[0, 1, 1, 1, 1, 1, 1, 1, 1, 1, 1, 1, 0, 1, 0, 0, 1, 0, 0, 1, 0, 0, 0, 0]
[[ 9  1  0  0  0  0]
 [ 0  8  0  0  1  1]
 [ 0  0 10  0  0  0]
 [ 0  1  4  5  0  0]
 [ 0  0  0  0 10  0]
 [ 0  0  0  0  0 10]]
0.867
n_feature=15, score=0.867
[1, 1, 1, 1, 1, 1, 1, 1, 1, 1, 1, 1, 0, 0, 0, 1, 1, 0, 0, 1, 0, 0, 0, 0]
[[ 9  1  0  0  0  0]
 [ 0  8  0  0  1  1]
 [ 0  0 10  0  0  0]
 [ 0  1  4  5  0  0]
 [ 0  0  0  0 10  0]
 [ 0  0  0  0  0 10]]
0.867
n_feature=14, score=0.867
[0, 1, 1, 0, 1, 1, 1, 1, 1, 1, 1, 1, 0, 1, 0, 1, 1, 0, 0, 1, 0, 0, 0, 0]
[[ 9  1  0  0  0  0]
 [ 0  8  0  0  1  1]
 [ 0  0 10  0  0  0]
 [ 0  2  2  5  1  0]
 [ 0  0  0  0 10  0]
 [ 0  0  0  0  0 10]]
0.867
n_feature=15, score=0.85
[0, 1, 1, 0, 1, 1, 1, 1, 1, 1, 1, 1, 0, 1, 1, 1, 1, 0, 0, 1, 0, 0, 0, 0]
[[ 9  0  0  0  0  1]
 [ 0  8  0  0  2  0]
 [ 0  0 10  0  0  0]
 [ 0  2  3  5  0  0]
 [ 0  0  0  0 10  0]
 [ 0  1  0  0  0  9]]
0.85
n_feature=15, score=0.867
[1, 1, 1, 1, 1, 1, 1, 1, 1, 1, 1, 1, 0, 0, 0, 1, 1, 0, 0, 1, 0, 0, 0, 0]
[[ 9  1  0  0  0  0]
 [ 0  8  0  0  1  1]
 [ 0  0 10  0  0  0]
 [ 0  1  4  5  0  0]
 [ 0  0  0  0 10  0]
 [ 0  0  0  0  0 10]]
0.867
n_feature=14, score=0.867
[0, 1, 1, 0, 1, 1, 1, 1, 1, 1, 1, 1, 0, 1, 0, 1, 1, 0, 0, 1, 0, 0, 0, 0]
[[ 9  1  0  0  0  0]
 [ 0  8  0  0  1  1]
 [ 0  0 10  0  0  0]
 [ 0  2  2  5  1  0]
 [ 0  0  0  0 10  0]
 [ 0  0  0  0  0 10]]
0.867
n_feature=14, score=0.867
[0, 1, 1, 0, 1, 1, 1, 1, 1, 1, 1, 1, 0, 1, 0, 1, 1, 0, 0, 1, 0, 0, 0, 0]
[[ 9  1  0  0  0  0]
 [ 0  8  0  0  1  1]
 [ 0  0 10  0  0  0]
 [ 0  2  2  5  1  0]
 [ 0  0  0  0 10  0]
 [ 0  0  0  0  0 10]]
0.867
n_feature=14, score=0.867
[0, 1, 1, 0, 1, 1, 1, 1, 1, 1, 1, 1, 0, 1, 0, 1, 1, 0, 0, 1, 0, 0, 0, 0]
[[ 9  1  0  0  0  0]
 [ 0  8  0  0  1  1]
 [ 0  0 10  0  0  0]
 [ 0  2  2  5  1  0]
 [ 0  0  0  0 10  0]
 [ 0  0  0  0  0 10]]
0.867
n_feature=14, score=0.867
[0, 1, 1, 0, 1, 1, 1, 1, 1, 1, 1, 1, 0, 1, 0, 1, 1, 0, 0, 1, 0, 0, 0, 0]
[[ 9  1  0  0  0  0]
 [ 0  8  0  0  1  1]
 [ 0  0 10  0  0  0]
 [ 0  2  2  5  1  0]
 [ 0  0  0  0 10  0]
 [ 0  0  0  0  0 10]]
0.867
n_feature=14, score=0.867
[0, 1, 1, 0, 1, 1, 1, 1, 1, 1, 1, 1, 0, 1, 0, 1, 1, 0, 0, 1, 0, 0, 0, 0]
[[ 9  1  0  0  0  0]
 [ 0  8  0  0  1  1]
 [ 0  0 10  0  0  0]
 [ 0  2  2  5  1  0]
 [ 0  0  0  0 10  0]
 [ 0  0  0  0  0 10]]
0.867
n_feature=14, score=0.867
[0, 1, 1, 0, 1, 1, 1, 1, 1, 1, 1, 1, 0, 1, 0, 1, 1, 0, 0, 1, 0, 0, 0, 0]
[[ 9  1  0  0  0  0]
 [ 0  8  0  0  1  1]
 [ 0  0 10  0  0  0]
 [ 0  2  2  5  1  0]
 [ 0  0  0  0 10  0]
 [ 0  0  0  0  0 10]]
0.867
n_feature=14, score=0.867
[0, 1, 1, 0, 1, 1, 1, 1, 1, 1, 1, 1, 0, 1, 0, 1, 1, 0, 0, 1, 0, 0, 0, 0]
[[ 9  1  0  0  0  0]
 [ 0  8  0  0  1  1]
 [ 0  0 10  0  0  0]
 [ 0  2  2  5  1  0]
 [ 0  0  0  0 10  0]
 [ 0  0  0  0  0 10]]
0.867
n_feature=14, score=0.867
[0, 1, 1, 0, 1, 1, 1, 1, 1, 1, 1, 1, 0, 1, 0, 1, 1, 0, 0, 1, 0, 0, 0, 0]
[[ 9  1  0  0  0  0]
 [ 0  8  0  0  1  1]
 [ 0  0 10  0  0  0]
 [ 0  2  2  5  1  0]
 [ 0  0  0  0 10  0]
 [ 0  0  0  0  0 10]]
0.867
n_feature=14, score=0.867
[0, 1, 1, 0, 1, 1, 1, 1, 1, 1, 1, 1, 0, 1, 0, 1, 1, 0, 0, 1, 0, 0, 0, 0]
[[ 9  1  0  0  0  0]
 [ 0  8  0  0  1  1]
 [ 0  0 10  0  0  0]
 [ 0  2  2  5  1  0]
 [ 0  0  0  0 10  0]
 [ 0  0  0  0  0 10]]
0.867
n_feature=17, score=0.867
[0, 1, 1, 1, 1, 1, 1, 1, 1, 1, 1, 1, 0, 1, 0, 1, 1, 0, 1, 1, 1, 0, 0, 0]
[[ 9  1  0  0  0  0]
 [ 0  8  0  0  1  1]
 [ 0  0 10  0  0  0]
 [ 0  1  4  5  0  0]
 [ 0  0  0  0 10  0]
 [ 0  0  0  0  0 10]]
0.867
n_feature=17, score=0.867
[1, 1, 1, 1, 1, 1, 1, 1, 1, 1, 1, 1, 0, 0, 0, 1, 1, 1, 0, 1, 0, 0, 0, 1]
[[ 9  1  0  0  0  0]
 [ 0  8  0  0  1  1]
 [ 0  0 10  0  0  0]
 [ 0  1  4  5  0  0]
 [ 0  0  0  0 10  0]
 [ 0  0  0  0  0 10]]
0.867
n_feature=17, score=0.867
[0, 1, 1, 0, 1, 1, 1, 1, 1, 1, 1, 1, 1, 1, 0, 1, 1, 1, 1, 1, 0, 0, 0, 0]
[[ 9  1  0  0  0  0]
 [ 0  8  0  0  1  1]
 [ 0  0 10  0  0  0]
 [ 0  2  2  5  1  0]
 [ 0  0  0  0 10  0]
 [ 0  0  0  0  0 10]]
0.867
n_feature=14, score=0.867
[0, 1, 1, 0, 1, 1, 1, 1, 1, 1, 1, 1, 0, 1, 0, 1, 1, 0, 0, 1, 0, 0, 0, 0]
[[ 9  1  0  0  0  0]
 [ 0  8  0  0  1  1]
 [ 0  0 10  0  0  0]
 [ 0  2  2  5  1  0]
 [ 0  0  0  0 10  0]
 [ 0  0  0  0  0 10]]
0.867
n_feature=14, score=0.867
[0, 1, 1, 0, 1, 1, 1, 1, 1, 1, 1, 1, 0, 1, 0, 1, 1, 0, 0, 1, 0, 0, 0, 0]
[[ 9  1  0  0  0  0]
 [ 0  8  0  0  1  1]
 [ 0  0 10  0  0  0]
 [ 0  2  2  5  1  0]
 [ 0  0  0  0 10  0]
 [ 0  0  0  0  0 10]]
0.867
n_feature=14, score=0.867
[0, 1, 1, 0, 1, 1, 1, 1, 1, 1, 1, 1, 0, 0, 0, 1, 1, 0, 1, 1, 0, 0, 0, 0]
[[ 9  1  0  0  0  0]
 [ 0  8  0  0  1  1]
 [ 0  0 10  0  0  0]
 [ 0  2  2  5  1  0]
 [ 0  0  0  0 10  0]
 [ 0  0  0  0  0 10]]
0.867
n_feature=14, score=0.867
[0, 1, 1, 0, 1, 1, 1, 1, 1, 1, 1, 1, 0, 1, 0, 1, 1, 0, 0, 1, 0, 0, 0, 0]
[[ 9  1  0  0  0  0]
 [ 0  8  0  0  1  1]
 [ 0  0 10  0  0  0]
 [ 0  2  2  5  1  0]
 [ 0  0  0  0 10  0]
 [ 0  0  0  0  0 10]]
0.867
n_feature=14, score=0.867
[0, 1, 1, 0, 1, 1, 1, 1, 1, 1, 1, 1, 0, 1, 0, 1, 1, 0, 0, 1, 0, 0, 0, 0]
[[ 9  1  0  0  0  0]
 [ 0  8  0  0  1  1]
 [ 0  0 10  0  0  0]
 [ 0  2  2  5  1  0]
 [ 0  0  0  0 10  0]
 [ 0  0  0  0  0 10]]
0.867
n_feature=14, score=0.867
[0, 1, 1, 0, 1, 1, 1, 1, 1, 1, 1, 1, 0, 1, 0, 1, 1, 0, 0, 1, 0, 0, 0, 0]
[[ 9  1  0  0  0  0]
 [ 0  8  0  0  1  1]
 [ 0  0 10  0  0  0]
 [ 0  2  2  5  1  0]
 [ 0  0  0  0 10  0]
 [ 0  0  0  0  0 10]]
0.867
n_feature=14, score=0.867
[0, 1, 1, 0, 1, 1, 1, 1, 1, 1, 1, 1, 0, 1, 0, 1, 1, 0, 0, 1, 0, 0, 0, 0]
[[ 9  1  0  0  0  0]
 [ 0  8  0  0  1  1]
 [ 0  0 10  0  0  0]
 [ 0  2  2  5  1  0]
 [ 0  0  0  0 10  0]
 [ 0  0  0  0  0 10]]
0.867
n_feature=14, score=0.867
[0, 1, 1, 0, 1, 1, 1, 1, 1, 1, 1, 1, 0, 1, 0, 1, 1, 0, 0, 1, 0, 0, 0, 0]
[[ 9  1  0  0  0  0]
 [ 0  8  0  0  1  1]
 [ 0  0 10  0  0  0]
 [ 0  2  2  5  1  0]
 [ 0  0  0  0 10  0]
 [ 0  0  0  0  0 10]]
0.867
n_feature=14, score=0.867
[0, 1, 1, 0, 1, 1, 1, 1, 1, 1, 1, 1, 0, 1, 0, 1, 1, 0, 0, 1, 0, 0, 0, 0]
[[ 9  1  0  0  0  0]
 [ 0  8  0  0  1  1]
 [ 0  0 10  0  0  0]
 [ 0  2  2  5  1  0]
 [ 0  0  0  0 10  0]
 [ 0  0  0  0  0 10]]
0.867
n_feature=14, score=0.867
[0, 1, 1, 0, 1, 1, 1, 1, 1, 1, 1, 1, 0, 1, 0, 1, 1, 0, 0, 1, 0, 0, 0, 0]
[[ 9  1  0  0  0  0]
 [ 0  8  0  0  1  1]
 [ 0  0 10  0  0  0]
 [ 0  2  2  5  1  0]
 [ 0  0  0  0 10  0]
 [ 0  0  0  0  0 10]]
0.867
n_feature=14, score=0.867
[0, 1, 1, 0, 1, 1, 1, 1, 1, 1, 1, 1, 0, 1, 0, 1, 1, 0, 0, 1, 0, 0, 0, 0]
[[ 9  1  0  0  0  0]
 [ 0  8  0  0  1  1]
 [ 0  0 10  0  0  0]
 [ 0  2  2  5  1  0]
 [ 0  0  0  0 10  0]
 [ 0  0  0  0  0 10]]
0.867
n_feature=15, score=0.867
[0, 1, 1, 0, 1, 1, 1, 1, 1, 1, 1, 1, 0, 1, 0, 1, 1, 0, 0, 1, 0, 0, 0, 1]
[[ 9  1  0  0  0  0]
 [ 0  8  0  0  1  1]
 [ 0  0 10  0  0  0]
 [ 0  2  2  5  1  0]
 [ 0  0  0  0 10  0]
 [ 0  0  0  0  0 10]]
0.867
n_feature=14, score=0.867
[0, 1, 1, 0, 1, 1, 1, 1, 1, 1, 1, 1, 0, 1, 0, 1, 1, 0, 0, 1, 0, 0, 0, 0]
[[ 9  1  0  0  0  0]
 [ 0  8  0  0  1  1]
 [ 0  0 10  0  0  0]
 [ 0  2  2  5  1  0]
 [ 0  0  0  0 10  0]
 [ 0  0  0  0  0 10]]
0.867
n_feature=15, score=0.75
[0, 1, 1, 0, 1, 1, 1, 1, 1, 1, 1, 1, 0, 1, 0, 1, 1, 0, 0, 1, 0, 0, 1, 0]
[[ 9  0  0  0  0  1]
 [ 0  3  3  2  1  1]
 [ 0  2  8  0  0  0]
 [ 0  2  1  5  2  0]
 [ 0  0  0  0 10  0]
 [ 0  0  0  0  0 10]]
0.75
n_feature=14, score=0.867
[0, 1, 1, 0, 1, 1, 1, 1, 1, 1, 1, 1, 0, 0, 0, 1, 1, 0, 1, 1, 0, 0, 0, 0]
[[ 9  1  0  0  0  0]
 [ 0  8  0  0  1  1]
 [ 0  0 10  0  0  0]
 [ 0  2  2  5  1  0]
 [ 0  0  0  0 10  0]
 [ 0  0  0  0  0 10]]
0.867
n_feature=14, score=0.867
[0, 1, 1, 0, 1, 1, 1, 1, 1, 1, 1, 1, 0, 1, 0, 1, 1, 0, 0, 1, 0, 0, 0, 0]
[[ 9  1  0  0  0  0]
 [ 0  8  0  0  1  1]
 [ 0  0 10  0  0  0]
 [ 0  2  2  5  1  0]
 [ 0  0  0  0 10  0]
 [ 0  0  0  0  0 10]]
0.867
n_feature=14, score=0.867
[0, 1, 1, 0, 1, 1, 1, 1, 1, 1, 1, 1, 0, 1, 0, 1, 1, 0, 0, 1, 0, 0, 0, 0]
[[ 9  1  0  0  0  0]
 [ 0  8  0  0  1  1]
 [ 0  0 10  0  0  0]
 [ 0  2  2  5  1  0]
 [ 0  0  0  0 10  0]
 [ 0  0  0  0  0 10]]
0.867
n_feature=13, score=0.833
[0, 1, 0, 0, 1, 1, 1, 1, 1, 1, 1, 1, 0, 1, 0, 1, 1, 0, 0, 1, 0, 0, 0, 0]
[[ 7  1  0  0  2  0]
 [ 0  8  0  0  1  1]
 [ 0  0 10  0  0  0]
 [ 0  2  2  5  1  0]
 [ 0  0  0  0 10  0]
 [ 0  0  0  0  0 10]]
0.833
n_feature=14, score=0.867
[0, 1, 1, 0, 1, 1, 1, 1, 1, 1, 1, 1, 0, 1, 0, 1, 1, 0, 0, 1, 0, 0, 0, 0]
[[ 9  1  0  0  0  0]
 [ 0  8  0  0  1  1]
 [ 0  0 10  0  0  0]
 [ 0  2  2  5  1  0]
 [ 0  0  0  0 10  0]
 [ 0  0  0  0  0 10]]
0.867
n_feature=13, score=0.65
[0, 1, 1, 0, 1, 1, 1, 1, 1, 1, 0, 1, 0, 1, 0, 1, 1, 0, 0, 1, 0, 0, 0, 0]
[[ 7  0  2  0  0  1]
 [ 0  8  1  0  0  1]
 [ 0  0  8  0  2  0]
 [ 0  4  5  1  0  0]
 [ 0  0  5  0  5  0]
 [ 0  0  0  0  0 10]]
0.65
n_feature=14, score=0.867
[0, 1, 1, 0, 1, 1, 1, 1, 1, 1, 1, 1, 0, 1, 0, 1, 1, 0, 0, 1, 0, 0, 0, 0]
[[ 9  1  0  0  0  0]
 [ 0  8  0  0  1  1]
 [ 0  0 10  0  0  0]
 [ 0  2  2  5  1  0]
 [ 0  0  0  0 10  0]
 [ 0  0  0  0  0 10]]
0.867
n_feature=14, score=0.867
[0, 1, 1, 0, 1, 1, 1, 1, 1, 1, 1, 1, 0, 1, 0, 1, 1, 0, 0, 1, 0, 0, 0, 0]
[[ 9  1  0  0  0  0]
 [ 0  8  0  0  1  1]
 [ 0  0 10  0  0  0]
 [ 0  2  2  5  1  0]
 [ 0  0  0  0 10  0]
 [ 0  0  0  0  0 10]]
0.867
n_feature=14, score=0.867
[0, 1, 1, 0, 1, 1, 1, 1, 1, 1, 1, 1, 0, 1, 0, 1, 1, 0, 0, 1, 0, 0, 0, 0]
[[ 9  1  0  0  0  0]
 [ 0  8  0  0  1  1]
 [ 0  0 10  0  0  0]
 [ 0  2  2  5  1  0]
 [ 0  0  0  0 10  0]
 [ 0  0  0  0  0 10]]
0.867
n_feature=14, score=0.867
[0, 1, 1, 0, 1, 1, 1, 1, 1, 1, 1, 1, 0, 1, 0, 1, 1, 0, 0, 1, 0, 0, 0, 0]
[[ 9  1  0  0  0  0]
 [ 0  8  0  0  1  1]
 [ 0  0 10  0  0  0]
 [ 0  2  2  5  1  0]
 [ 0  0  0  0 10  0]
 [ 0  0  0  0  0 10]]
0.867
n_feature=14, score=0.867
[0, 1, 1, 0, 1, 1, 1, 1, 1, 1, 1, 1, 0, 1, 0, 1, 1, 0, 0, 1, 0, 0, 0, 0]
[[ 9  1  0  0  0  0]
 [ 0  8  0  0  1  1]
 [ 0  0 10  0  0  0]
 [ 0  2  2  5  1  0]
 [ 0  0  0  0 10  0]
 [ 0  0  0  0  0 10]]
0.867
n_feature=14, score=0.867
[0, 1, 1, 0, 1, 1, 1, 1, 1, 1, 1, 1, 0, 1, 0, 1, 1, 0, 0, 1, 0, 0, 0, 0]
[[ 9  1  0  0  0  0]
 [ 0  8  0  0  1  1]
 [ 0  0 10  0  0  0]
 [ 0  2  2  5  1  0]
 [ 0  0  0  0 10  0]
 [ 0  0  0  0  0 10]]
0.867
n_feature=14, score=0.867
[0, 1, 1, 0, 1, 1, 1, 1, 1, 1, 1, 1, 0, 1, 0, 1, 1, 0, 0, 1, 0, 0, 0, 0]
[[ 9  1  0  0  0  0]
 [ 0  8  0  0  1  1]
 [ 0  0 10  0  0  0]
 [ 0  2  2  5  1  0]
 [ 0  0  0  0 10  0]
 [ 0  0  0  0  0 10]]
0.867
n_feature=14, score=0.867
[0, 1, 1, 0, 1, 1, 1, 1, 1, 1, 1, 1, 0, 1, 0, 1, 1, 0, 0, 1, 0, 0, 0, 0]
[[ 9  1  0  0  0  0]
 [ 0  8  0  0  1  1]
 [ 0  0 10  0  0  0]
 [ 0  2  2  5  1  0]
 [ 0  0  0  0 10  0]
 [ 0  0  0  0  0 10]]
0.867
n_feature=14, score=0.867
[0, 1, 1, 0, 1, 1, 1, 1, 1, 1, 1, 1, 0, 1, 0, 1, 1, 0, 0, 1, 0, 0, 0, 0]
[[ 9  1  0  0  0  0]
 [ 0  8  0  0  1  1]
 [ 0  0 10  0  0  0]
 [ 0  2  2  5  1  0]
 [ 0  0  0  0 10  0]
 [ 0  0  0  0  0 10]]
0.867
n_feature=15, score=0.867
[0, 1, 1, 0, 1, 1, 1, 1, 1, 1, 1, 1, 0, 1, 0, 1, 1, 0, 1, 1, 0, 0, 0, 0]
[[ 9  1  0  0  0  0]
 [ 0  8  0  0  1  1]
 [ 0  0 10  0  0  0]
 [ 0  2  2  5  1  0]
 [ 0  0  0  0 10  0]
 [ 0  0  0  0  0 10]]
0.867
n_feature=18, score=0.85
[0, 1, 1, 0, 1, 1, 1, 1, 1, 1, 1, 1, 1, 1, 1, 1, 1, 1, 1, 1, 0, 0, 0, 0]
[[ 9  0  0  0  0  1]
 [ 0  8  0  0  2  0]
 [ 0  0 10  0  0  0]
 [ 0  1  4  5  0  0]
 [ 0  0  0  0 10  0]
 [ 0  1  0  0  0  9]]
0.85
n_feature=14, score=0.833
[0, 1, 1, 0, 0, 1, 1, 1, 1, 1, 1, 1, 0, 1, 0, 1, 1, 0, 1, 1, 0, 0, 0, 0]
[[ 7  1  0  0  2  0]
 [ 0  8  0  0  1  1]
 [ 0  0 10  0  0  0]
 [ 0  2  2  5  1  0]
 [ 0  0  0  0 10  0]
 [ 0  0  0  0  0 10]]
0.833
n_feature=14, score=0.867
[0, 1, 1, 0, 1, 1, 1, 1, 1, 1, 1, 1, 0, 1, 0, 1, 1, 0, 0, 1, 0, 0, 0, 0]
[[ 9  1  0  0  0  0]
 [ 0  8  0  0  1  1]
 [ 0  0 10  0  0  0]
 [ 0  2  2  5  1  0]
 [ 0  0  0  0 10  0]
 [ 0  0  0  0  0 10]]
0.867
n_feature=14, score=0.867
[0, 1, 1, 0, 1, 1, 1, 1, 1, 1, 1, 1, 0, 1, 0, 1, 1, 0, 0, 1, 0, 0, 0, 0]
[[ 9  1  0  0  0  0]
 [ 0  8  0  0  1  1]
 [ 0  0 10  0  0  0]
 [ 0  2  2  5  1  0]
 [ 0  0  0  0 10  0]
 [ 0  0  0  0  0 10]]
0.867
n_feature=14, score=0.867
[0, 1, 1, 0, 1, 1, 1, 1, 1, 1, 1, 1, 0, 1, 0, 1, 1, 0, 0, 1, 0, 0, 0, 0]
[[ 9  1  0  0  0  0]
 [ 0  8  0  0  1  1]
 [ 0  0 10  0  0  0]
 [ 0  2  2  5  1  0]
 [ 0  0  0  0 10  0]
 [ 0  0  0  0  0 10]]
0.867
n_feature=14, score=0.867
[0, 1, 1, 0, 1, 1, 1, 1, 1, 1, 1, 1, 0, 1, 0, 1, 1, 0, 0, 1, 0, 0, 0, 0]
[[ 9  1  0  0  0  0]
 [ 0  8  0  0  1  1]
 [ 0  0 10  0  0  0]
 [ 0  2  2  5  1  0]
 [ 0  0  0  0 10  0]
 [ 0  0  0  0  0 10]]
0.867
n_feature=15, score=0.867
[1, 1, 1, 0, 1, 1, 1, 1, 1, 1, 1, 1, 0, 1, 0, 1, 1, 0, 0, 1, 0, 0, 0, 0]
[[ 9  1  0  0  0  0]
 [ 0  8  0  0  1  1]
 [ 0  0 10  0  0  0]
 [ 0  2  2  5  1  0]
 [ 0  0  0  0 10  0]
 [ 0  0  0  0  0 10]]
0.867
n_feature=14, score=0.867
[0, 1, 1, 0, 1, 1, 1, 1, 1, 1, 1, 1, 0, 1, 0, 1, 1, 0, 0, 1, 0, 0, 0, 0]
[[ 9  1  0  0  0  0]
 [ 0  8  0  0  1  1]
 [ 0  0 10  0  0  0]
 [ 0  2  2  5  1  0]
 [ 0  0  0  0 10  0]
 [ 0  0  0  0  0 10]]
0.867
n_feature=14, score=0.867
[0, 1, 1, 0, 1, 1, 1, 1, 1, 1, 1, 1, 0, 1, 0, 1, 1, 0, 0, 1, 0, 0, 0, 0]
[[ 9  1  0  0  0  0]
 [ 0  8  0  0  1  1]
 [ 0  0 10  0  0  0]
 [ 0  2  2  5  1  0]
 [ 0  0  0  0 10  0]
 [ 0  0  0  0  0 10]]
0.867
n_feature=14, score=0.867
[0, 1, 1, 0, 1, 1, 1, 1, 1, 1, 1, 1, 0, 1, 0, 1, 1, 0, 0, 1, 0, 0, 0, 0]
[[ 9  1  0  0  0  0]
 [ 0  8  0  0  1  1]
 [ 0  0 10  0  0  0]
 [ 0  2  2  5  1  0]
 [ 0  0  0  0 10  0]
 [ 0  0  0  0  0 10]]
0.867
n_feature=14, score=0.867
[0, 1, 1, 0, 1, 1, 1, 1, 1, 1, 1, 1, 0, 1, 0, 1, 1, 0, 0, 1, 0, 0, 0, 0]
[[ 9  1  0  0  0  0]
 [ 0  8  0  0  1  1]
 [ 0  0 10  0  0  0]
 [ 0  2  2  5  1  0]
 [ 0  0  0  0 10  0]
 [ 0  0  0  0  0 10]]
0.867
n_feature=14, score=0.867
[0, 1, 1, 0, 1, 1, 1, 1, 1, 1, 1, 1, 0, 1, 0, 1, 1, 0, 0, 1, 0, 0, 0, 0]
[[ 9  1  0  0  0  0]
 [ 0  8  0  0  1  1]
 [ 0  0 10  0  0  0]
 [ 0  2  2  5  1  0]
 [ 0  0  0  0 10  0]
 [ 0  0  0  0  0 10]]
0.867
n_feature=14, score=0.867
[0, 1, 1, 0, 1, 1, 1, 1, 1, 1, 1, 1, 0, 1, 0, 1, 1, 0, 0, 1, 0, 0, 0, 0]
[[ 9  1  0  0  0  0]
 [ 0  8  0  0  1  1]
 [ 0  0 10  0  0  0]
 [ 0  2  2  5  1  0]
 [ 0  0  0  0 10  0]
 [ 0  0  0  0  0 10]]
0.867
n_feature=14, score=0.867
[0, 1, 1, 0, 1, 1, 1, 1, 1, 1, 1, 1, 0, 1, 0, 1, 1, 0, 0, 1, 0, 0, 0, 0]
[[ 9  1  0  0  0  0]
 [ 0  8  0  0  1  1]
 [ 0  0 10  0  0  0]
 [ 0  2  2  5  1  0]
 [ 0  0  0  0 10  0]
 [ 0  0  0  0  0 10]]
0.867
n_feature=14, score=0.867
[0, 1, 1, 0, 1, 1, 1, 1, 1, 1, 1, 1, 0, 1, 0, 1, 1, 0, 0, 1, 0, 0, 0, 0]
[[ 9  1  0  0  0  0]
 [ 0  8  0  0  1  1]
 [ 0  0 10  0  0  0]
 [ 0  2  2  5  1  0]
 [ 0  0  0  0 10  0]
 [ 0  0  0  0  0 10]]
0.867
n_feature=14, score=0.867
[0, 1, 1, 0, 1, 1, 1, 1, 1, 1, 1, 1, 0, 1, 0, 1, 1, 0, 0, 1, 0, 0, 0, 0]
[[ 9  1  0  0  0  0]
 [ 0  8  0  0  1  1]
 [ 0  0 10  0  0  0]
 [ 0  2  2  5  1  0]
 [ 0  0  0  0 10  0]
 [ 0  0  0  0  0 10]]
0.867
n_feature=14, score=0.867
[0, 1, 1, 0, 1, 1, 1, 1, 1, 1, 1, 1, 0, 1, 0, 1, 1, 0, 0, 1, 0, 0, 0, 0]
[[ 9  1  0  0  0  0]
 [ 0  8  0  0  1  1]
 [ 0  0 10  0  0  0]
 [ 0  2  2  5  1  0]
 [ 0  0  0  0 10  0]
 [ 0  0  0  0  0 10]]
0.867
n_feature=15, score=0.867
[1, 1, 1, 0, 1, 1, 1, 1, 1, 1, 1, 1, 0, 1, 0, 1, 1, 0, 0, 1, 0, 0, 0, 0]
[[ 9  1  0  0  0  0]
 [ 0  8  0  0  1  1]
 [ 0  0 10  0  0  0]
 [ 0  2  2  5  1  0]
 [ 0  0  0  0 10  0]
 [ 0  0  0  0  0 10]]
0.867
n_feature=14, score=0.867
[0, 1, 1, 0, 1, 1, 1, 1, 1, 1, 1, 1, 0, 1, 0, 1, 1, 0, 0, 1, 0, 0, 0, 0]
[[ 9  1  0  0  0  0]
 [ 0  8  0  0  1  1]
 [ 0  0 10  0  0  0]
 [ 0  2  2  5  1  0]
 [ 0  0  0  0 10  0]
 [ 0  0  0  0  0 10]]
0.867
******************************
[[0, 1, 1, 0, 1, 1, 1, 1, 1, 1, 1, 1, 0, 1, 0, 1, 1, 0, 0, 1, 0, 0, 0, 0], [0, 1, 1, 0, 1, 1, 1, 1, 1, 1, 1, 1, 0, 1, 0, 1, 1, 0, 0, 1, 0, 0, 0, 0], [0, 1, 1, 0, 1, 1, 1, 1, 1, 1, 1, 1, 0, 1, 0, 1, 1, 0, 0, 1, 0, 0, 0, 0], [0, 1, 1, 0, 1, 1, 1, 1, 1, 1, 1, 1, 0, 1, 0, 1, 1, 0, 0, 1, 0, 0, 0, 0], [0, 1, 1, 0, 1, 1, 1, 1, 1, 1, 1, 1, 0, 1, 0, 1, 1, 0, 0, 1, 0, 0, 0, 0], [0, 1, 1, 0, 1, 1, 1, 1, 1, 1, 1, 1, 0, 1, 0, 1, 1, 0, 0, 1, 0, 0, 0, 0], [0, 1, 1, 0, 1, 1, 1, 1, 1, 1, 1, 1, 0, 1, 0, 1, 1, 0, 0, 1, 0, 0, 0, 0], [0, 1, 1, 0, 1, 1, 1, 1, 1, 1, 1, 1, 0, 1, 0, 1, 1, 0, 0, 1, 0, 0, 0, 0], [0, 1, 1, 0, 1, 1, 1, 1, 1, 1, 1, 1, 0, 1, 0, 1, 1, 0, 0, 1, 0, 0, 0, 0], [0, 1, 1, 0, 1, 1, 1, 1, 1, 1, 1, 1, 0, 1, 0, 1, 1, 0, 0, 1, 0, 0, 0, 0], [0, 1, 1, 0, 1, 1, 1, 1, 1, 1, 1, 1, 0, 1, 0, 1, 1, 0, 0, 1, 0, 0, 0, 0], [0, 1, 1, 0, 1, 1, 1, 1, 1, 1, 1, 1, 0, 1, 0, 1, 1, 0, 0, 1, 0, 0, 0, 0], [0, 1, 1, 0, 1, 1, 1, 1, 1, 1, 1, 1, 0, 1, 0, 1, 1, 0, 0, 1, 0, 0, 0, 0], [0, 1, 1, 0, 1, 1, 1, 1, 1, 1, 1, 1, 0, 1, 0, 1, 1, 0, 0, 1, 0, 0, 0, 0], [0, 1, 1, 0, 1, 1, 1, 1, 1, 1, 1, 1, 0, 1, 0, 1, 1, 0, 0, 1, 0, 0, 0, 0], [0, 1, 1, 0, 1, 1, 1, 1, 1, 1, 1, 1, 0, 1, 0, 1, 1, 0, 0, 1, 0, 0, 0, 0], [1, 1, 1, 0, 1, 1, 1, 1, 1, 1, 1, 1, 0, 1, 0, 1, 1, 0, 0, 1, 0, 0, 0, 0], [0, 1, 1, 0, 1, 1, 1, 1, 1, 1, 1, 1, 0, 1, 0, 1, 1, 0, 0, 1, 0, 0, 0, 0], [0, 1, 1, 0, 1, 1, 1, 1, 1, 1, 1, 1, 0, 1, 0, 1, 1, 0, 0, 1, 0, 0, 0, 0], [0, 1, 1, 0, 1, 1, 1, 1, 1, 1, 1, 1, 0, 1, 0, 1, 1, 0, 0, 1, 0, 0, 0, 0]]
gen	nevals	avg                	std                            	min            	max            
0  	20    	[ 0.6243 11.35  ]  	[0.1082904  2.83328431]        	[0.317 5.   ]  	[ 0.767 16.   ]
1  	8     	[ 0.7033 12.65  ]  	[0.04336254 1.76847392]        	[ 0.617 10.   ]	[ 0.767 16.   ]
2  	12    	[ 0.7334 12.25  ]  	[0.0500174  1.60857079]        	[0.617 9.   ]  	[ 0.8 15. ]    
3  	10    	[ 0.75505 12.45   ]	[0.04752313 1.88348082]        	[0.633 9.   ]  	[ 0.8 16. ]    
4  	15    	[ 0.76755 12.5    ]	[0.03629115 1.80277564]        	[0.667 9.   ]  	[ 0.8 16. ]    
5  	9     	[ 0.7833 12.85  ]  	[0.03699878 1.52561463]        	[ 0.683 10.   ]	[ 0.8 16. ]    
6  	12    	[ 0.795 12.5  ]    	[0.02416402 1.11803399]        	[ 0.7 10. ]    	[ 0.833 15.   ]
7  	7     	[ 0.8041 12.55  ]  	[0.02227083 1.24398553]        	[ 0.733 11.   ]	[ 0.85 15.  ]  
8  	13    	[ 0.81155 13.3    ]	[0.03298102 1.30766968]        	[ 0.733 12.   ]	[ 0.85 15.  ]  
9  	15    	[ 0.8182 13.6   ]  	[0.05317104 1.74355958]        	[ 0.667 10.   ]	[ 0.867 16.   ]
10 	9     	[ 0.8391 14.    ]  	[0.02493572 1.54919334]        	[ 0.75 11.  ]  	[ 0.867 16.   ]
11 	17    	[ 0.84835 14.3    ]	[0.01676984 1.55241747]        	[ 0.8 12. ]    	[ 0.867 18.   ]
12 	16    	[ 0.85435 15.1    ]	[0.02641642 1.26095202]        	[ 0.75 12.  ]  	[ 0.867 17.   ]
13 	15    	[ 0.8636 15.15  ]  	[0.0102     0.72629195]        	[ 0.833 14.   ]	[ 0.867 16.   ]
14 	7     	[ 0.86615 14.7    ]	[0.00370506 0.64031242]        	[ 0.85 14.  ]  	[ 0.867 16.   ]
15 	12    	[ 0.867 14.35 ]    	[3.33066907e-16 9.09670270e-01]	[ 0.867 14.   ]	[ 0.867 17.   ]
16 	10    	[ 0.867 14.15 ]    	[3.33066907e-16 6.53834842e-01]	[ 0.867 14.   ]	[ 0.867 17.   ]
17 	11    	[ 0.8486 14.    ]  	[0.052518  0.4472136]          	[ 0.65 13.  ]  	[ 0.867 15.   ]
18 	12    	[ 0.86445 14.25   ]	[0.00810848 0.88741197]        	[ 0.833 14.   ]	[ 0.867 18.   ]
19 	9     	[ 0.867 14.05 ]    	[3.33066907e-16 2.17944947e-01]	[ 0.867 14.   ]	[ 0.867 15.   ]
20 	8     	[ 0.867 14.05 ]    	[3.33066907e-16 2.17944947e-01]	[ 0.867 14.   ]	[ 0.867 15.   ]
******************************
*****hall of fame*****
use_sensor_num: 14.0, score: 0.867
[0, 1, 1, 0, 1, 1, 1, 1, 1, 1, 1, 1, 0, 0, 0, 1, 1, 0, 1, 1, 0, 0, 0, 0]
[1, 2, 4, 5, 6, 7, 8, 9, 10, 11, 15, 16, 18, 19]
*****hall of fame*****
use_sensor_num: 14.0, score: 0.867
[0, 1, 1, 1, 1, 1, 1, 1, 1, 1, 1, 1, 0, 1, 0, 0, 1, 0, 0, 1, 0, 0, 0, 0]
[1, 2, 3, 4, 5, 6, 7, 8, 9, 10, 11, 13, 16, 19]
*****hall of fame*****
use_sensor_num: 14.0, score: 0.867
[0, 1, 1, 0, 1, 1, 1, 1, 1, 1, 1, 1, 0, 1, 0, 1, 1, 0, 0, 1, 0, 0, 0, 0]
[1, 2, 4, 5, 6, 7, 8, 9, 10, 11, 13, 15, 16, 19]
*****hall of fame*****
use_sensor_num: 12.0, score: 0.85
[1, 1, 1, 1, 0, 0, 0, 1, 1, 0, 1, 1, 0, 1, 0, 1, 1, 0, 0, 1, 0, 0, 0, 0]
[0, 1, 2, 3, 7, 8, 10, 11, 13, 15, 16, 19]
*****hall of fame*****
use_sensor_num: 12.0, score: 0.85
[1, 1, 1, 1, 0, 0, 0, 1, 1, 1, 1, 1, 0, 1, 0, 0, 1, 0, 0, 1, 0, 0, 0, 0]
[0, 1, 2, 3, 7, 8, 9, 10, 11, 13, 16, 19]
*****hall of fame*****
use_sensor_num: 11.0, score: 0.833
[1, 1, 0, 1, 0, 0, 0, 1, 1, 0, 1, 1, 0, 1, 0, 1, 1, 0, 0, 1, 0, 0, 0, 0]
[0, 1, 3, 7, 8, 10, 11, 13, 15, 16, 19]
*****hall of fame*****
use_sensor_num: 11.0, score: 0.833
[1, 1, 0, 1, 0, 0, 0, 1, 1, 1, 1, 1, 0, 1, 0, 0, 1, 0, 0, 1, 0, 0, 0, 0]
[0, 1, 3, 7, 8, 9, 10, 11, 13, 16, 19]
*****hall of fame*****
use_sensor_num: 10.0, score: 0.733
[0, 1, 0, 0, 1, 1, 1, 1, 1, 0, 1, 0, 1, 0, 0, 1, 0, 0, 0, 1, 0, 0, 0, 0]
[1, 4, 5, 6, 7, 8, 10, 12, 15, 19]
*****hall of fame*****
use_sensor_num: 10.0, score: 0.733
[1, 0, 0, 0, 1, 1, 0, 1, 1, 1, 1, 0, 0, 1, 0, 1, 0, 0, 0, 1, 0, 0, 0, 0]
[0, 4, 5, 7, 8, 9, 10, 13, 15, 19]
*****hall of fame*****
use_sensor_num: 10.0, score: 0.733
[1, 0, 0, 0, 1, 1, 0, 1, 1, 1, 1, 0, 0, 1, 0, 0, 0, 0, 1, 1, 0, 0, 0, 0]
[0, 4, 5, 7, 8, 9, 10, 13, 18, 19]
*****hall of fame*****
use_sensor_num: 9.0, score: 0.717
[1, 1, 1, 1, 0, 0, 0, 1, 0, 1, 1, 0, 0, 0, 0, 1, 0, 0, 0, 1, 0, 0, 0, 0]
[0, 1, 2, 3, 7, 9, 10, 15, 19]
*****hall of fame*****
use_sensor_num: 6.0, score: 0.567
[1, 0, 0, 0, 0, 0, 1, 1, 0, 0, 0, 0, 0, 0, 1, 0, 1, 0, 0, 0, 1, 0, 0, 0]
[0, 6, 7, 14, 16, 20]
*****hall of fame*****
use_sensor_num: 5.0, score: 0.317
[1, 0, 0, 1, 0, 0, 0, 0, 0, 1, 0, 0, 0, 1, 0, 1, 0, 0, 0, 0, 0, 0, 0, 0]
[0, 3, 9, 13, 15]
elapsed_time:78.15869474411011[sec]
