60,24
Starting Genetic Algorizm By Random Forest With 24 column
n_feature=13, score=0.667
[1, 1, 1, 1, 1, 0, 1, 0, 1, 1, 0, 0, 0, 1, 1, 1, 0, 1, 0, 0, 1, 0, 0, 0]
[[ 8  1  0  1  0  0]
 [ 0  2  0  5  1  2]
 [ 0  0 10  0  0  0]
 [ 0  0  1  9  0  0]
 [ 0  1  0  0  9  0]
 [ 0  2  0  0  6  2]]
0.667
n_feature=16, score=0.75
[1, 1, 1, 0, 1, 1, 1, 1, 0, 1, 1, 1, 0, 1, 0, 1, 0, 0, 1, 0, 1, 0, 1, 1]
[[ 9  1  0  0  0  0]
 [ 0  3  4  2  1  0]
 [ 0  0 10  0  0  0]
 [ 0  1  0  5  1  3]
 [ 0  0  0  0 10  0]
 [ 1  0  0  1  0  8]]
0.75
n_feature=13, score=0.783
[1, 1, 1, 0, 0, 1, 0, 1, 1, 0, 1, 0, 1, 0, 1, 0, 0, 0, 1, 1, 0, 0, 1, 1]
[[ 6  1  0  3  0  0]
 [ 0  3  5  0  0  2]
 [ 0  0 10  0  0  0]
 [ 0  0  1  9  0  0]
 [ 0  0  1  0  9  0]
 [ 0  0  0  0  0 10]]
0.783
n_feature=5, score=0.35
[1, 0, 0, 1, 0, 0, 0, 0, 0, 1, 0, 0, 0, 1, 0, 1, 0, 0, 0, 0, 0, 0, 0, 0]
[[ 0  0  0  0 10  0]
 [ 0  0  0  4  4  2]
 [ 0  0  0 10  0  0]
 [ 0  0  0 10  0  0]
 [ 0  0  0  0 10  0]
 [ 1  0  0  0  8  1]]
0.35
n_feature=14, score=0.667
[1, 1, 1, 0, 1, 1, 1, 1, 1, 0, 0, 0, 0, 1, 1, 1, 0, 0, 0, 1, 0, 1, 0, 1]
[[8 0 1 1 0 0]
 [0 0 3 6 0 1]
 [0 0 8 0 0 2]
 [0 1 0 9 0 0]
 [0 0 1 0 8 1]
 [0 0 3 0 0 7]]
0.667
n_feature=13, score=0.6
[1, 0, 1, 0, 0, 0, 1, 1, 0, 1, 0, 1, 1, 0, 1, 0, 1, 0, 1, 1, 1, 0, 0, 1]
[[ 3  4  1  0  2  0]
 [ 0  2  6  0  0  2]
 [ 0  0 10  0  0  0]
 [ 0  1  6  3  0  0]
 [ 0  0  1  0  9  0]
 [ 0  1  0  0  0  9]]
0.6
n_feature=12, score=0.6
[1, 0, 1, 0, 1, 0, 1, 0, 0, 1, 0, 1, 0, 1, 0, 1, 0, 0, 1, 1, 1, 1, 0, 0]
[[ 8  0  2  0  0  0]
 [ 0  3  6  0  1  0]
 [ 0  0 10  0  0  0]
 [ 0  0  7  0  0  3]
 [ 0  0  1  0  9  0]
 [ 0  0  1  0  3  6]]
0.6
n_feature=9, score=0.667
[0, 1, 0, 0, 0, 0, 1, 1, 0, 0, 1, 0, 1, 0, 0, 0, 0, 1, 0, 0, 1, 1, 1, 0]
[[ 8  1  0  0  0  1]
 [ 0  1  4  1  1  3]
 [ 0  0 10  0  0  0]
 [ 0  1  0  1  0  8]
 [ 0  0  0  0 10  0]
 [ 0  0  0  0  0 10]]
0.667
n_feature=6, score=0.533
[1, 0, 0, 0, 0, 0, 1, 1, 0, 0, 0, 0, 0, 0, 1, 0, 1, 0, 0, 0, 1, 0, 0, 0]
[[ 1  0  0  6  1  2]
 [ 0  0  0  8  0  2]
 [ 0  0  2  8  0  0]
 [ 0  0  0 10  0  0]
 [ 0  0  0  1  9  0]
 [ 0  0  0  0  0 10]]
0.533
n_feature=13, score=0.8
[0, 0, 0, 1, 0, 1, 0, 1, 1, 1, 0, 1, 0, 1, 1, 1, 1, 0, 1, 0, 0, 0, 1, 1]
[[ 9  0  1  0  0  0]
 [ 1  2  5  1  0  1]
 [ 0  0 10  0  0  0]
 [ 0  1  1  8  0  0]
 [ 0  0  1  0  9  0]
 [ 0  0  0  0  0 10]]
0.8
n_feature=10, score=0.567
[0, 0, 1, 1, 0, 1, 1, 0, 0, 1, 0, 1, 0, 1, 0, 1, 0, 1, 1, 0, 0, 0, 0, 0]
[[ 5  0  0  0  5  0]
 [ 0  0  4  0  6  0]
 [ 0  0 10  0  0  0]
 [ 0  0  7  3  0  0]
 [ 0  0  0  0 10  0]
 [ 0  0  0  0  4  6]]
0.567
n_feature=13, score=0.733
[1, 1, 0, 0, 0, 0, 0, 1, 0, 1, 1, 0, 1, 1, 1, 0, 0, 0, 1, 1, 1, 1, 1, 0]
[[ 7  1  0  2  0  0]
 [ 0  2  5  2  0  1]
 [ 0  0 10  0  0  0]
 [ 0  0  1  8  0  1]
 [ 0  0  1  0  9  0]
 [ 0  0  0  2  0  8]]
0.733
n_feature=14, score=0.8
[1, 1, 1, 1, 0, 0, 0, 1, 1, 1, 1, 1, 0, 1, 0, 1, 0, 0, 0, 1, 0, 0, 1, 1]
[[ 9  0  0  0  1  0]
 [ 2  2  4  0  2  0]
 [ 0  0 10  0  0  0]
 [ 0  1  1  8  0  0]
 [ 0  0  0  0 10  0]
 [ 1  0  0  0  0  9]]
0.8
n_feature=10, score=0.817
[0, 1, 0, 1, 0, 1, 1, 1, 1, 0, 0, 0, 0, 0, 1, 0, 0, 0, 1, 0, 0, 0, 1, 1]
[[ 9  0  1  0  0  0]
 [ 0  2  4  2  0  2]
 [ 0  0 10  0  0  0]
 [ 0  0  1  9  0  0]
 [ 0  0  1  0  9  0]
 [ 0  0  0  0  0 10]]
0.817
n_feature=10, score=0.8
[1, 0, 0, 0, 1, 1, 0, 1, 1, 1, 1, 0, 0, 1, 0, 0, 0, 0, 1, 1, 0, 0, 0, 0]
[[ 8  1  0  0  0  1]
 [ 0  6  0  0  0  4]
 [ 0  0 10  0  0  0]
 [ 0  0  0  9  0  1]
 [ 0  0  0  0  6  4]
 [ 0  0  1  0  0  9]]
0.8
n_feature=13, score=0.85
[0, 1, 0, 1, 1, 1, 1, 1, 1, 0, 1, 0, 1, 0, 0, 1, 0, 1, 1, 1, 0, 0, 0, 0]
[[ 9  0  0  0  0  1]
 [ 0  6  0  0  0  4]
 [ 0  0 10  0  0  0]
 [ 0  0  0 10  0  0]
 [ 0  0  0  0  6  4]
 [ 0  0  0  0  0 10]]
0.85
n_feature=12, score=0.633
[0, 0, 0, 0, 1, 0, 1, 1, 0, 1, 0, 0, 1, 1, 1, 1, 1, 0, 1, 1, 0, 1, 0, 0]
[[ 7  0  0  2  0  1]
 [ 0  0  0  8  0  2]
 [ 0  0  2  8  0  0]
 [ 0  0  0 10  0  0]
 [ 0  0  0  1  9  0]
 [ 0  0  0  0  0 10]]
0.633
n_feature=10, score=0.767
[1, 0, 0, 0, 0, 0, 0, 0, 0, 1, 1, 0, 1, 0, 1, 1, 1, 1, 0, 0, 0, 1, 0, 1]
[[ 7  0  0  2  0  1]
 [ 0  0  5  3  0  2]
 [ 0  0 10  0  0  0]
 [ 0  0  0 10  0  0]
 [ 0  0  0  1  9  0]
 [ 0  0  0  0  0 10]]
0.767
n_feature=14, score=0.733
[1, 1, 0, 0, 0, 1, 0, 1, 0, 1, 1, 0, 1, 0, 1, 1, 0, 0, 1, 0, 1, 1, 1, 1]
[[ 7  1  0  2  0  0]
 [ 0  2  5  2  0  1]
 [ 0  0 10  0  0  0]
 [ 0  0  1  8  0  1]
 [ 0  0  1  0  9  0]
 [ 0  0  0  2  0  8]]
0.733
n_feature=7, score=0.6
[1, 0, 0, 0, 0, 0, 1, 0, 0, 0, 0, 0, 1, 0, 0, 0, 1, 1, 0, 0, 0, 1, 1, 0]
[[ 7  0  1  1  0  1]
 [ 0  0  6  3  0  1]
 [ 0  0 10  0  0  0]
 [ 0  0  2  8  0  0]
 [ 0  0  9  0  1  0]
 [ 0  0  0  0  0 10]]
0.6
n_feature=15, score=0.717
[1, 1, 1, 0, 1, 1, 1, 1, 0, 1, 1, 1, 0, 1, 0, 1, 0, 0, 1, 0, 0, 0, 1, 1]
[[ 9  0  0  0  1  0]
 [ 0  3  4  2  1  0]
 [ 0  0 10  0  0  0]
 [ 0  1  0  4  1  4]
 [ 0  0  0  0 10  0]
 [ 2  0  0  1  0  7]]
0.717
n_feature=14, score=0.783
[1, 1, 1, 0, 0, 1, 0, 1, 1, 0, 1, 0, 1, 0, 1, 0, 0, 0, 1, 1, 1, 0, 1, 1]
[[ 6  1  0  3  0  0]
 [ 0  3  5  0  0  2]
 [ 0  0 10  0  0  0]
 [ 0  0  1  9  0  0]
 [ 0  0  1  0  9  0]
 [ 0  0  0  0  0 10]]
0.783
n_feature=12, score=0.8
[1, 1, 1, 1, 0, 1, 1, 1, 1, 0, 0, 0, 0, 0, 1, 0, 0, 0, 1, 0, 0, 0, 1, 1]
[[ 8  0  1  1  0  0]
 [ 0  2  4  2  0  2]
 [ 0  0 10  0  0  0]
 [ 0  0  1  9  0  0]
 [ 0  0  1  0  9  0]
 [ 0  0  0  0  0 10]]
0.8
n_feature=12, score=0.7
[0, 1, 0, 1, 0, 0, 0, 1, 1, 1, 1, 1, 0, 1, 0, 1, 0, 0, 0, 1, 0, 0, 1, 1]
[[ 9  0  0  0  1  0]
 [ 2  2  4  0  2  0]
 [ 0  0 10  0  0  0]
 [ 4  1  1  4  0  0]
 [ 0  0  0  0 10  0]
 [ 3  0  0  0  0  7]]
0.7
n_feature=10, score=0.767
[0, 0, 0, 1, 0, 1, 0, 1, 1, 1, 0, 1, 0, 0, 1, 0, 0, 0, 1, 0, 0, 0, 1, 1]
[[ 9  0  1  0  0  0]
 [ 2  3  4  1  0  0]
 [ 0  0 10  0  0  0]
 [ 0  1  1  8  0  0]
 [ 0  0  1  0  9  0]
 [ 3  0  0  0  0  7]]
0.767
n_feature=13, score=0.75
[0, 1, 0, 1, 0, 1, 1, 1, 1, 0, 0, 0, 0, 1, 1, 1, 1, 0, 1, 0, 0, 0, 1, 1]
[[ 6  0  1  1  0  2]
 [ 0  1  5  3  0  1]
 [ 0  0 10  0  0  0]
 [ 0  0  1  9  0  0]
 [ 0  0  1  0  9  0]
 [ 0  0  0  0  0 10]]
0.75
n_feature=12, score=0.667
[0, 1, 1, 1, 1, 0, 1, 0, 1, 1, 0, 0, 0, 1, 1, 1, 0, 1, 0, 0, 1, 0, 0, 0]
[[ 8  1  0  1  0  0]
 [ 0  2  0  5  1  2]
 [ 0  0 10  0  0  0]
 [ 0  0  1  9  0  0]
 [ 0  1  0  0  9  0]
 [ 0  2  0  0  6  2]]
0.667
n_feature=11, score=0.817
[1, 1, 0, 1, 0, 1, 1, 1, 1, 0, 0, 0, 0, 0, 1, 0, 0, 0, 1, 0, 0, 0, 1, 1]
[[ 9  0  1  0  0  0]
 [ 0  2  4  2  0  2]
 [ 0  0 10  0  0  0]
 [ 0  0  1  9  0  0]
 [ 0  0  1  0  9  0]
 [ 0  0  0  0  0 10]]
0.817
n_feature=13, score=0.85
[0, 1, 0, 1, 1, 1, 1, 1, 1, 0, 1, 0, 1, 0, 0, 1, 0, 1, 1, 1, 0, 0, 0, 0]
[[ 9  0  0  0  0  1]
 [ 0  6  0  0  0  4]
 [ 0  0 10  0  0  0]
 [ 0  0  0 10  0  0]
 [ 0  0  0  0  6  4]
 [ 0  0  0  0  0 10]]
0.85
n_feature=13, score=0.85
[0, 1, 0, 1, 1, 1, 1, 1, 1, 0, 1, 0, 1, 0, 0, 1, 0, 1, 1, 1, 0, 0, 0, 0]
[[ 9  0  0  0  0  1]
 [ 0  6  0  0  0  4]
 [ 0  0 10  0  0  0]
 [ 0  0  0 10  0  0]
 [ 0  0  0  0  6  4]
 [ 0  0  0  0  0 10]]
0.85
n_feature=11, score=0.817
[0, 1, 0, 1, 1, 1, 1, 1, 1, 0, 0, 0, 0, 0, 1, 0, 0, 0, 1, 0, 0, 0, 1, 1]
[[ 9  0  1  0  0  0]
 [ 0  2  4  2  0  2]
 [ 0  0 10  0  0  0]
 [ 0  0  1  9  0  0]
 [ 0  0  1  0  9  0]
 [ 0  0  0  0  0 10]]
0.817
n_feature=9, score=0.817
[0, 1, 0, 1, 0, 1, 0, 1, 1, 0, 0, 0, 0, 0, 1, 0, 0, 0, 1, 0, 1, 0, 1, 0]
[[ 9  0  1  0  0  0]
 [ 0  2  4  2  0  2]
 [ 0  0 10  0  0  0]
 [ 0  0  1  9  0  0]
 [ 0  0  1  0  9  0]
 [ 0  0  0  0  0 10]]
0.817
n_feature=11, score=0.8
[0, 1, 0, 1, 0, 1, 1, 1, 1, 0, 0, 0, 0, 0, 1, 0, 0, 0, 1, 0, 0, 1, 1, 1]
[[ 8  0  1  1  0  0]
 [ 0  2  4  2  0  2]
 [ 0  0 10  0  0  0]
 [ 0  0  1  9  0  0]
 [ 0  0  1  0  9  0]
 [ 0  0  0  0  0 10]]
0.8
n_feature=9, score=0.75
[0, 1, 0, 1, 0, 1, 1, 1, 1, 0, 0, 0, 0, 0, 1, 0, 0, 0, 1, 1, 0, 0, 0, 0]
[[ 7  0  0  2  0  1]
 [ 0  1  0  5  0  4]
 [ 0  0 10  0  0  0]
 [ 0  0  1  9  0  0]
 [ 0  0  0  0  8  2]
 [ 0  0  0  0  0 10]]
0.75
n_feature=11, score=0.833
[1, 0, 0, 0, 1, 1, 0, 1, 1, 1, 1, 0, 0, 1, 0, 0, 0, 0, 1, 0, 0, 0, 1, 1]
[[ 9  0  0  0  1  0]
 [ 0  2  4  0  2  2]
 [ 0  0 10  0  0  0]
 [ 0  0  0  9  1  0]
 [ 0  0  0  0 10  0]
 [ 0  0  0  0  0 10]]
0.833
n_feature=11, score=0.817
[0, 1, 0, 1, 0, 1, 1, 1, 1, 0, 0, 0, 0, 0, 1, 0, 0, 0, 1, 0, 1, 0, 1, 1]
[[ 9  0  1  0  0  0]
 [ 0  2  4  2  0  2]
 [ 0  0 10  0  0  0]
 [ 0  0  1  9  0  0]
 [ 0  0  1  0  9  0]
 [ 0  0  0  0  0 10]]
0.817
n_feature=11, score=0.733
[0, 1, 0, 1, 0, 1, 1, 1, 1, 0, 0, 0, 1, 0, 0, 1, 0, 1, 1, 1, 0, 0, 0, 0]
[[ 9  0  0  0  0  1]
 [ 2  0  0  4  0  4]
 [ 0  0 10  0  0  0]
 [ 0  0  1  9  0  0]
 [ 0  0  0  0  6  4]
 [ 0  0  0  0  0 10]]
0.733
n_feature=12, score=0.8
[0, 1, 0, 1, 1, 1, 1, 1, 1, 0, 1, 0, 0, 0, 1, 0, 0, 0, 1, 0, 0, 0, 1, 1]
[[ 9  1  0  0  0  0]
 [ 0  1  5  1  0  3]
 [ 0  0 10  0  0  0]
 [ 0  0  1  9  0  0]
 [ 0  0  1  0  9  0]
 [ 0  0  0  0  0 10]]
0.8
n_feature=11, score=0.75
[1, 1, 1, 1, 0, 1, 1, 1, 1, 0, 0, 0, 0, 0, 1, 0, 0, 0, 1, 0, 0, 0, 0, 1]
[[ 7  0  0  2  0  1]
 [ 0  1  0  5  0  4]
 [ 0  0 10  0  0  0]
 [ 0  0  1  9  0  0]
 [ 0  0  0  0  8  2]
 [ 0  0  0  0  0 10]]
0.75
n_feature=10, score=0.817
[0, 1, 0, 1, 0, 1, 1, 1, 1, 0, 0, 0, 0, 0, 1, 0, 0, 0, 1, 0, 0, 0, 1, 1]
[[ 9  0  1  0  0  0]
 [ 0  2  4  2  0  2]
 [ 0  0 10  0  0  0]
 [ 0  0  1  9  0  0]
 [ 0  0  1  0  9  0]
 [ 0  0  0  0  0 10]]
0.817
n_feature=12, score=0.833
[1, 0, 0, 0, 1, 1, 0, 1, 1, 1, 1, 0, 0, 1, 0, 0, 0, 0, 1, 1, 0, 0, 1, 1]
[[ 9  0  0  0  1  0]
 [ 0  2  4  0  2  2]
 [ 0  0 10  0  0  0]
 [ 0  0  0  9  1  0]
 [ 0  0  0  0 10  0]
 [ 0  0  0  0  0 10]]
0.833
n_feature=9, score=0.8
[1, 0, 0, 0, 1, 1, 0, 1, 1, 1, 1, 0, 0, 1, 0, 0, 0, 0, 1, 0, 0, 0, 0, 0]
[[ 8  1  0  0  0  1]
 [ 0  6  0  0  0  4]
 [ 0  0 10  0  0  0]
 [ 0  0  0  9  0  1]
 [ 0  0  0  0  6  4]
 [ 0  0  1  0  0  9]]
0.8
n_feature=13, score=0.85
[0, 1, 0, 1, 1, 1, 1, 1, 1, 0, 1, 0, 1, 0, 0, 1, 0, 1, 1, 1, 0, 0, 0, 0]
[[ 9  0  0  0  0  1]
 [ 0  6  0  0  0  4]
 [ 0  0 10  0  0  0]
 [ 0  0  0 10  0  0]
 [ 0  0  0  0  6  4]
 [ 0  0  0  0  0 10]]
0.85
n_feature=13, score=0.85
[0, 1, 0, 1, 1, 1, 1, 1, 1, 0, 1, 0, 1, 0, 0, 1, 0, 1, 1, 1, 0, 0, 0, 0]
[[ 9  0  0  0  0  1]
 [ 0  6  0  0  0  4]
 [ 0  0 10  0  0  0]
 [ 0  0  0 10  0  0]
 [ 0  0  0  0  6  4]
 [ 0  0  0  0  0 10]]
0.85
n_feature=12, score=0.85
[0, 1, 0, 1, 1, 1, 1, 1, 1, 0, 1, 0, 1, 0, 0, 1, 0, 1, 1, 0, 0, 0, 0, 0]
[[ 9  0  0  0  0  1]
 [ 0  6  0  0  0  4]
 [ 0  0 10  0  0  0]
 [ 0  0  0 10  0  0]
 [ 0  0  0  0  6  4]
 [ 0  0  0  0  0 10]]
0.85
n_feature=14, score=0.85
[0, 1, 0, 1, 1, 1, 1, 1, 1, 0, 1, 1, 1, 0, 0, 1, 0, 1, 1, 1, 0, 0, 0, 0]
[[ 9  0  0  0  1  0]
 [ 0  6  0  0  4  0]
 [ 0  0 10  0  0  0]
 [ 1  0  0  9  0  0]
 [ 0  0  0  0 10  0]
 [ 0  1  0  0  2  7]]
0.85
n_feature=15, score=0.817
[0, 1, 0, 1, 1, 1, 1, 1, 1, 0, 1, 0, 1, 0, 0, 1, 0, 1, 1, 1, 0, 0, 1, 1]
[[ 9  0  0  0  1  0]
 [ 0  1  4  1  2  2]
 [ 0  0 10  0  0  0]
 [ 0  0  1  9  0  0]
 [ 0  0  0  0 10  0]
 [ 0  0  0  0  0 10]]
0.817
n_feature=8, score=0.75
[0, 1, 0, 1, 0, 1, 1, 1, 1, 0, 0, 0, 0, 0, 1, 0, 0, 0, 1, 0, 0, 0, 0, 0]
[[ 7  0  0  2  0  1]
 [ 0  1  0  5  0  4]
 [ 0  0 10  0  0  0]
 [ 0  0  1  9  0  0]
 [ 0  0  0  0  8  2]
 [ 0  0  0  0  0 10]]
0.75
n_feature=9, score=0.7
[1, 0, 0, 0, 0, 1, 1, 1, 1, 0, 0, 0, 0, 0, 1, 0, 0, 0, 1, 0, 0, 0, 1, 1]
[[ 5  0  1  4  0  0]
 [ 0  1  5  2  0  2]
 [ 0  0 10  0  0  0]
 [ 1  1  1  7  0  0]
 [ 0  0  1  0  9  0]
 [ 0  0  0  0  0 10]]
0.7
n_feature=12, score=0.817
[0, 1, 0, 1, 1, 1, 0, 1, 1, 1, 1, 0, 0, 1, 0, 0, 0, 0, 1, 0, 0, 0, 1, 1]
[[ 9  0  0  0  1  0]
 [ 0  1  4  1  2  2]
 [ 0  0 10  0  0  0]
 [ 0  0  1  9  0  0]
 [ 0  0  0  0 10  0]
 [ 0  0  0  0  0 10]]
0.817
n_feature=14, score=0.7
[0, 1, 0, 1, 1, 1, 1, 1, 0, 0, 1, 1, 1, 1, 0, 1, 0, 1, 1, 1, 0, 0, 0, 0]
[[10  0  0  0  0  0]
 [ 4  2  4  0  0  0]
 [ 0  0 10  0  0  0]
 [ 1  0  0  7  0  2]
 [ 3  0  0  0  7  0]
 [ 3  1  0  0  0  6]]
0.7
n_feature=13, score=0.85
[0, 1, 0, 1, 1, 1, 1, 1, 1, 0, 1, 0, 1, 0, 0, 1, 0, 1, 1, 1, 0, 0, 0, 0]
[[ 9  0  0  0  0  1]
 [ 0  6  0  0  0  4]
 [ 0  0 10  0  0  0]
 [ 0  0  0 10  0  0]
 [ 0  0  0  0  6  4]
 [ 0  0  0  0  0 10]]
0.85
n_feature=13, score=0.85
[0, 1, 0, 1, 1, 1, 1, 1, 1, 0, 1, 0, 1, 0, 0, 1, 0, 1, 1, 1, 0, 0, 0, 0]
[[ 9  0  0  0  0  1]
 [ 0  6  0  0  0  4]
 [ 0  0 10  0  0  0]
 [ 0  0  0 10  0  0]
 [ 0  0  0  0  6  4]
 [ 0  0  0  0  0 10]]
0.85
n_feature=9, score=0.75
[0, 1, 0, 1, 0, 1, 1, 1, 1, 0, 0, 0, 0, 0, 1, 0, 0, 0, 1, 1, 0, 0, 0, 0]
[[ 7  0  0  2  0  1]
 [ 0  1  0  5  0  4]
 [ 0  0 10  0  0  0]
 [ 0  0  1  9  0  0]
 [ 0  0  0  0  8  2]
 [ 0  0  0  0  0 10]]
0.75
n_feature=11, score=0.833
[1, 0, 0, 0, 1, 1, 0, 1, 1, 1, 1, 0, 0, 1, 0, 0, 0, 0, 1, 0, 0, 0, 1, 1]
[[ 9  0  0  0  1  0]
 [ 0  2  4  0  2  2]
 [ 0  0 10  0  0  0]
 [ 0  0  0  9  1  0]
 [ 0  0  0  0 10  0]
 [ 0  0  0  0  0 10]]
0.833
n_feature=11, score=0.817
[0, 1, 0, 1, 1, 1, 1, 1, 1, 0, 0, 0, 0, 0, 1, 0, 0, 0, 1, 0, 0, 0, 1, 1]
[[ 9  0  1  0  0  0]
 [ 0  2  4  2  0  2]
 [ 0  0 10  0  0  0]
 [ 0  0  1  9  0  0]
 [ 0  0  1  0  9  0]
 [ 0  0  0  0  0 10]]
0.817
n_feature=11, score=0.833
[0, 1, 0, 1, 0, 1, 1, 1, 1, 0, 1, 0, 1, 0, 0, 1, 0, 1, 1, 0, 0, 0, 0, 0]
[[ 8  1  0  0  0  1]
 [ 0  6  0  0  0  4]
 [ 0  0 10  0  0  0]
 [ 0  0  0 10  0  0]
 [ 0  0  0  0  6  4]
 [ 0  0  0  0  0 10]]
0.833
n_feature=12, score=0.75
[0, 1, 0, 1, 1, 1, 1, 0, 1, 0, 1, 0, 1, 0, 0, 1, 0, 1, 1, 1, 0, 0, 0, 0]
[[ 9  0  0  0  1  0]
 [ 0  6  0  0  4  0]
 [ 0  0 10  0  0  0]
 [ 0  0  0 10  0  0]
 [ 0  0  0  0 10  0]
 [ 0  0  1  0  9  0]]
0.75
n_feature=13, score=0.85
[0, 1, 0, 1, 1, 1, 1, 1, 1, 0, 1, 0, 1, 0, 0, 1, 0, 1, 1, 1, 0, 0, 0, 0]
[[ 9  0  0  0  0  1]
 [ 0  6  0  0  0  4]
 [ 0  0 10  0  0  0]
 [ 0  0  0 10  0  0]
 [ 0  0  0  0  6  4]
 [ 0  0  0  0  0 10]]
0.85
n_feature=13, score=0.817
[0, 1, 0, 1, 1, 1, 1, 1, 1, 0, 1, 0, 1, 0, 0, 0, 0, 0, 1, 1, 0, 0, 1, 1]
[[ 9  0  0  0  1  0]
 [ 0  1  4  1  2  2]
 [ 0  0 10  0  0  0]
 [ 0  0  1  9  0  0]
 [ 0  0  0  0 10  0]
 [ 0  0  0  0  0 10]]
0.817
n_feature=12, score=0.8
[1, 0, 0, 0, 1, 1, 0, 1, 1, 1, 1, 0, 0, 1, 0, 1, 0, 1, 1, 1, 0, 0, 0, 0]
[[ 8  1  0  0  0  1]
 [ 0  6  0  0  0  4]
 [ 0  0 10  0  0  0]
 [ 0  0  0  9  0  1]
 [ 0  0  0  0  6  4]
 [ 0  0  1  0  0  9]]
0.8
n_feature=12, score=0.85
[0, 1, 0, 1, 1, 1, 1, 1, 1, 0, 1, 0, 1, 0, 0, 1, 0, 1, 1, 0, 0, 0, 0, 0]
[[ 9  0  0  0  0  1]
 [ 0  6  0  0  0  4]
 [ 0  0 10  0  0  0]
 [ 0  0  0 10  0  0]
 [ 0  0  0  0  6  4]
 [ 0  0  0  0  0 10]]
0.85
n_feature=12, score=0.85
[0, 1, 0, 1, 1, 1, 0, 1, 1, 0, 1, 1, 1, 0, 0, 1, 0, 1, 0, 1, 0, 0, 0, 0]
[[ 9  0  0  0  1  0]
 [ 0  6  0  0  4  0]
 [ 0  0 10  0  0  0]
 [ 1  0  0  9  0  0]
 [ 0  0  0  0 10  0]
 [ 0  1  0  0  2  7]]
0.85
n_feature=10, score=0.75
[0, 1, 0, 1, 0, 1, 1, 1, 1, 0, 0, 0, 0, 0, 1, 0, 0, 1, 1, 1, 0, 0, 0, 0]
[[ 7  0  0  2  0  1]
 [ 0  1  0  5  0  4]
 [ 0  0 10  0  0  0]
 [ 0  0  1  9  0  0]
 [ 0  0  0  0  8  2]
 [ 0  0  0  0  0 10]]
0.75
n_feature=13, score=0.817
[0, 1, 0, 1, 1, 1, 1, 1, 1, 0, 1, 0, 1, 0, 0, 1, 0, 0, 1, 0, 0, 0, 1, 1]
[[ 9  0  0  0  1  0]
 [ 0  1  4  1  2  2]
 [ 0  0 10  0  0  0]
 [ 0  0  1  9  0  0]
 [ 0  0  0  0 10  0]
 [ 0  0  0  0  0 10]]
0.817
n_feature=12, score=0.85
[0, 1, 0, 1, 1, 1, 1, 1, 1, 0, 1, 0, 1, 0, 0, 1, 0, 1, 1, 0, 0, 0, 0, 0]
[[ 9  0  0  0  0  1]
 [ 0  6  0  0  0  4]
 [ 0  0 10  0  0  0]
 [ 0  0  0 10  0  0]
 [ 0  0  0  0  6  4]
 [ 0  0  0  0  0 10]]
0.85
n_feature=13, score=0.85
[0, 1, 0, 1, 1, 1, 1, 1, 1, 0, 1, 0, 1, 0, 0, 1, 0, 1, 1, 1, 0, 0, 0, 0]
[[ 9  0  0  0  0  1]
 [ 0  6  0  0  0  4]
 [ 0  0 10  0  0  0]
 [ 0  0  0 10  0  0]
 [ 0  0  0  0  6  4]
 [ 0  0  0  0  0 10]]
0.85
n_feature=10, score=0.85
[0, 1, 0, 1, 1, 1, 1, 1, 1, 0, 1, 0, 1, 0, 0, 0, 0, 0, 1, 0, 0, 0, 0, 0]
[[ 9  0  0  0  0  1]
 [ 0  6  0  0  0  4]
 [ 0  0 10  0  0  0]
 [ 0  0  0 10  0  0]
 [ 0  0  0  0  6  4]
 [ 0  0  0  0  0 10]]
0.85
n_feature=13, score=0.8
[0, 1, 0, 0, 1, 1, 1, 1, 1, 0, 1, 0, 1, 0, 0, 1, 0, 1, 1, 1, 0, 0, 0, 1]
[[ 8  1  0  0  0  1]
 [ 0  6  0  0  0  4]
 [ 0  0 10  0  0  0]
 [ 0  0  0  9  0  1]
 [ 0  0  0  0  6  4]
 [ 0  0  1  0  0  9]]
0.8
n_feature=13, score=0.85
[0, 1, 0, 1, 1, 1, 1, 1, 1, 0, 1, 0, 1, 0, 0, 1, 0, 1, 1, 1, 0, 0, 0, 0]
[[ 9  0  0  0  0  1]
 [ 0  6  0  0  0  4]
 [ 0  0 10  0  0  0]
 [ 0  0  0 10  0  0]
 [ 0  0  0  0  6  4]
 [ 0  0  0  0  0 10]]
0.85
n_feature=13, score=0.85
[0, 1, 0, 1, 1, 1, 1, 1, 1, 0, 1, 0, 1, 0, 0, 1, 0, 1, 1, 1, 0, 0, 0, 0]
[[ 9  0  0  0  0  1]
 [ 0  6  0  0  0  4]
 [ 0  0 10  0  0  0]
 [ 0  0  0 10  0  0]
 [ 0  0  0  0  6  4]
 [ 0  0  0  0  0 10]]
0.85
n_feature=12, score=0.733
[0, 1, 0, 1, 1, 1, 1, 1, 1, 0, 0, 0, 1, 0, 0, 1, 0, 1, 1, 1, 0, 0, 0, 0]
[[ 9  0  0  0  0  1]
 [ 0  0  0  4  0  6]
 [ 0  0 10  0  0  0]
 [ 0  0  1  9  0  0]
 [ 0  0  0  0  6  4]
 [ 0  0  0  0  0 10]]
0.733
n_feature=11, score=0.833
[0, 1, 0, 1, 1, 1, 0, 1, 1, 0, 1, 0, 0, 1, 0, 0, 0, 0, 1, 0, 0, 0, 1, 1]
[[ 9  0  0  0  1  0]
 [ 0  2  4  0  2  2]
 [ 0  0 10  0  0  0]
 [ 0  0  1  9  0  0]
 [ 0  0  0  0 10  0]
 [ 0  0  0  0  0 10]]
0.833
n_feature=9, score=0.717
[0, 1, 0, 0, 1, 0, 1, 0, 1, 0, 1, 0, 1, 0, 0, 1, 0, 1, 1, 0, 0, 0, 0, 0]
[[ 8  1  0  0  1  0]
 [ 0  6  0  0  4  0]
 [ 0  0 10  0  0  0]
 [ 0  0  0  9  1  0]
 [ 0  0  0  0 10  0]
 [ 0  0  1  0  9  0]]
0.717
n_feature=14, score=0.867
[0, 1, 0, 1, 1, 1, 1, 1, 1, 0, 1, 0, 1, 0, 0, 1, 1, 1, 1, 1, 0, 0, 0, 0]
[[ 7  0  0  0  1  2]
 [ 0  5  0  0  3  2]
 [ 0  0 10  0  0  0]
 [ 0  0  0 10  0  0]
 [ 0  0  0  0 10  0]
 [ 0  0  0  0  0 10]]
0.867
n_feature=10, score=0.85
[0, 1, 0, 1, 1, 1, 1, 1, 1, 0, 1, 0, 1, 0, 0, 0, 0, 0, 1, 0, 0, 0, 0, 0]
[[ 9  0  0  0  0  1]
 [ 0  6  0  0  0  4]
 [ 0  0 10  0  0  0]
 [ 0  0  0 10  0  0]
 [ 0  0  0  0  6  4]
 [ 0  0  0  0  0 10]]
0.85
n_feature=12, score=0.75
[0, 1, 0, 1, 1, 1, 1, 1, 1, 0, 0, 0, 1, 0, 0, 1, 0, 1, 0, 1, 1, 0, 0, 0]
[[ 9  0  0  0  0  1]
 [ 0  1  0  4  0  5]
 [ 0  0 10  0  0  0]
 [ 0  0  1  9  0  0]
 [ 0  0  0  0  6  4]
 [ 0  0  0  0  0 10]]
0.75
n_feature=13, score=0.85
[0, 1, 0, 1, 1, 1, 1, 1, 1, 0, 1, 0, 1, 0, 0, 1, 0, 1, 1, 1, 0, 0, 0, 0]
[[ 9  0  0  0  0  1]
 [ 0  6  0  0  0  4]
 [ 0  0 10  0  0  0]
 [ 0  0  0 10  0  0]
 [ 0  0  0  0  6  4]
 [ 0  0  0  0  0 10]]
0.85
n_feature=11, score=0.85
[0, 1, 0, 1, 1, 1, 0, 1, 1, 0, 1, 1, 1, 0, 0, 1, 0, 1, 0, 0, 0, 0, 0, 0]
[[ 9  0  0  0  1  0]
 [ 0  6  0  0  4  0]
 [ 0  0 10  0  0  0]
 [ 1  0  0  9  0  0]
 [ 0  0  0  0 10  0]
 [ 0  1  0  0  2  7]]
0.85
n_feature=9, score=0.85
[0, 1, 0, 1, 1, 1, 0, 1, 1, 0, 1, 0, 1, 0, 0, 0, 0, 0, 1, 0, 0, 0, 0, 0]
[[ 9  0  0  0  0  1]
 [ 0  6  0  0  0  4]
 [ 0  0 10  0  0  0]
 [ 0  0  0 10  0  0]
 [ 0  0  0  0  6  4]
 [ 0  0  0  0  0 10]]
0.85
n_feature=13, score=0.85
[0, 1, 0, 1, 1, 1, 1, 1, 1, 0, 1, 1, 1, 0, 0, 1, 0, 1, 0, 1, 0, 0, 0, 0]
[[ 9  0  0  0  1  0]
 [ 0  6  0  0  4  0]
 [ 0  0 10  0  0  0]
 [ 1  0  0  9  0  0]
 [ 0  0  0  0 10  0]
 [ 0  1  0  0  2  7]]
0.85
n_feature=10, score=0.733
[0, 1, 0, 1, 1, 1, 1, 1, 1, 0, 0, 0, 1, 0, 0, 1, 0, 0, 1, 0, 0, 0, 0, 0]
[[ 9  0  0  0  0  1]
 [ 0  0  0  4  0  6]
 [ 0  0 10  0  0  0]
 [ 0  0  1  9  0  0]
 [ 0  0  0  0  6  4]
 [ 0  0  0  0  0 10]]
0.733
n_feature=12, score=0.85
[0, 1, 0, 1, 1, 1, 0, 1, 1, 0, 1, 1, 1, 0, 0, 1, 0, 1, 0, 1, 0, 0, 0, 0]
[[ 9  0  0  0  1  0]
 [ 0  6  0  0  4  0]
 [ 0  0 10  0  0  0]
 [ 1  0  0  9  0  0]
 [ 0  0  0  0 10  0]
 [ 0  1  0  0  2  7]]
0.85
n_feature=12, score=0.85
[0, 1, 0, 1, 1, 1, 0, 1, 1, 0, 1, 1, 1, 0, 0, 1, 0, 1, 0, 1, 0, 0, 0, 0]
[[ 9  0  0  0  1  0]
 [ 0  6  0  0  4  0]
 [ 0  0 10  0  0  0]
 [ 1  0  0  9  0  0]
 [ 0  0  0  0 10  0]
 [ 0  1  0  0  2  7]]
0.85
n_feature=13, score=0.85
[0, 1, 0, 1, 1, 1, 1, 1, 1, 0, 1, 0, 1, 0, 0, 1, 0, 1, 1, 1, 0, 0, 0, 0]
[[ 9  0  0  0  0  1]
 [ 0  6  0  0  0  4]
 [ 0  0 10  0  0  0]
 [ 0  0  0 10  0  0]
 [ 0  0  0  0  6  4]
 [ 0  0  0  0  0 10]]
0.85
n_feature=12, score=0.85
[0, 1, 0, 1, 1, 1, 1, 1, 1, 0, 1, 0, 1, 0, 0, 1, 0, 1, 1, 0, 0, 0, 0, 0]
[[ 9  0  0  0  0  1]
 [ 0  6  0  0  0  4]
 [ 0  0 10  0  0  0]
 [ 0  0  0 10  0  0]
 [ 0  0  0  0  6  4]
 [ 0  0  0  0  0 10]]
0.85
n_feature=12, score=0.85
[0, 1, 0, 1, 1, 1, 0, 1, 1, 0, 1, 1, 1, 0, 0, 1, 0, 1, 0, 1, 0, 0, 0, 0]
[[ 9  0  0  0  1  0]
 [ 0  6  0  0  4  0]
 [ 0  0 10  0  0  0]
 [ 1  0  0  9  0  0]
 [ 0  0  0  0 10  0]
 [ 0  1  0  0  2  7]]
0.85
n_feature=11, score=0.833
[0, 0, 0, 1, 1, 0, 0, 1, 1, 0, 1, 1, 1, 0, 0, 1, 0, 1, 0, 1, 0, 1, 0, 0]
[[ 8  1  0  0  1  0]
 [ 0  6  0  0  4  0]
 [ 0  0 10  0  0  0]
 [ 0  1  0  9  0  0]
 [ 0  0  0  0 10  0]
 [ 0  1  0  0  2  7]]
0.833
n_feature=14, score=0.783
[0, 1, 0, 0, 1, 0, 1, 1, 1, 0, 1, 0, 1, 0, 0, 1, 1, 1, 1, 1, 1, 0, 0, 1]
[[ 4  0  0  5  0  1]
 [ 0  4  1  3  0  2]
 [ 0  0 10  0  0  0]
 [ 0  0  0 10  0  0]
 [ 0  0  0  1  9  0]
 [ 0  0  0  0  0 10]]
0.783
n_feature=14, score=0.867
[0, 1, 0, 1, 1, 1, 1, 1, 1, 0, 1, 0, 1, 0, 0, 1, 1, 1, 1, 1, 0, 0, 0, 0]
[[ 7  0  0  0  1  2]
 [ 0  5  0  0  3  2]
 [ 0  0 10  0  0  0]
 [ 0  0  0 10  0  0]
 [ 0  0  0  0 10  0]
 [ 0  0  0  0  0 10]]
0.867
n_feature=9, score=0.85
[0, 1, 0, 1, 1, 1, 0, 1, 1, 0, 1, 0, 1, 0, 0, 0, 0, 0, 1, 0, 0, 0, 0, 0]
[[ 9  0  0  0  0  1]
 [ 0  6  0  0  0  4]
 [ 0  0 10  0  0  0]
 [ 0  0  0 10  0  0]
 [ 0  0  0  0  6  4]
 [ 0  0  0  0  0 10]]
0.85
n_feature=13, score=0.85
[0, 1, 0, 1, 1, 1, 1, 1, 1, 0, 1, 0, 1, 0, 0, 1, 0, 1, 1, 1, 0, 0, 0, 0]
[[ 9  0  0  0  0  1]
 [ 0  6  0  0  0  4]
 [ 0  0 10  0  0  0]
 [ 0  0  0 10  0  0]
 [ 0  0  0  0  6  4]
 [ 0  0  0  0  0 10]]
0.85
n_feature=10, score=0.85
[0, 1, 0, 1, 1, 1, 1, 1, 1, 0, 1, 0, 1, 0, 0, 0, 0, 0, 1, 0, 0, 0, 0, 0]
[[ 9  0  0  0  0  1]
 [ 0  6  0  0  0  4]
 [ 0  0 10  0  0  0]
 [ 0  0  0 10  0  0]
 [ 0  0  0  0  6  4]
 [ 0  0  0  0  0 10]]
0.85
n_feature=13, score=0.867
[0, 1, 0, 1, 1, 1, 1, 1, 1, 0, 1, 0, 1, 0, 0, 0, 1, 1, 1, 1, 0, 0, 0, 0]
[[ 7  0  0  0  1  2]
 [ 0  5  0  0  3  2]
 [ 0  0 10  0  0  0]
 [ 0  0  0 10  0  0]
 [ 0  0  0  0 10  0]
 [ 0  0  0  0  0 10]]
0.867
n_feature=11, score=0.85
[0, 1, 0, 1, 1, 1, 1, 1, 1, 0, 1, 0, 1, 0, 0, 1, 0, 0, 1, 0, 0, 0, 0, 0]
[[ 9  0  0  0  0  1]
 [ 0  6  0  0  0  4]
 [ 0  0 10  0  0  0]
 [ 0  0  0 10  0  0]
 [ 0  0  0  0  6  4]
 [ 0  0  0  0  0 10]]
0.85
n_feature=14, score=0.75
[0, 1, 0, 0, 1, 1, 1, 1, 1, 1, 1, 0, 1, 0, 0, 1, 1, 1, 1, 1, 0, 0, 0, 0]
[[ 3  0  0  5  0  2]
 [ 0  4  1  3  0  2]
 [ 0  0 10  0  0  0]
 [ 0  0  0 10  0  0]
 [ 0  0  0  2  8  0]
 [ 0  0  0  0  0 10]]
0.75
n_feature=13, score=0.75
[0, 1, 0, 0, 1, 1, 1, 1, 1, 0, 1, 0, 1, 0, 0, 1, 1, 1, 1, 1, 0, 0, 0, 0]
[[ 3  0  0  5  0  2]
 [ 0  4  1  3  0  2]
 [ 0  0 10  0  0  0]
 [ 0  0  0 10  0  0]
 [ 0  0  0  2  8  0]
 [ 0  0  0  0  0 10]]
0.75
n_feature=10, score=0.85
[0, 1, 0, 1, 1, 1, 1, 1, 1, 0, 1, 0, 1, 0, 0, 0, 0, 0, 1, 0, 0, 0, 0, 0]
[[ 9  0  0  0  0  1]
 [ 0  6  0  0  0  4]
 [ 0  0 10  0  0  0]
 [ 0  0  0 10  0  0]
 [ 0  0  0  0  6  4]
 [ 0  0  0  0  0 10]]
0.85
n_feature=12, score=0.783
[0, 1, 0, 1, 1, 1, 0, 0, 1, 0, 1, 0, 1, 0, 0, 1, 1, 1, 1, 1, 0, 0, 0, 0]
[[ 7  0  0  0  1  2]
 [ 0  0  5  0  3  2]
 [ 0  0 10  0  0  0]
 [ 0  0  0 10  0  0]
 [ 0  0  0  0 10  0]
 [ 0  0  0  0  0 10]]
0.783
n_feature=9, score=0.85
[0, 1, 0, 1, 1, 1, 0, 1, 1, 0, 1, 0, 1, 0, 0, 0, 0, 0, 1, 0, 0, 0, 0, 0]
[[ 9  0  0  0  0  1]
 [ 0  6  0  0  0  4]
 [ 0  0 10  0  0  0]
 [ 0  0  0 10  0  0]
 [ 0  0  0  0  6  4]
 [ 0  0  0  0  0 10]]
0.85
n_feature=14, score=0.867
[0, 1, 0, 1, 1, 1, 1, 1, 1, 0, 1, 0, 1, 0, 0, 1, 1, 1, 1, 1, 0, 0, 0, 0]
[[ 7  0  0  0  1  2]
 [ 0  5  0  0  3  2]
 [ 0  0 10  0  0  0]
 [ 0  0  0 10  0  0]
 [ 0  0  0  0 10  0]
 [ 0  0  0  0  0 10]]
0.867
n_feature=10, score=0.85
[0, 1, 0, 1, 1, 1, 1, 1, 1, 0, 1, 0, 1, 0, 0, 0, 0, 0, 1, 0, 0, 0, 0, 0]
[[ 9  0  0  0  0  1]
 [ 0  6  0  0  0  4]
 [ 0  0 10  0  0  0]
 [ 0  0  0 10  0  0]
 [ 0  0  0  0  6  4]
 [ 0  0  0  0  0 10]]
0.85
n_feature=13, score=0.85
[0, 1, 0, 1, 1, 1, 1, 1, 1, 0, 1, 0, 1, 0, 0, 1, 0, 1, 1, 1, 0, 0, 0, 0]
[[ 9  0  0  0  0  1]
 [ 0  6  0  0  0  4]
 [ 0  0 10  0  0  0]
 [ 0  0  0 10  0  0]
 [ 0  0  0  0  6  4]
 [ 0  0  0  0  0 10]]
0.85
n_feature=14, score=0.867
[0, 1, 0, 1, 1, 1, 1, 1, 1, 0, 1, 0, 1, 0, 0, 1, 1, 1, 1, 1, 0, 0, 0, 0]
[[ 7  0  0  0  1  2]
 [ 0  5  0  0  3  2]
 [ 0  0 10  0  0  0]
 [ 0  0  0 10  0  0]
 [ 0  0  0  0 10  0]
 [ 0  0  0  0  0 10]]
0.867
n_feature=10, score=0.85
[0, 1, 0, 1, 1, 1, 1, 1, 1, 0, 1, 0, 1, 0, 0, 0, 0, 0, 1, 0, 0, 0, 0, 0]
[[ 9  0  0  0  0  1]
 [ 0  6  0  0  0  4]
 [ 0  0 10  0  0  0]
 [ 0  0  0 10  0  0]
 [ 0  0  0  0  6  4]
 [ 0  0  0  0  0 10]]
0.85
n_feature=10, score=0.85
[0, 1, 0, 1, 1, 1, 1, 1, 1, 0, 1, 0, 1, 0, 0, 0, 0, 0, 1, 0, 0, 0, 0, 0]
[[ 9  0  0  0  0  1]
 [ 0  6  0  0  0  4]
 [ 0  0 10  0  0  0]
 [ 0  0  0 10  0  0]
 [ 0  0  0  0  6  4]
 [ 0  0  0  0  0 10]]
0.85
n_feature=9, score=0.767
[0, 1, 0, 1, 1, 1, 1, 1, 0, 0, 1, 0, 1, 0, 0, 0, 0, 0, 1, 0, 0, 0, 0, 0]
[[ 9  0  0  0  0  1]
 [ 0  2  4  0  0  4]
 [ 0  0 10  0  0  0]
 [ 0  0  0 10  0  0]
 [ 0  0  0  0  6  4]
 [ 0  1  0  0  0  9]]
0.767
n_feature=13, score=0.867
[0, 1, 0, 1, 1, 1, 1, 1, 1, 0, 1, 0, 1, 0, 0, 0, 1, 1, 1, 1, 0, 0, 0, 0]
[[ 7  0  0  0  1  2]
 [ 0  5  0  0  3  2]
 [ 0  0 10  0  0  0]
 [ 0  0  0 10  0  0]
 [ 0  0  0  0 10  0]
 [ 0  0  0  0  0 10]]
0.867
n_feature=13, score=0.867
[0, 1, 0, 1, 1, 1, 1, 1, 1, 0, 1, 0, 1, 0, 0, 0, 1, 1, 1, 1, 0, 0, 0, 0]
[[ 7  0  0  0  1  2]
 [ 0  5  0  0  3  2]
 [ 0  0 10  0  0  0]
 [ 0  0  0 10  0  0]
 [ 0  0  0  0 10  0]
 [ 0  0  0  0  0 10]]
0.867
n_feature=14, score=0.867
[0, 1, 0, 1, 1, 1, 1, 1, 1, 0, 1, 0, 1, 0, 0, 1, 1, 1, 1, 1, 0, 0, 0, 0]
[[ 7  0  0  0  1  2]
 [ 0  5  0  0  3  2]
 [ 0  0 10  0  0  0]
 [ 0  0  0 10  0  0]
 [ 0  0  0  0 10  0]
 [ 0  0  0  0  0 10]]
0.867
n_feature=14, score=0.867
[0, 1, 0, 1, 1, 1, 1, 1, 1, 0, 1, 0, 1, 0, 0, 1, 1, 1, 1, 1, 0, 0, 0, 0]
[[ 7  0  0  0  1  2]
 [ 0  5  0  0  3  2]
 [ 0  0 10  0  0  0]
 [ 0  0  0 10  0  0]
 [ 0  0  0  0 10  0]
 [ 0  0  0  0  0 10]]
0.867
n_feature=13, score=0.817
[0, 1, 0, 1, 0, 1, 1, 1, 1, 0, 1, 0, 1, 0, 0, 1, 1, 1, 1, 1, 0, 0, 0, 0]
[[ 4  0  0  3  1  2]
 [ 0  5  0  0  3  2]
 [ 0  0 10  0  0  0]
 [ 0  0  0 10  0  0]
 [ 0  0  0  0 10  0]
 [ 0  0  0  0  0 10]]
0.817
n_feature=14, score=0.867
[0, 1, 0, 1, 1, 1, 1, 1, 1, 0, 1, 0, 1, 0, 0, 1, 1, 1, 1, 1, 0, 0, 0, 0]
[[ 7  0  0  0  1  2]
 [ 0  5  0  0  3  2]
 [ 0  0 10  0  0  0]
 [ 0  0  0 10  0  0]
 [ 0  0  0  0 10  0]
 [ 0  0  0  0  0 10]]
0.867
n_feature=15, score=0.833
[0, 1, 0, 1, 1, 1, 1, 1, 1, 0, 1, 0, 1, 0, 1, 1, 1, 1, 1, 1, 0, 0, 0, 0]
[[ 6  1  0  1  0  2]
 [ 0  5  3  0  0  2]
 [ 0  0 10  0  0  0]
 [ 0  0  0 10  0  0]
 [ 0  1  0  0  9  0]
 [ 0  0  0  0  0 10]]
0.833
n_feature=9, score=0.85
[0, 1, 0, 1, 1, 1, 0, 1, 1, 0, 1, 0, 1, 0, 0, 0, 0, 0, 1, 0, 0, 0, 0, 0]
[[ 9  0  0  0  0  1]
 [ 0  6  0  0  0  4]
 [ 0  0 10  0  0  0]
 [ 0  0  0 10  0  0]
 [ 0  0  0  0  6  4]
 [ 0  0  0  0  0 10]]
0.85
n_feature=9, score=0.85
[0, 1, 0, 1, 1, 1, 0, 1, 1, 0, 1, 0, 1, 0, 0, 0, 0, 0, 1, 0, 0, 0, 0, 0]
[[ 9  0  0  0  0  1]
 [ 0  6  0  0  0  4]
 [ 0  0 10  0  0  0]
 [ 0  0  0 10  0  0]
 [ 0  0  0  0  6  4]
 [ 0  0  0  0  0 10]]
0.85
n_feature=10, score=0.85
[0, 1, 0, 1, 1, 1, 1, 1, 1, 0, 1, 0, 1, 0, 0, 0, 0, 0, 1, 0, 0, 0, 0, 0]
[[ 9  0  0  0  0  1]
 [ 0  6  0  0  0  4]
 [ 0  0 10  0  0  0]
 [ 0  0  0 10  0  0]
 [ 0  0  0  0  6  4]
 [ 0  0  0  0  0 10]]
0.85
n_feature=13, score=0.8
[0, 1, 0, 1, 1, 1, 1, 1, 1, 0, 0, 0, 1, 0, 0, 0, 1, 1, 1, 1, 1, 0, 0, 0]
[[ 8  1  0  0  0  1]
 [ 0  2  0  5  1  2]
 [ 0  0 10  0  0  0]
 [ 0  0  1  9  0  0]
 [ 0  1  0  0  9  0]
 [ 0  0  0  0  0 10]]
0.8
n_feature=10, score=0.85
[0, 1, 0, 1, 1, 1, 1, 1, 1, 0, 1, 0, 1, 0, 0, 0, 0, 0, 1, 0, 0, 0, 0, 0]
[[ 9  0  0  0  0  1]
 [ 0  6  0  0  0  4]
 [ 0  0 10  0  0  0]
 [ 0  0  0 10  0  0]
 [ 0  0  0  0  6  4]
 [ 0  0  0  0  0 10]]
0.85
n_feature=10, score=0.85
[0, 1, 0, 1, 1, 1, 1, 1, 1, 0, 1, 0, 1, 0, 0, 0, 0, 0, 1, 0, 0, 0, 0, 0]
[[ 9  0  0  0  0  1]
 [ 0  6  0  0  0  4]
 [ 0  0 10  0  0  0]
 [ 0  0  0 10  0  0]
 [ 0  0  0  0  6  4]
 [ 0  0  0  0  0 10]]
0.85
n_feature=9, score=0.85
[0, 1, 0, 1, 1, 1, 0, 1, 1, 0, 1, 0, 1, 0, 0, 0, 0, 0, 1, 0, 0, 0, 0, 0]
[[ 9  0  0  0  0  1]
 [ 0  6  0  0  0  4]
 [ 0  0 10  0  0  0]
 [ 0  0  0 10  0  0]
 [ 0  0  0  0  6  4]
 [ 0  0  0  0  0 10]]
0.85
n_feature=9, score=0.85
[0, 1, 0, 1, 1, 1, 0, 1, 1, 0, 1, 0, 1, 0, 0, 0, 0, 0, 1, 0, 0, 0, 0, 0]
[[ 9  0  0  0  0  1]
 [ 0  6  0  0  0  4]
 [ 0  0 10  0  0  0]
 [ 0  0  0 10  0  0]
 [ 0  0  0  0  6  4]
 [ 0  0  0  0  0 10]]
0.85
n_feature=12, score=0.7
[0, 1, 0, 1, 0, 1, 1, 1, 0, 0, 1, 0, 1, 0, 0, 1, 1, 1, 1, 1, 0, 0, 0, 0]
[[ 4  0  0  3  0  3]
 [ 0  0  5  3  0  2]
 [ 0  0 10  0  0  0]
 [ 0  0  0 10  0  0]
 [ 0  0  0  2  8  0]
 [ 0  0  0  0  0 10]]
0.7
n_feature=12, score=0.867
[0, 1, 0, 1, 1, 0, 1, 1, 1, 0, 1, 0, 1, 0, 0, 0, 1, 1, 1, 1, 0, 0, 0, 0]
[[ 7  0  0  0  1  2]
 [ 0  5  0  0  3  2]
 [ 0  0 10  0  0  0]
 [ 0  0  0 10  0  0]
 [ 0  0  0  0 10  0]
 [ 0  0  0  0  0 10]]
0.867
n_feature=13, score=0.867
[0, 1, 0, 1, 1, 1, 1, 1, 1, 0, 1, 0, 1, 0, 0, 0, 1, 1, 1, 1, 0, 0, 0, 0]
[[ 7  0  0  0  1  2]
 [ 0  5  0  0  3  2]
 [ 0  0 10  0  0  0]
 [ 0  0  0 10  0  0]
 [ 0  0  0  0 10  0]
 [ 0  0  0  0  0 10]]
0.867
n_feature=13, score=0.867
[0, 1, 0, 1, 1, 1, 0, 1, 1, 0, 1, 0, 1, 0, 0, 1, 1, 1, 1, 1, 0, 0, 0, 0]
[[ 7  0  0  0  1  2]
 [ 0  5  0  0  3  2]
 [ 0  0 10  0  0  0]
 [ 0  0  0 10  0  0]
 [ 0  0  0  0 10  0]
 [ 0  0  0  0  0 10]]
0.867
n_feature=10, score=0.85
[0, 1, 0, 1, 1, 1, 1, 1, 1, 0, 1, 0, 1, 0, 0, 0, 0, 0, 1, 0, 0, 0, 0, 0]
[[ 9  0  0  0  0  1]
 [ 0  6  0  0  0  4]
 [ 0  0 10  0  0  0]
 [ 0  0  0 10  0  0]
 [ 0  0  0  0  6  4]
 [ 0  0  0  0  0 10]]
0.85
n_feature=8, score=0.8
[0, 1, 0, 0, 1, 1, 0, 1, 1, 0, 1, 0, 1, 0, 0, 0, 0, 0, 1, 0, 0, 0, 0, 0]
[[ 8  1  0  0  0  1]
 [ 0  6  0  0  0  4]
 [ 0  0 10  0  0  0]
 [ 0  0  0  9  0  1]
 [ 0  0  0  0  6  4]
 [ 0  0  1  0  0  9]]
0.8
n_feature=14, score=0.9
[0, 1, 0, 1, 1, 1, 1, 1, 1, 0, 1, 1, 0, 0, 0, 1, 1, 1, 1, 1, 0, 0, 0, 0]
[[ 9  0  0  0  1  0]
 [ 0  6  0  0  3  1]
 [ 0  0 10  0  0  0]
 [ 0  1  0  9  0  0]
 [ 0  0  0  0 10  0]
 [ 0  0  0  0  0 10]]
0.9
n_feature=15, score=0.883
[0, 1, 0, 1, 1, 1, 1, 1, 1, 0, 1, 0, 1, 0, 0, 1, 1, 1, 1, 1, 0, 1, 0, 0]
[[ 8  0  0  1  1  0]
 [ 0  5  0  0  3  2]
 [ 0  0 10  0  0  0]
 [ 0  0  0 10  0  0]
 [ 0  0  0  0 10  0]
 [ 0  0  0  0  0 10]]
0.883
n_feature=13, score=0.867
[0, 1, 0, 1, 1, 1, 1, 1, 1, 0, 1, 0, 1, 0, 0, 0, 1, 1, 1, 1, 0, 0, 0, 0]
[[ 7  0  0  0  1  2]
 [ 0  5  0  0  3  2]
 [ 0  0 10  0  0  0]
 [ 0  0  0 10  0  0]
 [ 0  0  0  0 10  0]
 [ 0  0  0  0  0 10]]
0.867
n_feature=9, score=0.85
[0, 1, 0, 1, 1, 1, 0, 1, 1, 0, 1, 0, 1, 0, 0, 0, 0, 0, 1, 0, 0, 0, 0, 0]
[[ 9  0  0  0  0  1]
 [ 0  6  0  0  0  4]
 [ 0  0 10  0  0  0]
 [ 0  0  0 10  0  0]
 [ 0  0  0  0  6  4]
 [ 0  0  0  0  0 10]]
0.85
n_feature=14, score=0.867
[0, 1, 0, 1, 1, 1, 1, 1, 1, 0, 1, 0, 1, 0, 0, 1, 1, 1, 1, 1, 0, 0, 0, 0]
[[ 7  0  0  0  1  2]
 [ 0  5  0  0  3  2]
 [ 0  0 10  0  0  0]
 [ 0  0  0 10  0  0]
 [ 0  0  0  0 10  0]
 [ 0  0  0  0  0 10]]
0.867
n_feature=15, score=0.867
[0, 1, 0, 1, 1, 1, 1, 1, 1, 0, 1, 0, 1, 1, 0, 1, 1, 1, 1, 1, 0, 0, 0, 0]
[[ 7  0  0  0  1  2]
 [ 0  5  0  0  3  2]
 [ 0  0 10  0  0  0]
 [ 0  0  0 10  0  0]
 [ 0  0  0  0 10  0]
 [ 0  0  0  0  0 10]]
0.867
n_feature=14, score=0.9
[0, 1, 0, 1, 1, 1, 1, 1, 1, 0, 1, 1, 0, 0, 0, 1, 1, 1, 1, 1, 0, 0, 0, 0]
[[ 9  0  0  0  1  0]
 [ 0  6  0  0  3  1]
 [ 0  0 10  0  0  0]
 [ 0  1  0  9  0  0]
 [ 0  0  0  0 10  0]
 [ 0  0  0  0  0 10]]
0.9
n_feature=12, score=0.867
[0, 1, 0, 1, 1, 0, 1, 1, 1, 0, 1, 0, 1, 0, 0, 0, 1, 1, 1, 1, 0, 0, 0, 0]
[[ 7  0  0  0  1  2]
 [ 0  5  0  0  3  2]
 [ 0  0 10  0  0  0]
 [ 0  0  0 10  0  0]
 [ 0  0  0  0 10  0]
 [ 0  0  0  0  0 10]]
0.867
n_feature=13, score=0.867
[0, 1, 0, 1, 1, 0, 0, 1, 1, 0, 1, 0, 1, 1, 0, 1, 1, 1, 1, 1, 0, 0, 0, 0]
[[ 7  0  0  0  1  2]
 [ 0  5  0  0  3  2]
 [ 0  0 10  0  0  0]
 [ 0  0  0 10  0  0]
 [ 0  0  0  0 10  0]
 [ 0  0  0  0  0 10]]
0.867
n_feature=14, score=0.867
[0, 1, 0, 1, 1, 1, 1, 1, 1, 0, 1, 0, 1, 0, 0, 1, 1, 1, 1, 1, 0, 0, 0, 0]
[[ 7  0  0  0  1  2]
 [ 0  5  0  0  3  2]
 [ 0  0 10  0  0  0]
 [ 0  0  0 10  0  0]
 [ 0  0  0  0 10  0]
 [ 0  0  0  0  0 10]]
0.867
n_feature=14, score=0.9
[0, 1, 0, 1, 1, 1, 1, 1, 1, 0, 1, 1, 0, 0, 0, 1, 1, 1, 1, 1, 0, 0, 0, 0]
[[ 9  0  0  0  1  0]
 [ 0  6  0  0  3  1]
 [ 0  0 10  0  0  0]
 [ 0  1  0  9  0  0]
 [ 0  0  0  0 10  0]
 [ 0  0  0  0  0 10]]
0.9
n_feature=13, score=0.867
[0, 1, 0, 1, 1, 1, 1, 1, 1, 0, 1, 0, 1, 0, 0, 0, 1, 1, 1, 1, 0, 0, 0, 0]
[[ 7  0  0  0  1  2]
 [ 0  5  0  0  3  2]
 [ 0  0 10  0  0  0]
 [ 0  0  0 10  0  0]
 [ 0  0  0  0 10  0]
 [ 0  0  0  0  0 10]]
0.867
n_feature=12, score=0.867
[0, 1, 0, 1, 1, 0, 1, 1, 1, 0, 1, 0, 1, 0, 0, 0, 1, 1, 1, 1, 0, 0, 0, 0]
[[ 7  0  0  0  1  2]
 [ 0  5  0  0  3  2]
 [ 0  0 10  0  0  0]
 [ 0  0  0 10  0  0]
 [ 0  0  0  0 10  0]
 [ 0  0  0  0  0 10]]
0.867
n_feature=13, score=0.883
[0, 1, 0, 1, 1, 0, 1, 1, 1, 0, 1, 0, 1, 0, 0, 0, 1, 1, 1, 1, 0, 1, 0, 0]
[[ 8  0  0  1  1  0]
 [ 0  5  0  0  3  2]
 [ 0  0 10  0  0  0]
 [ 0  0  0 10  0  0]
 [ 0  0  0  0 10  0]
 [ 0  0  0  0  0 10]]
0.883
n_feature=15, score=0.883
[0, 1, 0, 1, 1, 1, 1, 1, 1, 0, 1, 0, 1, 0, 0, 1, 1, 1, 1, 1, 0, 1, 0, 0]
[[ 8  0  0  1  1  0]
 [ 0  5  0  0  3  2]
 [ 0  0 10  0  0  0]
 [ 0  0  0 10  0  0]
 [ 0  0  0  0 10  0]
 [ 0  0  0  0  0 10]]
0.883
n_feature=13, score=0.867
[0, 1, 0, 1, 1, 1, 1, 1, 1, 0, 1, 0, 1, 0, 0, 0, 1, 1, 1, 1, 0, 0, 0, 0]
[[ 7  0  0  0  1  2]
 [ 0  5  0  0  3  2]
 [ 0  0 10  0  0  0]
 [ 0  0  0 10  0  0]
 [ 0  0  0  0 10  0]
 [ 0  0  0  0  0 10]]
0.867
n_feature=13, score=0.867
[0, 1, 0, 1, 1, 1, 1, 1, 1, 0, 1, 0, 1, 0, 0, 0, 1, 1, 1, 1, 0, 0, 0, 0]
[[ 7  0  0  0  1  2]
 [ 0  5  0  0  3  2]
 [ 0  0 10  0  0  0]
 [ 0  0  0 10  0  0]
 [ 0  0  0  0 10  0]
 [ 0  0  0  0  0 10]]
0.867
n_feature=14, score=0.867
[0, 1, 0, 1, 1, 1, 1, 1, 1, 0, 1, 0, 1, 0, 0, 1, 1, 1, 1, 1, 0, 0, 0, 0]
[[ 7  0  0  0  1  2]
 [ 0  5  0  0  3  2]
 [ 0  0 10  0  0  0]
 [ 0  0  0 10  0  0]
 [ 0  0  0  0 10  0]
 [ 0  0  0  0  0 10]]
0.867
n_feature=14, score=0.9
[0, 1, 0, 1, 1, 1, 1, 1, 1, 0, 1, 1, 0, 0, 0, 1, 1, 1, 1, 1, 0, 0, 0, 0]
[[ 9  0  0  0  1  0]
 [ 0  6  0  0  3  1]
 [ 0  0 10  0  0  0]
 [ 0  1  0  9  0  0]
 [ 0  0  0  0 10  0]
 [ 0  0  0  0  0 10]]
0.9
n_feature=13, score=0.867
[0, 1, 0, 1, 1, 1, 1, 1, 1, 0, 1, 0, 1, 0, 0, 0, 1, 1, 1, 1, 0, 0, 0, 0]
[[ 7  0  0  0  1  2]
 [ 0  5  0  0  3  2]
 [ 0  0 10  0  0  0]
 [ 0  0  0 10  0  0]
 [ 0  0  0  0 10  0]
 [ 0  0  0  0  0 10]]
0.867
n_feature=14, score=0.867
[0, 1, 0, 1, 1, 1, 1, 1, 1, 0, 1, 0, 1, 0, 0, 1, 1, 1, 1, 1, 0, 0, 0, 0]
[[ 7  0  0  0  1  2]
 [ 0  5  0  0  3  2]
 [ 0  0 10  0  0  0]
 [ 0  0  0 10  0  0]
 [ 0  0  0  0 10  0]
 [ 0  0  0  0  0 10]]
0.867
n_feature=15, score=0.883
[0, 1, 0, 1, 1, 1, 1, 1, 1, 0, 1, 0, 1, 0, 0, 1, 1, 1, 1, 1, 0, 1, 0, 0]
[[ 8  0  0  1  1  0]
 [ 0  5  0  0  3  2]
 [ 0  0 10  0  0  0]
 [ 0  0  0 10  0  0]
 [ 0  0  0  0 10  0]
 [ 0  0  0  0  0 10]]
0.883
n_feature=13, score=0.9
[0, 1, 0, 1, 1, 1, 1, 1, 1, 0, 1, 1, 0, 0, 0, 0, 1, 1, 1, 1, 0, 0, 0, 0]
[[ 9  0  0  0  1  0]
 [ 0  6  0  0  3  1]
 [ 0  0 10  0  0  0]
 [ 0  1  0  9  0  0]
 [ 0  0  0  0 10  0]
 [ 0  0  0  0  0 10]]
0.9
n_feature=13, score=0.867
[0, 1, 0, 1, 1, 1, 1, 1, 1, 0, 1, 0, 1, 0, 0, 0, 1, 1, 1, 1, 0, 0, 0, 0]
[[ 7  0  0  0  1  2]
 [ 0  5  0  0  3  2]
 [ 0  0 10  0  0  0]
 [ 0  0  0 10  0  0]
 [ 0  0  0  0 10  0]
 [ 0  0  0  0  0 10]]
0.867
n_feature=10, score=0.733
[0, 1, 0, 1, 0, 0, 1, 0, 1, 0, 1, 0, 1, 0, 0, 0, 1, 1, 1, 1, 0, 0, 0, 0]
[[ 4  0  0  3  1  2]
 [ 0  0  5  0  3  2]
 [ 0  0 10  0  0  0]
 [ 0  0  0 10  0  0]
 [ 0  0  0  0 10  0]
 [ 0  0  0  0  0 10]]
0.733
n_feature=16, score=0.883
[0, 1, 0, 1, 1, 1, 1, 1, 1, 0, 1, 0, 1, 1, 0, 1, 1, 1, 1, 1, 0, 1, 0, 0]
[[ 8  0  0  1  1  0]
 [ 0  5  0  0  3  2]
 [ 0  0 10  0  0  0]
 [ 0  0  0 10  0  0]
 [ 0  0  0  0 10  0]
 [ 0  0  0  0  0 10]]
0.883
n_feature=16, score=0.8
[0, 1, 0, 1, 1, 1, 1, 1, 1, 0, 1, 0, 1, 0, 0, 1, 1, 1, 1, 1, 0, 1, 1, 0]
[[ 8  0  0  1  1  0]
 [ 0  1  4  2  2  1]
 [ 0  0 10  0  0  0]
 [ 0  0  1  9  0  0]
 [ 0  0  0  0 10  0]
 [ 0  0  0  0  0 10]]
0.8
n_feature=14, score=0.9
[0, 1, 0, 1, 1, 1, 1, 1, 1, 0, 1, 1, 0, 0, 0, 1, 1, 1, 1, 1, 0, 0, 0, 0]
[[ 9  0  0  0  1  0]
 [ 0  6  0  0  3  1]
 [ 0  0 10  0  0  0]
 [ 0  1  0  9  0  0]
 [ 0  0  0  0 10  0]
 [ 0  0  0  0  0 10]]
0.9
n_feature=14, score=0.9
[0, 1, 0, 1, 1, 1, 1, 1, 1, 0, 1, 1, 0, 0, 0, 1, 1, 1, 1, 1, 0, 0, 0, 0]
[[ 9  0  0  0  1  0]
 [ 0  6  0  0  3  1]
 [ 0  0 10  0  0  0]
 [ 0  1  0  9  0  0]
 [ 0  0  0  0 10  0]
 [ 0  0  0  0  0 10]]
0.9
n_feature=13, score=0.867
[0, 1, 0, 1, 1, 1, 0, 1, 1, 0, 1, 0, 1, 0, 0, 1, 1, 1, 1, 1, 0, 0, 0, 0]
[[ 7  0  0  0  1  2]
 [ 0  5  0  0  3  2]
 [ 0  0 10  0  0  0]
 [ 0  0  0 10  0  0]
 [ 0  0  0  0 10  0]
 [ 0  0  0  0  0 10]]
0.867
n_feature=13, score=0.9
[0, 1, 0, 1, 0, 1, 1, 1, 1, 0, 1, 1, 0, 0, 0, 1, 1, 1, 1, 1, 0, 0, 0, 0]
[[ 9  0  0  0  1  0]
 [ 0  6  0  0  3  1]
 [ 0  0 10  0  0  0]
 [ 0  1  0  9  0  0]
 [ 0  0  0  0 10  0]
 [ 0  0  0  0  0 10]]
0.9
n_feature=15, score=0.883
[0, 1, 0, 1, 1, 1, 1, 1, 1, 0, 1, 0, 1, 0, 0, 1, 1, 1, 1, 1, 0, 1, 0, 0]
[[ 8  0  0  1  1  0]
 [ 0  5  0  0  3  2]
 [ 0  0 10  0  0  0]
 [ 0  0  0 10  0  0]
 [ 0  0  0  0 10  0]
 [ 0  0  0  0  0 10]]
0.883
n_feature=13, score=0.867
[0, 1, 0, 1, 1, 1, 0, 1, 1, 0, 1, 0, 1, 0, 0, 1, 1, 1, 1, 1, 0, 0, 0, 0]
[[ 7  0  0  0  1  2]
 [ 0  5  0  0  3  2]
 [ 0  0 10  0  0  0]
 [ 0  0  0 10  0  0]
 [ 0  0  0  0 10  0]
 [ 0  0  0  0  0 10]]
0.867
n_feature=14, score=0.9
[0, 1, 0, 1, 1, 1, 1, 1, 1, 0, 1, 1, 0, 0, 0, 1, 1, 1, 1, 1, 0, 0, 0, 0]
[[ 9  0  0  0  1  0]
 [ 0  6  0  0  3  1]
 [ 0  0 10  0  0  0]
 [ 0  1  0  9  0  0]
 [ 0  0  0  0 10  0]
 [ 0  0  0  0  0 10]]
0.9
n_feature=13, score=0.867
[0, 1, 0, 1, 1, 1, 0, 1, 1, 0, 1, 0, 1, 0, 0, 1, 1, 1, 1, 1, 0, 0, 0, 0]
[[ 7  0  0  0  1  2]
 [ 0  5  0  0  3  2]
 [ 0  0 10  0  0  0]
 [ 0  0  0 10  0  0]
 [ 0  0  0  0 10  0]
 [ 0  0  0  0  0 10]]
0.867
n_feature=14, score=0.867
[0, 1, 0, 1, 0, 1, 1, 1, 1, 0, 1, 0, 1, 0, 0, 1, 1, 1, 1, 1, 0, 1, 0, 0]
[[ 7  0  0  1  1  1]
 [ 0  5  0  0  3  2]
 [ 0  0 10  0  0  0]
 [ 0  0  0 10  0  0]
 [ 0  0  0  0 10  0]
 [ 0  0  0  0  0 10]]
0.867
n_feature=14, score=0.9
[0, 1, 0, 1, 1, 1, 1, 1, 1, 0, 1, 1, 0, 0, 0, 1, 1, 1, 1, 1, 0, 0, 0, 0]
[[ 9  0  0  0  1  0]
 [ 0  6  0  0  3  1]
 [ 0  0 10  0  0  0]
 [ 0  1  0  9  0  0]
 [ 0  0  0  0 10  0]
 [ 0  0  0  0  0 10]]
0.9
n_feature=13, score=0.9
[0, 1, 0, 1, 1, 1, 1, 1, 1, 0, 1, 1, 0, 0, 0, 0, 1, 1, 1, 1, 0, 0, 0, 0]
[[ 9  0  0  0  1  0]
 [ 0  6  0  0  3  1]
 [ 0  0 10  0  0  0]
 [ 0  1  0  9  0  0]
 [ 0  0  0  0 10  0]
 [ 0  0  0  0  0 10]]
0.9
n_feature=14, score=0.9
[0, 1, 0, 1, 1, 1, 1, 1, 1, 0, 1, 1, 0, 0, 0, 1, 1, 1, 1, 1, 0, 0, 0, 0]
[[ 9  0  0  0  1  0]
 [ 0  6  0  0  3  1]
 [ 0  0 10  0  0  0]
 [ 0  1  0  9  0  0]
 [ 0  0  0  0 10  0]
 [ 0  0  0  0  0 10]]
0.9
n_feature=13, score=0.9
[0, 1, 0, 1, 0, 1, 1, 1, 1, 0, 1, 1, 0, 0, 0, 1, 1, 1, 1, 1, 0, 0, 0, 0]
[[ 9  0  0  0  1  0]
 [ 0  6  0  0  3  1]
 [ 0  0 10  0  0  0]
 [ 0  1  0  9  0  0]
 [ 0  0  0  0 10  0]
 [ 0  0  0  0  0 10]]
0.9
n_feature=14, score=0.9
[0, 1, 0, 1, 1, 1, 1, 1, 1, 0, 1, 1, 0, 0, 0, 1, 1, 1, 1, 1, 0, 0, 0, 0]
[[ 9  0  0  0  1  0]
 [ 0  6  0  0  3  1]
 [ 0  0 10  0  0  0]
 [ 0  1  0  9  0  0]
 [ 0  0  0  0 10  0]
 [ 0  0  0  0  0 10]]
0.9
n_feature=13, score=0.9
[0, 1, 0, 1, 0, 1, 1, 1, 1, 0, 1, 1, 0, 0, 0, 1, 1, 1, 1, 1, 0, 0, 0, 0]
[[ 9  0  0  0  1  0]
 [ 0  6  0  0  3  1]
 [ 0  0 10  0  0  0]
 [ 0  1  0  9  0  0]
 [ 0  0  0  0 10  0]
 [ 0  0  0  0  0 10]]
0.9
n_feature=15, score=0.883
[0, 1, 0, 1, 1, 1, 1, 1, 1, 0, 1, 0, 1, 0, 0, 1, 1, 1, 1, 1, 0, 1, 0, 0]
[[ 8  0  0  1  1  0]
 [ 0  5  0  0  3  2]
 [ 0  0 10  0  0  0]
 [ 0  0  0 10  0  0]
 [ 0  0  0  0 10  0]
 [ 0  0  0  0  0 10]]
0.883
n_feature=14, score=0.9
[0, 1, 0, 1, 1, 1, 1, 1, 1, 0, 1, 1, 0, 0, 0, 1, 1, 1, 1, 1, 0, 0, 0, 0]
[[ 9  0  0  0  1  0]
 [ 0  6  0  0  3  1]
 [ 0  0 10  0  0  0]
 [ 0  1  0  9  0  0]
 [ 0  0  0  0 10  0]
 [ 0  0  0  0  0 10]]
0.9
n_feature=12, score=0.9
[0, 1, 0, 1, 1, 1, 1, 1, 1, 0, 1, 1, 0, 0, 0, 0, 1, 0, 1, 1, 0, 0, 0, 0]
[[ 9  0  0  0  1  0]
 [ 0  6  0  0  3  1]
 [ 0  0 10  0  0  0]
 [ 0  1  0  9  0  0]
 [ 0  0  0  0 10  0]
 [ 0  0  0  0  0 10]]
0.9
n_feature=14, score=0.9
[0, 1, 0, 1, 1, 1, 1, 1, 1, 0, 1, 1, 0, 0, 0, 1, 1, 1, 1, 1, 0, 0, 0, 0]
[[ 9  0  0  0  1  0]
 [ 0  6  0  0  3  1]
 [ 0  0 10  0  0  0]
 [ 0  1  0  9  0  0]
 [ 0  0  0  0 10  0]
 [ 0  0  0  0  0 10]]
0.9
n_feature=15, score=0.867
[0, 1, 0, 1, 0, 1, 1, 1, 1, 0, 1, 0, 1, 1, 0, 1, 1, 1, 1, 1, 0, 1, 0, 0]
[[ 7  0  0  1  1  1]
 [ 0  5  0  0  3  2]
 [ 0  0 10  0  0  0]
 [ 0  0  0 10  0  0]
 [ 0  0  0  0 10  0]
 [ 0  0  0  0  0 10]]
0.867
n_feature=15, score=0.9
[0, 1, 1, 1, 1, 1, 1, 1, 1, 0, 1, 1, 0, 0, 0, 0, 1, 1, 1, 1, 0, 0, 0, 1]
[[ 9  0  0  0  1  0]
 [ 0  6  0  0  3  1]
 [ 0  0 10  0  0  0]
 [ 0  1  0  9  0  0]
 [ 0  0  0  0 10  0]
 [ 0  0  0  0  0 10]]
0.9
n_feature=16, score=0.883
[0, 1, 0, 1, 1, 1, 1, 1, 1, 0, 1, 0, 1, 1, 0, 1, 1, 1, 1, 1, 0, 1, 0, 0]
[[ 8  0  0  1  1  0]
 [ 0  5  0  0  3  2]
 [ 0  0 10  0  0  0]
 [ 0  0  0 10  0  0]
 [ 0  0  0  0 10  0]
 [ 0  0  0  0  0 10]]
0.883
n_feature=15, score=0.883
[0, 1, 0, 1, 1, 1, 1, 1, 1, 0, 1, 0, 1, 0, 0, 1, 1, 1, 1, 1, 0, 1, 0, 0]
[[ 8  0  0  1  1  0]
 [ 0  5  0  0  3  2]
 [ 0  0 10  0  0  0]
 [ 0  0  0 10  0  0]
 [ 0  0  0  0 10  0]
 [ 0  0  0  0  0 10]]
0.883
n_feature=12, score=0.9
[0, 1, 0, 1, 1, 1, 1, 1, 1, 0, 1, 1, 0, 0, 0, 0, 1, 0, 1, 1, 0, 0, 0, 0]
[[ 9  0  0  0  1  0]
 [ 0  6  0  0  3  1]
 [ 0  0 10  0  0  0]
 [ 0  1  0  9  0  0]
 [ 0  0  0  0 10  0]
 [ 0  0  0  0  0 10]]
0.9
n_feature=14, score=0.9
[0, 1, 0, 1, 1, 1, 1, 1, 1, 0, 1, 1, 0, 0, 0, 1, 1, 1, 1, 1, 0, 0, 0, 0]
[[ 9  0  0  0  1  0]
 [ 0  6  0  0  3  1]
 [ 0  0 10  0  0  0]
 [ 0  1  0  9  0  0]
 [ 0  0  0  0 10  0]
 [ 0  0  0  0  0 10]]
0.9
n_feature=13, score=0.9
[0, 1, 0, 1, 0, 1, 1, 1, 1, 0, 1, 1, 0, 0, 0, 1, 1, 1, 1, 1, 0, 0, 0, 0]
[[ 9  0  0  0  1  0]
 [ 0  6  0  0  3  1]
 [ 0  0 10  0  0  0]
 [ 0  1  0  9  0  0]
 [ 0  0  0  0 10  0]
 [ 0  0  0  0  0 10]]
0.9
n_feature=13, score=0.9
[0, 1, 0, 1, 1, 1, 1, 1, 1, 0, 1, 1, 0, 0, 0, 0, 1, 1, 1, 1, 0, 0, 0, 0]
[[ 9  0  0  0  1  0]
 [ 0  6  0  0  3  1]
 [ 0  0 10  0  0  0]
 [ 0  1  0  9  0  0]
 [ 0  0  0  0 10  0]
 [ 0  0  0  0  0 10]]
0.9
n_feature=14, score=0.9
[0, 1, 0, 1, 1, 1, 1, 1, 1, 0, 1, 1, 0, 0, 0, 1, 1, 1, 1, 1, 0, 0, 0, 0]
[[ 9  0  0  0  1  0]
 [ 0  6  0  0  3  1]
 [ 0  0 10  0  0  0]
 [ 0  1  0  9  0  0]
 [ 0  0  0  0 10  0]
 [ 0  0  0  0  0 10]]
0.9
n_feature=14, score=0.9
[0, 1, 0, 1, 1, 1, 1, 1, 1, 0, 1, 1, 0, 0, 0, 1, 1, 1, 1, 1, 0, 0, 0, 0]
[[ 9  0  0  0  1  0]
 [ 0  6  0  0  3  1]
 [ 0  0 10  0  0  0]
 [ 0  1  0  9  0  0]
 [ 0  0  0  0 10  0]
 [ 0  0  0  0  0 10]]
0.9
n_feature=14, score=0.883
[0, 1, 0, 1, 1, 1, 1, 1, 1, 0, 1, 1, 0, 0, 1, 0, 1, 1, 1, 1, 0, 0, 0, 0]
[[ 9  1  0  0  0  0]
 [ 0  6  3  0  0  1]
 [ 0  0 10  0  0  0]
 [ 0  1  0  9  0  0]
 [ 0  1  0  0  9  0]
 [ 0  0  0  0  0 10]]
0.883
n_feature=13, score=0.9
[0, 1, 0, 1, 0, 1, 1, 1, 1, 0, 1, 1, 0, 0, 0, 1, 1, 1, 1, 1, 0, 0, 0, 0]
[[ 9  0  0  0  1  0]
 [ 0  6  0  0  3  1]
 [ 0  0 10  0  0  0]
 [ 0  1  0  9  0  0]
 [ 0  0  0  0 10  0]
 [ 0  0  0  0  0 10]]
0.9
n_feature=13, score=0.9
[0, 1, 0, 1, 1, 1, 1, 1, 1, 0, 1, 1, 0, 0, 0, 0, 1, 1, 1, 1, 0, 0, 0, 0]
[[ 9  0  0  0  1  0]
 [ 0  6  0  0  3  1]
 [ 0  0 10  0  0  0]
 [ 0  1  0  9  0  0]
 [ 0  0  0  0 10  0]
 [ 0  0  0  0  0 10]]
0.9
n_feature=13, score=0.9
[0, 1, 0, 1, 1, 1, 1, 1, 1, 0, 1, 1, 0, 0, 0, 0, 1, 1, 1, 1, 0, 0, 0, 0]
[[ 9  0  0  0  1  0]
 [ 0  6  0  0  3  1]
 [ 0  0 10  0  0  0]
 [ 0  1  0  9  0  0]
 [ 0  0  0  0 10  0]
 [ 0  0  0  0  0 10]]
0.9
n_feature=13, score=0.9
[0, 1, 0, 1, 1, 1, 1, 1, 1, 0, 1, 1, 0, 0, 0, 1, 1, 0, 1, 1, 0, 0, 0, 0]
[[ 9  0  0  0  1  0]
 [ 0  6  0  0  3  1]
 [ 0  0 10  0  0  0]
 [ 0  1  0  9  0  0]
 [ 0  0  0  0 10  0]
 [ 0  0  0  0  0 10]]
0.9
n_feature=12, score=0.9
[0, 1, 0, 1, 1, 1, 1, 1, 1, 0, 1, 1, 0, 0, 0, 0, 1, 0, 1, 1, 0, 0, 0, 0]
[[ 9  0  0  0  1  0]
 [ 0  6  0  0  3  1]
 [ 0  0 10  0  0  0]
 [ 0  1  0  9  0  0]
 [ 0  0  0  0 10  0]
 [ 0  0  0  0  0 10]]
0.9
n_feature=12, score=0.9
[0, 1, 0, 1, 1, 1, 1, 1, 1, 0, 1, 1, 0, 0, 0, 0, 1, 0, 1, 1, 0, 0, 0, 0]
[[ 9  0  0  0  1  0]
 [ 0  6  0  0  3  1]
 [ 0  0 10  0  0  0]
 [ 0  1  0  9  0  0]
 [ 0  0  0  0 10  0]
 [ 0  0  0  0  0 10]]
0.9
n_feature=12, score=0.9
[0, 1, 0, 1, 1, 1, 1, 1, 1, 0, 1, 1, 0, 0, 0, 0, 1, 0, 1, 1, 0, 0, 0, 0]
[[ 9  0  0  0  1  0]
 [ 0  6  0  0  3  1]
 [ 0  0 10  0  0  0]
 [ 0  1  0  9  0  0]
 [ 0  0  0  0 10  0]
 [ 0  0  0  0  0 10]]
0.9
n_feature=12, score=0.9
[0, 1, 0, 1, 1, 1, 1, 1, 1, 0, 1, 1, 0, 0, 0, 0, 1, 0, 1, 1, 0, 0, 0, 0]
[[ 9  0  0  0  1  0]
 [ 0  6  0  0  3  1]
 [ 0  0 10  0  0  0]
 [ 0  1  0  9  0  0]
 [ 0  0  0  0 10  0]
 [ 0  0  0  0  0 10]]
0.9
n_feature=14, score=0.9
[0, 1, 0, 1, 1, 1, 1, 1, 1, 0, 1, 1, 0, 0, 0, 1, 1, 1, 1, 1, 0, 0, 0, 0]
[[ 9  0  0  0  1  0]
 [ 0  6  0  0  3  1]
 [ 0  0 10  0  0  0]
 [ 0  1  0  9  0  0]
 [ 0  0  0  0 10  0]
 [ 0  0  0  0  0 10]]
0.9
n_feature=12, score=0.9
[0, 1, 0, 1, 0, 1, 1, 1, 1, 0, 1, 1, 0, 0, 0, 0, 1, 1, 1, 1, 0, 0, 0, 0]
[[ 9  0  0  0  1  0]
 [ 0  6  0  0  3  1]
 [ 0  0 10  0  0  0]
 [ 0  1  0  9  0  0]
 [ 0  0  0  0 10  0]
 [ 0  0  0  0  0 10]]
0.9
n_feature=12, score=0.883
[0, 1, 0, 0, 1, 1, 1, 1, 1, 0, 1, 1, 0, 0, 0, 0, 1, 1, 0, 1, 1, 0, 0, 0]
[[ 9  0  0  0  1  0]
 [ 0  5  1  0  3  1]
 [ 0  0 10  0  0  0]
 [ 1  0  0  9  0  0]
 [ 0  0  0  0 10  0]
 [ 0  0  0  0  0 10]]
0.883
n_feature=14, score=0.9
[0, 1, 0, 1, 1, 1, 1, 1, 1, 0, 1, 1, 0, 0, 0, 1, 1, 0, 1, 1, 0, 0, 0, 1]
[[ 9  0  0  0  1  0]
 [ 0  6  0  0  3  1]
 [ 0  0 10  0  0  0]
 [ 0  1  0  9  0  0]
 [ 0  0  0  0 10  0]
 [ 0  0  0  0  0 10]]
0.9
n_feature=12, score=0.9
[0, 1, 0, 1, 0, 1, 1, 1, 1, 0, 1, 1, 1, 0, 0, 1, 1, 0, 0, 1, 0, 0, 0, 0]
[[ 9  0  0  0  1  0]
 [ 0  6  0  0  3  1]
 [ 0  0 10  0  0  0]
 [ 0  1  0  9  0  0]
 [ 0  0  0  0 10  0]
 [ 0  0  0  0  0 10]]
0.9
n_feature=12, score=0.9
[0, 1, 0, 1, 1, 1, 1, 1, 1, 0, 1, 1, 0, 0, 0, 0, 1, 0, 1, 1, 0, 0, 0, 0]
[[ 9  0  0  0  1  0]
 [ 0  6  0  0  3  1]
 [ 0  0 10  0  0  0]
 [ 0  1  0  9  0  0]
 [ 0  0  0  0 10  0]
 [ 0  0  0  0  0 10]]
0.9
n_feature=12, score=0.9
[0, 1, 0, 1, 1, 1, 1, 1, 1, 0, 1, 1, 0, 0, 0, 0, 1, 0, 1, 1, 0, 0, 0, 0]
[[ 9  0  0  0  1  0]
 [ 0  6  0  0  3  1]
 [ 0  0 10  0  0  0]
 [ 0  1  0  9  0  0]
 [ 0  0  0  0 10  0]
 [ 0  0  0  0  0 10]]
0.9
n_feature=12, score=0.9
[0, 1, 0, 1, 1, 1, 1, 1, 1, 0, 1, 1, 0, 1, 0, 0, 1, 0, 0, 1, 0, 0, 0, 0]
[[ 9  0  0  0  1  0]
 [ 0  6  0  0  3  1]
 [ 0  0 10  0  0  0]
 [ 0  1  0  9  0  0]
 [ 0  0  0  0 10  0]
 [ 0  0  0  0  0 10]]
0.9
n_feature=12, score=0.9
[0, 1, 0, 1, 1, 1, 1, 1, 1, 0, 1, 1, 0, 0, 0, 0, 1, 0, 1, 1, 0, 0, 0, 0]
[[ 9  0  0  0  1  0]
 [ 0  6  0  0  3  1]
 [ 0  0 10  0  0  0]
 [ 0  1  0  9  0  0]
 [ 0  0  0  0 10  0]
 [ 0  0  0  0  0 10]]
0.9
n_feature=13, score=0.9
[0, 1, 0, 1, 1, 1, 1, 1, 1, 0, 1, 1, 0, 0, 0, 0, 1, 1, 1, 1, 0, 0, 0, 0]
[[ 9  0  0  0  1  0]
 [ 0  6  0  0  3  1]
 [ 0  0 10  0  0  0]
 [ 0  1  0  9  0  0]
 [ 0  0  0  0 10  0]
 [ 0  0  0  0  0 10]]
0.9
n_feature=12, score=0.9
[0, 1, 0, 1, 1, 1, 1, 1, 1, 0, 1, 1, 0, 0, 0, 0, 1, 0, 1, 1, 0, 0, 0, 0]
[[ 9  0  0  0  1  0]
 [ 0  6  0  0  3  1]
 [ 0  0 10  0  0  0]
 [ 0  1  0  9  0  0]
 [ 0  0  0  0 10  0]
 [ 0  0  0  0  0 10]]
0.9
n_feature=12, score=0.9
[0, 1, 0, 1, 1, 1, 1, 1, 1, 0, 1, 1, 0, 0, 0, 0, 1, 0, 1, 1, 0, 0, 0, 0]
[[ 9  0  0  0  1  0]
 [ 0  6  0  0  3  1]
 [ 0  0 10  0  0  0]
 [ 0  1  0  9  0  0]
 [ 0  0  0  0 10  0]
 [ 0  0  0  0  0 10]]
0.9
n_feature=13, score=0.9
[0, 1, 0, 1, 0, 1, 1, 1, 1, 0, 1, 1, 0, 0, 0, 1, 1, 1, 1, 1, 0, 0, 0, 0]
[[ 9  0  0  0  1  0]
 [ 0  6  0  0  3  1]
 [ 0  0 10  0  0  0]
 [ 0  1  0  9  0  0]
 [ 0  0  0  0 10  0]
 [ 0  0  0  0  0 10]]
0.9
n_feature=12, score=0.9
[0, 1, 0, 1, 1, 1, 1, 1, 1, 0, 1, 1, 0, 0, 0, 0, 1, 0, 1, 1, 0, 0, 0, 0]
[[ 9  0  0  0  1  0]
 [ 0  6  0  0  3  1]
 [ 0  0 10  0  0  0]
 [ 0  1  0  9  0  0]
 [ 0  0  0  0 10  0]
 [ 0  0  0  0  0 10]]
0.9
n_feature=12, score=0.9
[0, 1, 0, 1, 1, 1, 1, 1, 1, 0, 1, 1, 0, 0, 0, 0, 1, 0, 1, 1, 0, 0, 0, 0]
[[ 9  0  0  0  1  0]
 [ 0  6  0  0  3  1]
 [ 0  0 10  0  0  0]
 [ 0  1  0  9  0  0]
 [ 0  0  0  0 10  0]
 [ 0  0  0  0  0 10]]
0.9
n_feature=12, score=0.9
[0, 1, 0, 1, 1, 1, 1, 1, 1, 0, 1, 1, 0, 0, 0, 0, 1, 0, 1, 1, 0, 0, 0, 0]
[[ 9  0  0  0  1  0]
 [ 0  6  0  0  3  1]
 [ 0  0 10  0  0  0]
 [ 0  1  0  9  0  0]
 [ 0  0  0  0 10  0]
 [ 0  0  0  0  0 10]]
0.9
n_feature=13, score=0.9
[0, 1, 0, 1, 1, 1, 1, 1, 1, 0, 1, 1, 0, 0, 0, 0, 1, 0, 1, 1, 0, 0, 0, 1]
[[ 9  0  0  0  1  0]
 [ 0  6  0  0  3  1]
 [ 0  0 10  0  0  0]
 [ 0  1  0  9  0  0]
 [ 0  0  0  0 10  0]
 [ 0  0  0  0  0 10]]
0.9
n_feature=12, score=0.9
[0, 1, 0, 1, 1, 1, 1, 1, 1, 0, 1, 1, 0, 0, 0, 0, 1, 0, 1, 1, 0, 0, 0, 0]
[[ 9  0  0  0  1  0]
 [ 0  6  0  0  3  1]
 [ 0  0 10  0  0  0]
 [ 0  1  0  9  0  0]
 [ 0  0  0  0 10  0]
 [ 0  0  0  0  0 10]]
0.9
n_feature=13, score=0.817
[0, 1, 0, 1, 1, 1, 1, 1, 1, 0, 1, 1, 0, 0, 0, 0, 1, 0, 1, 1, 0, 0, 1, 0]
[[ 9  0  0  0  1  0]
 [ 1  2  4  0  2  1]
 [ 0  0 10  0  0  0]
 [ 0  1  1  8  0  0]
 [ 0  0  0  0 10  0]
 [ 0  0  0  0  0 10]]
0.817
n_feature=12, score=0.9
[0, 1, 0, 1, 1, 1, 1, 1, 1, 0, 1, 1, 0, 1, 0, 0, 1, 0, 0, 1, 0, 0, 0, 0]
[[ 9  0  0  0  1  0]
 [ 0  6  0  0  3  1]
 [ 0  0 10  0  0  0]
 [ 0  1  0  9  0  0]
 [ 0  0  0  0 10  0]
 [ 0  0  0  0  0 10]]
0.9
n_feature=12, score=0.9
[0, 1, 0, 1, 1, 1, 1, 1, 1, 0, 1, 1, 0, 0, 0, 0, 1, 0, 1, 1, 0, 0, 0, 0]
[[ 9  0  0  0  1  0]
 [ 0  6  0  0  3  1]
 [ 0  0 10  0  0  0]
 [ 0  1  0  9  0  0]
 [ 0  0  0  0 10  0]
 [ 0  0  0  0  0 10]]
0.9
n_feature=12, score=0.9
[0, 1, 0, 1, 1, 1, 1, 1, 1, 0, 1, 1, 0, 0, 0, 0, 1, 0, 1, 1, 0, 0, 0, 0]
[[ 9  0  0  0  1  0]
 [ 0  6  0  0  3  1]
 [ 0  0 10  0  0  0]
 [ 0  1  0  9  0  0]
 [ 0  0  0  0 10  0]
 [ 0  0  0  0  0 10]]
0.9
n_feature=13, score=0.9
[0, 1, 1, 1, 1, 1, 1, 1, 1, 0, 1, 1, 0, 0, 0, 0, 1, 0, 1, 1, 0, 0, 0, 0]
[[ 9  0  0  0  1  0]
 [ 0  6  0  0  3  1]
 [ 0  0 10  0  0  0]
 [ 0  1  0  9  0  0]
 [ 0  0  0  0 10  0]
 [ 0  0  0  0  0 10]]
0.9
n_feature=12, score=0.9
[0, 1, 0, 1, 1, 1, 1, 1, 1, 0, 1, 1, 0, 0, 0, 0, 1, 0, 1, 1, 0, 0, 0, 0]
[[ 9  0  0  0  1  0]
 [ 0  6  0  0  3  1]
 [ 0  0 10  0  0  0]
 [ 0  1  0  9  0  0]
 [ 0  0  0  0 10  0]
 [ 0  0  0  0  0 10]]
0.9
n_feature=11, score=0.85
[0, 1, 0, 1, 1, 1, 1, 1, 1, 0, 0, 1, 0, 0, 0, 0, 1, 0, 1, 1, 0, 0, 0, 0]
[[ 9  0  0  0  1  0]
 [ 0  3  0  3  3  1]
 [ 0  0 10  0  0  0]
 [ 0  0  1  9  0  0]
 [ 0  0  0  0 10  0]
 [ 0  0  0  0  0 10]]
0.85
n_feature=12, score=0.9
[0, 1, 0, 1, 1, 1, 1, 1, 1, 0, 1, 1, 0, 0, 0, 0, 1, 0, 1, 1, 0, 0, 0, 0]
[[ 9  0  0  0  1  0]
 [ 0  6  0  0  3  1]
 [ 0  0 10  0  0  0]
 [ 0  1  0  9  0  0]
 [ 0  0  0  0 10  0]
 [ 0  0  0  0  0 10]]
0.9
n_feature=12, score=0.9
[0, 1, 0, 1, 1, 1, 1, 1, 1, 0, 1, 1, 0, 0, 0, 0, 1, 0, 1, 1, 0, 0, 0, 0]
[[ 9  0  0  0  1  0]
 [ 0  6  0  0  3  1]
 [ 0  0 10  0  0  0]
 [ 0  1  0  9  0  0]
 [ 0  0  0  0 10  0]
 [ 0  0  0  0  0 10]]
0.9
n_feature=12, score=0.9
[0, 1, 0, 1, 1, 1, 1, 1, 1, 0, 1, 1, 0, 0, 0, 0, 1, 0, 1, 1, 0, 0, 0, 0]
[[ 9  0  0  0  1  0]
 [ 0  6  0  0  3  1]
 [ 0  0 10  0  0  0]
 [ 0  1  0  9  0  0]
 [ 0  0  0  0 10  0]
 [ 0  0  0  0  0 10]]
0.9
n_feature=12, score=0.9
[0, 1, 0, 1, 1, 1, 1, 1, 1, 0, 1, 1, 0, 0, 0, 0, 1, 0, 1, 1, 0, 0, 0, 0]
[[ 9  0  0  0  1  0]
 [ 0  6  0  0  3  1]
 [ 0  0 10  0  0  0]
 [ 0  1  0  9  0  0]
 [ 0  0  0  0 10  0]
 [ 0  0  0  0  0 10]]
0.9
n_feature=12, score=0.9
[0, 1, 0, 1, 1, 1, 1, 1, 1, 0, 1, 1, 0, 0, 0, 0, 1, 0, 1, 1, 0, 0, 0, 0]
[[ 9  0  0  0  1  0]
 [ 0  6  0  0  3  1]
 [ 0  0 10  0  0  0]
 [ 0  1  0  9  0  0]
 [ 0  0  0  0 10  0]
 [ 0  0  0  0  0 10]]
0.9
n_feature=12, score=0.9
[0, 1, 0, 1, 1, 1, 1, 1, 1, 0, 1, 1, 0, 0, 0, 0, 1, 0, 1, 1, 0, 0, 0, 0]
[[ 9  0  0  0  1  0]
 [ 0  6  0  0  3  1]
 [ 0  0 10  0  0  0]
 [ 0  1  0  9  0  0]
 [ 0  0  0  0 10  0]
 [ 0  0  0  0  0 10]]
0.9
n_feature=12, score=0.9
[0, 1, 0, 1, 1, 1, 1, 1, 1, 0, 1, 1, 0, 0, 0, 0, 1, 0, 1, 1, 0, 0, 0, 0]
[[ 9  0  0  0  1  0]
 [ 0  6  0  0  3  1]
 [ 0  0 10  0  0  0]
 [ 0  1  0  9  0  0]
 [ 0  0  0  0 10  0]
 [ 0  0  0  0  0 10]]
0.9
n_feature=12, score=0.9
[0, 1, 0, 1, 1, 1, 1, 1, 1, 0, 1, 1, 0, 0, 0, 0, 1, 0, 1, 1, 0, 0, 0, 0]
[[ 9  0  0  0  1  0]
 [ 0  6  0  0  3  1]
 [ 0  0 10  0  0  0]
 [ 0  1  0  9  0  0]
 [ 0  0  0  0 10  0]
 [ 0  0  0  0  0 10]]
0.9
n_feature=12, score=0.9
[0, 1, 0, 1, 1, 1, 1, 1, 1, 0, 1, 1, 0, 0, 0, 0, 1, 0, 1, 1, 0, 0, 0, 0]
[[ 9  0  0  0  1  0]
 [ 0  6  0  0  3  1]
 [ 0  0 10  0  0  0]
 [ 0  1  0  9  0  0]
 [ 0  0  0  0 10  0]
 [ 0  0  0  0  0 10]]
0.9
n_feature=13, score=0.9
[0, 1, 0, 1, 0, 1, 1, 1, 1, 0, 1, 1, 1, 1, 0, 1, 1, 0, 0, 1, 0, 0, 0, 0]
[[ 9  0  0  0  1  0]
 [ 0  6  0  0  3  1]
 [ 0  0 10  0  0  0]
 [ 0  1  0  9  0  0]
 [ 0  0  0  0 10  0]
 [ 0  0  0  0  0 10]]
0.9
n_feature=14, score=0.883
[0, 1, 0, 1, 1, 1, 1, 1, 1, 0, 1, 1, 1, 0, 1, 0, 1, 1, 0, 1, 0, 0, 0, 0]
[[ 9  1  0  0  0  0]
 [ 0  6  3  0  0  1]
 [ 0  0 10  0  0  0]
 [ 0  1  0  9  0  0]
 [ 0  1  0  0  9  0]
 [ 0  0  0  0  0 10]]
0.883
n_feature=14, score=0.9
[0, 1, 0, 1, 1, 1, 1, 1, 1, 0, 1, 1, 1, 1, 0, 1, 1, 0, 0, 1, 0, 0, 0, 0]
[[ 9  0  0  0  1  0]
 [ 0  6  0  0  3  1]
 [ 0  0 10  0  0  0]
 [ 0  1  0  9  0  0]
 [ 0  0  0  0 10  0]
 [ 0  0  0  0  0 10]]
0.9
n_feature=12, score=0.9
[0, 1, 0, 1, 1, 1, 1, 1, 1, 0, 1, 1, 0, 0, 0, 0, 1, 0, 1, 1, 0, 0, 0, 0]
[[ 9  0  0  0  1  0]
 [ 0  6  0  0  3  1]
 [ 0  0 10  0  0  0]
 [ 0  1  0  9  0  0]
 [ 0  0  0  0 10  0]
 [ 0  0  0  0  0 10]]
0.9
n_feature=12, score=0.9
[0, 1, 0, 1, 1, 1, 1, 1, 1, 0, 1, 1, 0, 0, 0, 0, 1, 0, 1, 1, 0, 0, 0, 0]
[[ 9  0  0  0  1  0]
 [ 0  6  0  0  3  1]
 [ 0  0 10  0  0  0]
 [ 0  1  0  9  0  0]
 [ 0  0  0  0 10  0]
 [ 0  0  0  0  0 10]]
0.9
n_feature=12, score=0.9
[0, 1, 0, 1, 1, 1, 1, 1, 1, 0, 1, 1, 0, 0, 0, 0, 1, 0, 1, 1, 0, 0, 0, 0]
[[ 9  0  0  0  1  0]
 [ 0  6  0  0  3  1]
 [ 0  0 10  0  0  0]
 [ 0  1  0  9  0  0]
 [ 0  0  0  0 10  0]
 [ 0  0  0  0  0 10]]
0.9
n_feature=12, score=0.9
[0, 1, 0, 1, 1, 1, 1, 1, 1, 0, 1, 1, 0, 0, 0, 0, 1, 0, 1, 1, 0, 0, 0, 0]
[[ 9  0  0  0  1  0]
 [ 0  6  0  0  3  1]
 [ 0  0 10  0  0  0]
 [ 0  1  0  9  0  0]
 [ 0  0  0  0 10  0]
 [ 0  0  0  0  0 10]]
0.9
n_feature=13, score=0.9
[1, 1, 0, 1, 1, 1, 1, 1, 1, 0, 1, 1, 0, 0, 0, 0, 1, 0, 1, 1, 0, 0, 0, 0]
[[ 9  0  0  0  1  0]
 [ 0  6  0  0  3  1]
 [ 0  0 10  0  0  0]
 [ 0  1  0  9  0  0]
 [ 0  0  0  0 10  0]
 [ 0  0  0  0  0 10]]
0.9
n_feature=12, score=0.9
[0, 1, 0, 1, 1, 1, 1, 1, 1, 0, 1, 1, 0, 0, 0, 0, 1, 0, 1, 1, 0, 0, 0, 0]
[[ 9  0  0  0  1  0]
 [ 0  6  0  0  3  1]
 [ 0  0 10  0  0  0]
 [ 0  1  0  9  0  0]
 [ 0  0  0  0 10  0]
 [ 0  0  0  0  0 10]]
0.9
n_feature=12, score=0.9
[0, 1, 0, 1, 1, 1, 1, 1, 1, 0, 1, 1, 0, 0, 0, 0, 1, 0, 1, 1, 0, 0, 0, 0]
[[ 9  0  0  0  1  0]
 [ 0  6  0  0  3  1]
 [ 0  0 10  0  0  0]
 [ 0  1  0  9  0  0]
 [ 0  0  0  0 10  0]
 [ 0  0  0  0  0 10]]
0.9
n_feature=12, score=0.9
[0, 1, 0, 1, 1, 1, 1, 1, 1, 0, 1, 1, 0, 0, 0, 0, 1, 0, 1, 1, 0, 0, 0, 0]
[[ 9  0  0  0  1  0]
 [ 0  6  0  0  3  1]
 [ 0  0 10  0  0  0]
 [ 0  1  0  9  0  0]
 [ 0  0  0  0 10  0]
 [ 0  0  0  0  0 10]]
0.9
n_feature=12, score=0.9
[0, 1, 0, 1, 1, 1, 1, 1, 1, 0, 1, 1, 0, 0, 0, 0, 1, 0, 1, 1, 0, 0, 0, 0]
[[ 9  0  0  0  1  0]
 [ 0  6  0  0  3  1]
 [ 0  0 10  0  0  0]
 [ 0  1  0  9  0  0]
 [ 0  0  0  0 10  0]
 [ 0  0  0  0  0 10]]
0.9
n_feature=12, score=0.9
[0, 1, 0, 1, 1, 1, 1, 1, 1, 0, 1, 1, 0, 0, 0, 0, 1, 0, 1, 1, 0, 0, 0, 0]
[[ 9  0  0  0  1  0]
 [ 0  6  0  0  3  1]
 [ 0  0 10  0  0  0]
 [ 0  1  0  9  0  0]
 [ 0  0  0  0 10  0]
 [ 0  0  0  0  0 10]]
0.9
n_feature=12, score=0.9
[0, 1, 0, 1, 1, 1, 1, 1, 1, 0, 1, 1, 0, 0, 0, 0, 1, 0, 1, 1, 0, 0, 0, 0]
[[ 9  0  0  0  1  0]
 [ 0  6  0  0  3  1]
 [ 0  0 10  0  0  0]
 [ 0  1  0  9  0  0]
 [ 0  0  0  0 10  0]
 [ 0  0  0  0  0 10]]
0.9
n_feature=12, score=0.9
[0, 1, 0, 1, 1, 1, 1, 1, 1, 0, 1, 1, 0, 0, 0, 0, 1, 0, 1, 1, 0, 0, 0, 0]
[[ 9  0  0  0  1  0]
 [ 0  6  0  0  3  1]
 [ 0  0 10  0  0  0]
 [ 0  1  0  9  0  0]
 [ 0  0  0  0 10  0]
 [ 0  0  0  0  0 10]]
0.9
n_feature=12, score=0.9
[0, 1, 0, 1, 1, 1, 1, 1, 1, 0, 1, 1, 0, 0, 0, 0, 1, 0, 1, 1, 0, 0, 0, 0]
[[ 9  0  0  0  1  0]
 [ 0  6  0  0  3  1]
 [ 0  0 10  0  0  0]
 [ 0  1  0  9  0  0]
 [ 0  0  0  0 10  0]
 [ 0  0  0  0  0 10]]
0.9
n_feature=12, score=0.9
[0, 1, 0, 1, 1, 1, 1, 1, 1, 0, 1, 1, 0, 0, 0, 0, 1, 0, 1, 1, 0, 0, 0, 0]
[[ 9  0  0  0  1  0]
 [ 0  6  0  0  3  1]
 [ 0  0 10  0  0  0]
 [ 0  1  0  9  0  0]
 [ 0  0  0  0 10  0]
 [ 0  0  0  0  0 10]]
0.9
n_feature=12, score=0.9
[0, 1, 0, 1, 1, 1, 1, 1, 1, 0, 1, 1, 0, 0, 0, 0, 1, 0, 1, 1, 0, 0, 0, 0]
[[ 9  0  0  0  1  0]
 [ 0  6  0  0  3  1]
 [ 0  0 10  0  0  0]
 [ 0  1  0  9  0  0]
 [ 0  0  0  0 10  0]
 [ 0  0  0  0  0 10]]
0.9
n_feature=13, score=0.9
[1, 1, 0, 1, 1, 1, 1, 1, 1, 0, 1, 1, 0, 0, 0, 0, 1, 0, 1, 1, 0, 0, 0, 0]
[[ 9  0  0  0  1  0]
 [ 0  6  0  0  3  1]
 [ 0  0 10  0  0  0]
 [ 0  1  0  9  0  0]
 [ 0  0  0  0 10  0]
 [ 0  0  0  0  0 10]]
0.9
n_feature=12, score=0.9
[0, 1, 0, 1, 1, 1, 1, 1, 1, 0, 1, 1, 0, 0, 0, 0, 1, 0, 1, 1, 0, 0, 0, 0]
[[ 9  0  0  0  1  0]
 [ 0  6  0  0  3  1]
 [ 0  0 10  0  0  0]
 [ 0  1  0  9  0  0]
 [ 0  0  0  0 10  0]
 [ 0  0  0  0  0 10]]
0.9
******************************
[[0, 1, 0, 1, 1, 1, 1, 1, 1, 0, 1, 1, 0, 0, 0, 0, 1, 0, 1, 1, 0, 0, 0, 0], [0, 1, 0, 1, 1, 1, 1, 1, 1, 0, 1, 1, 0, 0, 0, 0, 1, 0, 1, 1, 0, 0, 0, 0], [0, 1, 0, 1, 1, 1, 1, 1, 1, 0, 1, 1, 0, 0, 0, 0, 1, 0, 1, 1, 0, 0, 0, 0], [0, 1, 0, 1, 1, 1, 1, 1, 1, 0, 1, 1, 0, 0, 0, 0, 1, 0, 1, 1, 0, 0, 0, 0], [0, 1, 0, 1, 1, 1, 1, 1, 1, 0, 1, 1, 0, 0, 0, 0, 1, 0, 1, 1, 0, 0, 0, 0], [0, 1, 0, 1, 1, 1, 1, 1, 1, 0, 1, 1, 0, 0, 0, 0, 1, 0, 1, 1, 0, 0, 0, 0], [0, 1, 0, 1, 1, 1, 1, 1, 1, 0, 1, 1, 0, 0, 0, 0, 1, 0, 1, 1, 0, 0, 0, 0], [0, 1, 0, 1, 1, 1, 1, 1, 1, 0, 1, 1, 0, 0, 0, 0, 1, 0, 1, 1, 0, 0, 0, 0], [0, 1, 0, 1, 1, 1, 1, 1, 1, 0, 1, 1, 0, 0, 0, 0, 1, 0, 1, 1, 0, 0, 0, 0], [0, 1, 0, 1, 1, 1, 1, 1, 1, 0, 1, 1, 0, 0, 0, 0, 1, 0, 1, 1, 0, 0, 0, 0], [0, 1, 0, 1, 1, 1, 1, 1, 1, 0, 1, 1, 0, 0, 0, 0, 1, 0, 1, 1, 0, 0, 0, 0], [0, 1, 0, 1, 1, 1, 1, 1, 1, 0, 1, 1, 0, 0, 0, 0, 1, 0, 1, 1, 0, 0, 0, 0], [0, 1, 0, 1, 1, 1, 1, 1, 1, 0, 1, 1, 0, 0, 0, 0, 1, 0, 1, 1, 0, 0, 0, 0], [0, 1, 0, 1, 1, 1, 1, 1, 1, 0, 1, 1, 0, 0, 0, 0, 1, 0, 1, 1, 0, 0, 0, 0], [0, 1, 0, 1, 1, 1, 1, 1, 1, 0, 1, 1, 0, 0, 0, 0, 1, 0, 1, 1, 0, 0, 0, 0], [0, 1, 0, 1, 1, 1, 1, 1, 1, 0, 1, 1, 0, 0, 0, 0, 1, 0, 1, 1, 0, 0, 0, 0], [1, 1, 0, 1, 1, 1, 1, 1, 1, 0, 1, 1, 0, 0, 0, 0, 1, 0, 1, 1, 0, 0, 0, 0], [0, 1, 0, 1, 1, 1, 1, 1, 1, 0, 1, 1, 0, 0, 0, 0, 1, 0, 1, 1, 0, 0, 0, 0], [0, 1, 0, 1, 1, 1, 1, 1, 1, 0, 1, 1, 0, 0, 0, 0, 1, 0, 1, 1, 0, 0, 0, 0], [0, 1, 0, 1, 1, 1, 1, 1, 1, 0, 1, 1, 0, 0, 0, 0, 1, 0, 1, 1, 0, 0, 0, 0]]
gen	nevals	avg                	std                    	min            	max            
0  	20    	[ 0.68585 11.35   ]	[0.11917939 2.83328431]	[0.35 5.  ]    	[ 0.85 16.  ]  
1  	8     	[ 0.77345 11.85   ]	[0.05974151 1.82414363]	[ 0.6 10. ]    	[ 0.85 16.  ]  
2  	12    	[ 0.81005 11.35   ]	[0.03354322 1.38834434]	[0.733 9.   ]  	[ 0.85 13.  ]  
3  	10    	[ 0.8184 11.6   ]  	[0.03759175 1.8       ]	[0.7 8. ]      	[ 0.85 15.  ]  
4  	15    	[ 0.8167 12.15  ]  	[0.04344894 1.19478031]	[0.7 9. ]      	[ 0.85 14.  ]  
5  	9     	[ 0.8316 11.95  ]  	[0.03759175 1.1169154 ]	[0.717 9.   ]  	[ 0.85 13.  ]  
6  	12    	[ 0.84 12.  ]      	[0.03314966 1.30384048]	[0.733 9.   ]  	[ 0.867 14.   ]
7  	7     	[ 0.84835 11.65   ]	[0.01671908 1.62095651]	[0.783 9.   ]  	[ 0.867 14.   ]
8  	13    	[ 0.8409 11.55  ]  	[0.03484092 1.88348082]	[0.75 9.  ]    	[ 0.867 14.   ]
9  	15    	[ 0.8451 11.05  ]  	[0.02421962 2.17887586]	[0.767 9.   ]  	[ 0.867 15.   ]
10 	9     	[ 0.8535 12.2   ]  	[0.03970076 2.03960781]	[0.7 8. ]      	[ 0.9 15. ]    
11 	17    	[ 0.87185 13.     ]	[0.01394014 1.54919334]	[0.85 9.  ]    	[ 0.9 15. ]    
12 	16    	[ 0.8692 13.7   ]  	[0.03812689 1.3820275 ]	[ 0.733 10.   ]	[ 0.9 16. ]    
13 	15    	[ 0.89165 13.9    ]	[0.01230559 0.99498744]	[ 0.867 12.   ]	[ 0.9 16. ]    
14 	7     	[ 0.8983 13.5   ]  	[0.0051     0.80622577]	[ 0.883 12.   ]	[ 0.9 15. ]    
15 	12    	[ 0.89915 12.8    ]	[0.00370506 0.81240384]	[ 0.883 12.   ]	[ 0.9 15. ]    
16 	10    	[ 0.9 12.1]        	[0.  0.3]              	[ 0.9 12. ]    	[ 0.9 13. ]    
17 	11    	[ 0.89335 12.1    ]	[0.02062105 0.43588989]	[ 0.817 11.   ]	[ 0.9 13. ]    
18 	12    	[ 0.89915 12.25   ]	[0.00370506 0.62249498]	[ 0.883 12.   ]	[ 0.9 14. ]    
19 	9     	[ 0.9  12.05]      	[0.         0.21794495]	[ 0.9 12. ]    	[ 0.9 13. ]    
20 	8     	[ 0.9  12.05]      	[0.         0.21794495]	[ 0.9 12. ]    	[ 0.9 13. ]    
******************************
*****hall of fame*****
use_sensor_num: 12.0, score: 0.9
[0, 1, 0, 1, 1, 1, 1, 1, 1, 0, 1, 1, 0, 1, 0, 0, 1, 0, 0, 1, 0, 0, 0, 0]
[1, 3, 4, 5, 6, 7, 8, 10, 11, 13, 16, 19]
*****hall of fame*****
use_sensor_num: 12.0, score: 0.9
[0, 1, 0, 1, 0, 1, 1, 1, 1, 0, 1, 1, 1, 0, 0, 1, 1, 0, 0, 1, 0, 0, 0, 0]
[1, 3, 5, 6, 7, 8, 10, 11, 12, 15, 16, 19]
*****hall of fame*****
use_sensor_num: 12.0, score: 0.9
[0, 1, 0, 1, 0, 1, 1, 1, 1, 0, 1, 1, 0, 0, 0, 0, 1, 1, 1, 1, 0, 0, 0, 0]
[1, 3, 5, 6, 7, 8, 10, 11, 16, 17, 18, 19]
*****hall of fame*****
use_sensor_num: 12.0, score: 0.9
[0, 1, 0, 1, 1, 1, 1, 1, 1, 0, 1, 1, 0, 0, 0, 0, 1, 0, 1, 1, 0, 0, 0, 0]
[1, 3, 4, 5, 6, 7, 8, 10, 11, 16, 18, 19]
*****hall of fame*****
use_sensor_num: 9.0, score: 0.85
[0, 1, 0, 1, 1, 1, 0, 1, 1, 0, 1, 0, 1, 0, 0, 0, 0, 0, 1, 0, 0, 0, 0, 0]
[1, 3, 4, 5, 7, 8, 10, 12, 18]
*****hall of fame*****
use_sensor_num: 8.0, score: 0.8
[0, 1, 0, 0, 1, 1, 0, 1, 1, 0, 1, 0, 1, 0, 0, 0, 0, 0, 1, 0, 0, 0, 0, 0]
[1, 4, 5, 7, 8, 10, 12, 18]
*****hall of fame*****
use_sensor_num: 7.0, score: 0.6
[1, 0, 0, 0, 0, 0, 1, 0, 0, 0, 0, 0, 1, 0, 0, 0, 1, 1, 0, 0, 0, 1, 1, 0]
[0, 6, 12, 16, 17, 21, 22]
*****hall of fame*****
use_sensor_num: 6.0, score: 0.533
[1, 0, 0, 0, 0, 0, 1, 1, 0, 0, 0, 0, 0, 0, 1, 0, 1, 0, 0, 0, 1, 0, 0, 0]
[0, 6, 7, 14, 16, 20]
*****hall of fame*****
use_sensor_num: 5.0, score: 0.35
[1, 0, 0, 1, 0, 0, 0, 0, 0, 1, 0, 0, 0, 1, 0, 1, 0, 0, 0, 0, 0, 0, 0, 0]
[0, 3, 9, 13, 15]
elapsed_time:75.83573865890503[sec]
