60,25
Starting Genetic Algorizm By Random Forest With 25 column
n_feature=14, score=0.95
[1, 1, 1, 1, 1, 0, 1, 0, 1, 1, 0, 0, 0, 1, 1, 1, 0, 1, 0, 0, 1, 0, 0, 0, 1]
[[ 8  2  0  0  0  0]
 [ 0 10  0  0  0  0]
 [ 0  1  9  0  0  0]
 [ 0  0  0 10  0  0]
 [ 0  0  0  0 10  0]
 [ 0  0  0  0  0 10]]
0.95
n_feature=17, score=0.8
[1, 1, 0, 1, 1, 1, 1, 0, 1, 1, 1, 0, 1, 0, 1, 0, 0, 1, 0, 1, 0, 1, 1, 1, 1]
[[ 8  0  0  0  0  2]
 [ 0  9  0  0  0  1]
 [ 0  1  9  0  0  0]
 [ 0  0  0  2  0  8]
 [ 0  0  0  0 10  0]
 [ 0  0  0  0  0 10]]
0.8
n_feature=12, score=0.717
[1, 0, 0, 1, 0, 1, 1, 0, 1, 0, 1, 0, 1, 0, 0, 0, 1, 1, 0, 0, 1, 1, 1, 0, 0]
[[ 5  5  0  0  0  0]
 [ 0 10  0  0  0  0]
 [ 0  0 10  0  0  0]
 [ 0  0  0  0  0 10]
 [ 0  0  0  0  8  2]
 [ 0  0  0  0  0 10]]
0.717
n_feature=7, score=0.617
[1, 0, 0, 0, 0, 0, 1, 0, 0, 0, 1, 0, 1, 0, 0, 0, 0, 0, 0, 0, 0, 1, 1, 1, 0]
[[ 8  0  0  0  0  2]
 [ 0  9  0  0  0  1]
 [ 0  1  9  0  0  0]
 [ 0  2  0  0  0  8]
 [ 0  1  8  0  1  0]
 [ 0  0  0  0  0 10]]
0.617
n_feature=13, score=0.683
[1, 1, 1, 1, 1, 0, 0, 0, 0, 1, 1, 1, 0, 0, 0, 1, 0, 1, 0, 1, 1, 0, 1, 0, 0]
[[ 0  5  1  0  4  0]
 [ 0 10  0  0  0  0]
 [ 0  0 10  0  0  0]
 [ 0  2  0  8  0  0]
 [ 0  0  0  0 10  0]
 [ 0  0  1  0  6  3]]
0.683
n_feature=14, score=0.95
[0, 1, 1, 0, 1, 0, 1, 1, 0, 1, 0, 1, 0, 1, 1, 1, 0, 0, 1, 1, 0, 1, 0, 1, 0]
[[ 9  0  0  0  0  1]
 [ 0  9  0  0  0  1]
 [ 0  0 10  0  0  0]
 [ 1  0  0  9  0  0]
 [ 0  0  0  0 10  0]
 [ 0  0  0  0  0 10]]
0.95
n_feature=11, score=0.583
[1, 0, 0, 1, 0, 1, 0, 1, 0, 1, 0, 0, 1, 1, 1, 1, 0, 0, 0, 1, 0, 0, 0, 0, 1]
[[ 8  0  0  0  0  2]
 [ 0  7  0  0  0  3]
 [ 5  0  0  0  0  5]
 [ 2  0  0  8  0  0]
 [ 8  0  0  0  2  0]
 [ 0  0  0  0  0 10]]
0.583
n_feature=10, score=0.467
[1, 0, 0, 1, 0, 1, 0, 0, 0, 0, 1, 0, 0, 1, 1, 1, 0, 1, 0, 0, 0, 0, 0, 1, 1]
[[ 0  0  1  0  7  2]
 [ 0  3  6  0  0  1]
 [ 0  0  5  0  5  0]
 [ 0  0  0  0  2  8]
 [ 0  0  0  0 10  0]
 [ 0  0  0  0  0 10]]
0.467
n_feature=7, score=0.767
[0, 0, 0, 0, 0, 0, 1, 0, 1, 0, 0, 0, 1, 0, 0, 0, 0, 0, 0, 1, 0, 1, 0, 1, 1]
[[ 8  0  0  0  0  2]
 [ 0  9  0  0  0  1]
 [ 0  1  9  0  0  0]
 [ 0  0  0  0  2  8]
 [ 0  0  0  0 10  0]
 [ 0  0  0  0  0 10]]
0.767
n_feature=14, score=0.883
[1, 0, 1, 0, 1, 1, 1, 1, 0, 1, 0, 0, 0, 1, 1, 0, 0, 1, 1, 0, 1, 1, 0, 0, 1]
[[ 8  0  0  0  1  1]
 [ 0  7  3  0  0  0]
 [ 0  0 10  0  0  0]
 [ 2  0  0  8  0  0]
 [ 0  0  0  0 10  0]
 [ 0  0  0  0  0 10]]
0.883
n_feature=10, score=0.617
[0, 1, 0, 1, 0, 1, 0, 1, 1, 0, 0, 0, 0, 0, 1, 1, 0, 0, 0, 0, 0, 1, 0, 1, 1]
[[ 7  0  1  0  0  2]
 [ 0  0  9  0  0  1]
 [ 0  0 10  0  0  0]
 [ 0  0  0  0  2  8]
 [ 0  0  0  0 10  0]
 [ 0  0  0  0  0 10]]
0.617
n_feature=17, score=0.883
[0, 1, 1, 1, 0, 0, 0, 1, 1, 1, 1, 1, 0, 1, 1, 1, 1, 0, 0, 0, 1, 1, 1, 1, 1]
[[ 6  0  1  0  1  2]
 [ 0  9  0  0  0  1]
 [ 0  0 10  0  0  0]
 [ 0  0  0  8  0  2]
 [ 0  0  0  0 10  0]
 [ 0  0  0  0  0 10]]
0.883
n_feature=11, score=0.617
[0, 1, 0, 1, 0, 0, 0, 1, 0, 0, 1, 1, 0, 1, 0, 1, 0, 1, 1, 1, 1, 0, 0, 0, 0]
[[ 1  0  1  7  0  1]
 [ 3  7  0  0  0  0]
 [ 0  0  9  0  0  1]
 [ 0  0  0 10  0  0]
 [ 0  0  0 10  0  0]
 [ 0  0  0  0  0 10]]
0.617
n_feature=12, score=0.75
[0, 1, 0, 0, 0, 1, 0, 0, 0, 1, 1, 1, 0, 0, 0, 1, 1, 0, 1, 1, 1, 1, 0, 0, 1]
[[ 5  0  0  0  4  1]
 [ 0  2  0  0  7  1]
 [ 0  0 10  0  0  0]
 [ 0  0  0  8  2  0]
 [ 0  0  0  0 10  0]
 [ 0  0  0  0  0 10]]
0.75
n_feature=11, score=0.75
[0, 0, 0, 0, 1, 1, 0, 0, 0, 0, 0, 1, 0, 1, 1, 1, 1, 1, 1, 0, 1, 0, 1, 0, 0]
[[ 5  0  0  4  0  1]
 [ 0 10  0  0  0  0]
 [ 0  0 10  0  0  0]
 [ 0  0  0 10  0  0]
 [ 0  0  0 10  0  0]
 [ 0  0  0  0  0 10]]
0.75
n_feature=12, score=0.85
[1, 0, 1, 1, 1, 0, 0, 0, 0, 0, 0, 0, 0, 1, 0, 1, 1, 0, 1, 0, 0, 1, 1, 1, 1]
[[ 4  0  1  2  2  1]
 [ 0  9  0  0  0  1]
 [ 0  0 10  0  0  0]
 [ 0  0  0  8  2  0]
 [ 0  0  0  0 10  0]
 [ 0  0  0  0  0 10]]
0.85
n_feature=11, score=0.683
[1, 0, 1, 1, 0, 1, 0, 0, 1, 0, 0, 0, 0, 0, 0, 0, 0, 1, 1, 0, 1, 0, 1, 1, 1]
[[ 1  0  8  0  0  1]
 [ 2  2  6  0  0  0]
 [ 0  1  9  0  0  0]
 [ 0  0  0  9  0  1]
 [ 0  0  0  0 10  0]
 [ 0  0  0  0  0 10]]
0.683
n_feature=12, score=0.817
[1, 0, 0, 0, 1, 0, 1, 1, 1, 0, 0, 0, 1, 0, 1, 0, 1, 1, 0, 1, 0, 1, 1, 0, 0]
[[ 5  5  0  0  0  0]
 [ 0 10  0  0  0  0]
 [ 0  0 10  0  0  0]
 [ 0  0  0  6  0  4]
 [ 0  0  0  0  9  1]
 [ 0  0  0  0  1  9]]
0.817
n_feature=10, score=0.667
[1, 0, 1, 1, 1, 1, 1, 0, 0, 0, 0, 0, 1, 0, 0, 0, 0, 0, 1, 0, 0, 0, 1, 1, 0]
[[ 0  0  0  5  3  2]
 [ 0  2  0  8  0  0]
 [ 0  0  9  1  0  0]
 [ 0  0  0  9  0  1]
 [ 0  0  0  0 10  0]
 [ 0  0  0  0  0 10]]
0.667
n_feature=10, score=0.733
[0, 0, 1, 1, 0, 0, 0, 0, 0, 0, 0, 0, 0, 1, 1, 1, 1, 0, 0, 0, 1, 1, 1, 1, 0]
[[ 4  0  1  1  2  2]
 [ 0  9  0  0  0  1]
 [ 0  0 10  0  0  0]
 [ 0  0  0  1  2  7]
 [ 0  0  0  0 10  0]
 [ 0  0  0  0  0 10]]
0.733
n_feature=19, score=0.933
[1, 0, 1, 0, 1, 1, 1, 1, 1, 1, 1, 1, 0, 1, 1, 1, 1, 0, 0, 0, 1, 1, 1, 1, 1]
[[ 8  0  0  0  0  2]
 [ 0  9  0  0  0  1]
 [ 0  0 10  0  0  0]
 [ 0  0  0  9  0  1]
 [ 0  0  0  0 10  0]
 [ 0  0  0  0  0 10]]
0.933
n_feature=12, score=0.717
[0, 1, 1, 1, 0, 0, 0, 1, 0, 1, 0, 0, 0, 1, 1, 0, 0, 1, 1, 0, 1, 1, 0, 0, 1]
[[ 6  0  1  0  2  1]
 [ 0  2  7  0  0  1]
 [ 0  0  7  0  2  1]
 [ 0  0  0  8  2  0]
 [ 0  0  0  0 10  0]
 [ 0  0  0  0  0 10]]
0.717
n_feature=11, score=0.917
[0, 1, 0, 0, 0, 1, 0, 0, 0, 1, 0, 1, 0, 1, 1, 1, 0, 0, 1, 1, 0, 1, 0, 1, 0]
[[ 7  1  0  0  1  1]
 [ 0  9  0  0  0  1]
 [ 0  0 10  0  0  0]
 [ 1  0  0  9  0  0]
 [ 0  0  0  0 10  0]
 [ 0  0  0  0  0 10]]
0.917
n_feature=15, score=0.85
[0, 1, 1, 0, 1, 0, 1, 1, 0, 1, 1, 1, 0, 0, 0, 1, 1, 0, 1, 1, 1, 1, 0, 0, 1]
[[ 5  0  0  1  3  1]
 [ 0  7  0  0  3  0]
 [ 0  0 10  0  0  0]
 [ 0  1  0  9  0  0]
 [ 0  0  0  0 10  0]
 [ 0  0  0  0  0 10]]
0.85
n_feature=13, score=0.733
[1, 0, 0, 0, 1, 0, 1, 1, 1, 0, 0, 0, 0, 1, 1, 1, 1, 0, 0, 0, 1, 1, 1, 1, 0]
[[ 5  0  1  2  0  2]
 [ 0  9  0  0  0  1]
 [ 0  0 10  0  0  0]
 [ 0  0  0  0  2  8]
 [ 0  0  0  0 10  0]
 [ 0  0  0  0  0 10]]
0.733
n_feature=10, score=0.65
[0, 0, 1, 1, 0, 0, 0, 0, 0, 1, 0, 0, 1, 0, 1, 0, 1, 1, 0, 1, 0, 1, 1, 0, 0]
[[ 1  1  4  0  1  3]
 [ 0 10  0  0  0  0]
 [ 0  0 10  0  0  0]
 [ 0  2  0  8  0  0]
 [ 0  0  0  0  0 10]
 [ 0  0  0  0  0 10]]
0.65
n_feature=12, score=0.933
[1, 0, 0, 1, 1, 0, 1, 0, 1, 1, 0, 0, 0, 1, 1, 1, 0, 1, 0, 0, 1, 0, 0, 0, 1]
[[ 8  2  0  0  0  0]
 [ 0 10  0  0  0  0]
 [ 0  1  9  0  0  0]
 [ 0  0  0  9  1  0]
 [ 0  0  0  0 10  0]
 [ 0  0  0  0  0 10]]
0.933
n_feature=14, score=0.9
[1, 1, 1, 0, 1, 0, 1, 1, 1, 0, 0, 0, 1, 0, 1, 0, 1, 1, 0, 1, 0, 1, 1, 0, 0]
[[ 6  4  0  0  0  0]
 [ 0 10  0  0  0  0]
 [ 0  0 10  0  0  0]
 [ 0  0  0 10  0  0]
 [ 0  0  0  0  9  1]
 [ 0  0  0  0  1  9]]
0.9
n_feature=16, score=0.8
[1, 1, 0, 1, 1, 1, 1, 0, 1, 1, 1, 0, 1, 0, 1, 0, 0, 1, 0, 1, 0, 1, 0, 1, 1]
[[ 8  0  0  0  0  2]
 [ 0  9  0  0  0  1]
 [ 0  1  9  0  0  0]
 [ 0  0  0  2  0  8]
 [ 0  0  0  0 10  0]
 [ 0  0  0  0  0 10]]
0.8
n_feature=8, score=0.767
[0, 0, 0, 0, 0, 0, 1, 0, 1, 0, 0, 0, 1, 0, 0, 0, 0, 0, 0, 1, 0, 1, 1, 1, 1]
[[ 8  0  0  0  0  2]
 [ 0  9  0  0  0  1]
 [ 0  1  9  0  0  0]
 [ 0  0  0  0  2  8]
 [ 0  0  0  0 10  0]
 [ 0  0  0  0  0 10]]
0.767
n_feature=11, score=0.75
[0, 1, 0, 0, 0, 1, 0, 0, 0, 1, 1, 1, 0, 0, 0, 1, 1, 0, 1, 1, 1, 1, 0, 0, 0]
[[ 5  0  0  0  4  1]
 [ 0  2  0  0  7  1]
 [ 0  0 10  0  0  0]
 [ 0  0  0  8  2  0]
 [ 0  0  0  0 10  0]
 [ 0  0  0  0  0 10]]
0.75
n_feature=18, score=0.883
[1, 1, 1, 1, 0, 0, 0, 1, 1, 1, 1, 1, 0, 1, 1, 1, 1, 0, 0, 0, 1, 1, 1, 1, 1]
[[ 6  0  1  0  1  2]
 [ 0  9  0  0  0  1]
 [ 0  0 10  0  0  0]
 [ 0  0  0  8  0  2]
 [ 0  0  0  0 10  0]
 [ 0  0  0  0  0 10]]
0.883
n_feature=9, score=0.95
[0, 0, 1, 0, 1, 0, 1, 1, 1, 0, 0, 0, 0, 0, 1, 0, 0, 0, 0, 1, 0, 1, 1, 0, 0]
[[10  0  0  0  0  0]
 [ 0 10  0  0  0  0]
 [ 0  1  9  0  0  0]
 [ 0  0  0 10  0  0]
 [ 0  0  0  0  9  1]
 [ 0  0  0  0  1  9]]
0.95
n_feature=14, score=0.95
[1, 0, 1, 0, 1, 0, 1, 1, 0, 1, 0, 1, 0, 1, 1, 1, 0, 0, 1, 1, 0, 1, 0, 1, 0]
[[ 9  0  0  0  0  1]
 [ 0  9  0  0  0  1]
 [ 0  0 10  0  0  0]
 [ 1  0  0  9  0  0]
 [ 0  0  0  0 10  0]
 [ 0  0  0  0  0 10]]
0.95
n_feature=14, score=0.883
[0, 1, 1, 0, 1, 1, 1, 1, 0, 1, 0, 0, 0, 1, 1, 0, 0, 1, 1, 0, 1, 1, 0, 0, 1]
[[ 8  0  0  0  1  1]
 [ 0  7  3  0  0  0]
 [ 0  0 10  0  0  0]
 [ 2  0  0  8  0  0]
 [ 0  0  0  0 10  0]
 [ 0  0  0  0  0 10]]
0.883
n_feature=17, score=0.783
[1, 1, 1, 0, 1, 0, 1, 1, 1, 0, 0, 0, 1, 1, 1, 1, 1, 0, 0, 0, 1, 1, 1, 1, 1]
[[ 6  0  1  1  0  2]
 [ 0  9  0  0  0  1]
 [ 0  0 10  0  0  0]
 [ 0  0  0  2  0  8]
 [ 0  0  0  0 10  0]
 [ 0  0  0  0  0 10]]
0.783
n_feature=14, score=0.783
[0, 1, 1, 1, 0, 0, 0, 1, 1, 1, 1, 1, 0, 0, 1, 0, 1, 1, 0, 1, 0, 1, 1, 0, 0]
[[ 5  4  0  0  0  1]
 [ 0 10  0  0  0  0]
 [ 0  0 10  0  0  0]
 [ 0  0  0  8  2  0]
 [ 0  0  0  0 10  0]
 [ 0  0  0  0  6  4]]
0.783
n_feature=17, score=0.883
[1, 1, 1, 0, 0, 0, 0, 1, 1, 1, 1, 1, 0, 1, 1, 1, 1, 0, 0, 0, 1, 1, 1, 1, 1]
[[ 6  0  1  0  1  2]
 [ 0  9  0  0  0  1]
 [ 0  0 10  0  0  0]
 [ 0  0  0  8  0  2]
 [ 0  0  0  0 10  0]
 [ 0  0  0  0  0 10]]
0.883
n_feature=14, score=0.9
[0, 1, 1, 1, 1, 0, 1, 1, 1, 0, 0, 0, 1, 0, 1, 0, 1, 1, 0, 1, 0, 1, 1, 0, 0]
[[ 6  4  0  0  0  0]
 [ 0 10  0  0  0  0]
 [ 0  0 10  0  0  0]
 [ 0  0  0 10  0  0]
 [ 0  0  0  0  9  1]
 [ 0  0  0  0  1  9]]
0.9
n_feature=19, score=0.95
[0, 1, 1, 0, 1, 1, 1, 1, 1, 1, 1, 1, 0, 1, 1, 1, 1, 0, 0, 0, 1, 1, 1, 1, 1]
[[ 8  0  0  0  0  2]
 [ 0 10  0  0  0  0]
 [ 0  0 10  0  0  0]
 [ 0  0  0  9  0  1]
 [ 0  0  0  0 10  0]
 [ 0  0  0  0  0 10]]
0.95
n_feature=17, score=0.883
[1, 0, 1, 1, 0, 0, 0, 1, 1, 1, 1, 1, 0, 1, 1, 1, 1, 0, 0, 0, 1, 1, 1, 1, 1]
[[ 6  0  1  0  1  2]
 [ 0  9  0  0  0  1]
 [ 0  0 10  0  0  0]
 [ 0  0  0  8  0  2]
 [ 0  0  0  0 10  0]
 [ 0  0  0  0  0 10]]
0.883
n_feature=14, score=0.917
[0, 1, 1, 1, 0, 0, 0, 1, 1, 1, 1, 1, 0, 1, 1, 1, 1, 0, 0, 0, 1, 0, 0, 0, 1]
[[ 6  1  1  0  2  0]
 [ 0 10  0  0  0  0]
 [ 0  0 10  0  0  0]
 [ 0  0  0  9  1  0]
 [ 0  0  0  0 10  0]
 [ 0  0  0  0  0 10]]
0.917
n_feature=15, score=0.883
[1, 0, 0, 1, 1, 0, 1, 0, 1, 1, 0, 0, 0, 1, 1, 1, 0, 1, 0, 0, 1, 1, 1, 1, 1]
[[ 7  1  0  0  0  2]
 [ 0  9  0  0  0  1]
 [ 0  1  9  0  0  0]
 [ 0  0  0  8  0  2]
 [ 0  0  0  0 10  0]
 [ 0  0  0  0  0 10]]
0.883
n_feature=12, score=0.883
[1, 0, 1, 0, 1, 1, 1, 0, 0, 1, 0, 0, 0, 1, 0, 0, 0, 1, 1, 0, 1, 1, 0, 0, 1]
[[ 8  0  0  0  1  1]
 [ 0  9  0  0  0  1]
 [ 0  1  8  0  0  1]
 [ 2  0  0  8  0  0]
 [ 0  0  0  0 10  0]
 [ 0  0  0  0  0 10]]
0.883
n_feature=10, score=0.633
[0, 1, 0, 0, 0, 1, 0, 0, 0, 1, 0, 1, 0, 0, 1, 0, 1, 1, 0, 1, 0, 1, 1, 0, 0]
[[ 5  3  0  0  1  1]
 [ 0 10  0  0  0  0]
 [ 0  0 10  0  0  0]
 [ 0  2  0  8  0  0]
 [ 0  9  0  0  1  0]
 [ 0  6  0  0  0  4]]
0.633
n_feature=15, score=0.95
[1, 1, 1, 0, 1, 0, 1, 1, 1, 0, 0, 0, 1, 1, 1, 1, 0, 0, 1, 1, 0, 1, 0, 1, 0]
[[ 9  0  0  0  0  1]
 [ 0  8  2  0  0  0]
 [ 0  0 10  0  0  0]
 [ 0  0  0 10  0  0]
 [ 0  0  0  0 10  0]
 [ 0  0  0  0  0 10]]
0.95
n_feature=14, score=0.883
[1, 1, 1, 0, 1, 0, 1, 1, 1, 0, 0, 0, 1, 1, 1, 1, 0, 0, 1, 0, 1, 0, 0, 0, 1]
[[ 8  0  1  0  0  1]
 [ 0  7  3  0  0  0]
 [ 1  0  9  0  0  0]
 [ 0  0  0 10  0  0]
 [ 0  0  0  1  9  0]
 [ 0  0  0  0  0 10]]
0.883
n_feature=13, score=0.9
[1, 0, 0, 1, 1, 0, 1, 0, 1, 1, 0, 0, 0, 1, 1, 1, 0, 1, 0, 1, 0, 1, 0, 1, 0]
[[ 8  1  0  0  0  1]
 [ 0  9  0  0  0  1]
 [ 0  1  9  0  0  0]
 [ 0  0  0  8  0  2]
 [ 0  0  0  0 10  0]
 [ 0  0  0  0  0 10]]
0.9
n_feature=14, score=0.95
[0, 1, 1, 0, 1, 0, 1, 1, 0, 1, 0, 1, 0, 1, 1, 1, 0, 0, 1, 1, 0, 1, 0, 1, 0]
[[ 9  0  0  0  0  1]
 [ 0  9  0  0  0  1]
 [ 0  0 10  0  0  0]
 [ 1  0  0  9  0  0]
 [ 0  0  0  0 10  0]
 [ 0  0  0  0  0 10]]
0.95
n_feature=14, score=0.95
[0, 1, 1, 0, 1, 0, 1, 1, 0, 1, 0, 1, 0, 1, 1, 1, 0, 0, 1, 1, 0, 1, 0, 1, 0]
[[ 9  0  0  0  0  1]
 [ 0  9  0  0  0  1]
 [ 0  0 10  0  0  0]
 [ 1  0  0  9  0  0]
 [ 0  0  0  0 10  0]
 [ 0  0  0  0  0 10]]
0.95
n_feature=16, score=0.95
[1, 1, 1, 0, 1, 0, 1, 1, 1, 0, 0, 0, 1, 1, 1, 1, 0, 0, 1, 1, 0, 1, 1, 1, 0]
[[ 9  0  0  0  0  1]
 [ 0  8  2  0  0  0]
 [ 0  0 10  0  0  0]
 [ 0  0  0 10  0  0]
 [ 0  0  0  0 10  0]
 [ 0  0  0  0  0 10]]
0.95
n_feature=12, score=0.917
[1, 0, 1, 0, 1, 0, 0, 1, 0, 1, 0, 1, 0, 1, 0, 1, 0, 0, 1, 1, 0, 1, 0, 0, 1]
[[ 7  0  1  0  1  1]
 [ 0 10  0  0  0  0]
 [ 0  0 10  0  0  0]
 [ 0  0  0  8  2  0]
 [ 0  0  0  0 10  0]
 [ 0  0  0  0  0 10]]
0.917
n_feature=15, score=0.95
[1, 1, 1, 0, 1, 0, 1, 1, 1, 0, 0, 0, 1, 1, 1, 1, 0, 0, 1, 1, 0, 1, 0, 1, 0]
[[ 9  0  0  0  0  1]
 [ 0  8  2  0  0  0]
 [ 0  0 10  0  0  0]
 [ 0  0  0 10  0  0]
 [ 0  0  0  0 10  0]
 [ 0  0  0  0  0 10]]
0.95
n_feature=14, score=0.967
[0, 1, 1, 0, 1, 0, 1, 1, 0, 1, 0, 1, 0, 1, 1, 1, 0, 0, 1, 1, 0, 1, 1, 0, 0]
[[ 9  0  0  0  0  1]
 [ 0 10  0  0  0  0]
 [ 0  0 10  0  0  0]
 [ 1  0  0  9  0  0]
 [ 0  0  0  0 10  0]
 [ 0  0  0  0  0 10]]
0.967
n_feature=9, score=0.8
[0, 0, 1, 0, 1, 0, 1, 1, 1, 0, 0, 0, 0, 0, 1, 0, 0, 0, 0, 1, 0, 1, 0, 1, 0]
[[ 8  0  0  0  0  2]
 [ 0  9  0  0  0  1]
 [ 0  1  9  0  0  0]
 [ 0  0  0  2  0  8]
 [ 0  0  0  0 10  0]
 [ 0  0  0  0  0 10]]
0.8
n_feature=11, score=0.883
[1, 0, 1, 0, 1, 1, 1, 0, 0, 1, 0, 0, 0, 1, 0, 0, 0, 0, 1, 0, 1, 1, 0, 0, 1]
[[ 8  0  0  0  1  1]
 [ 0  9  0  0  0  1]
 [ 0  1  8  0  0  1]
 [ 2  0  0  8  0  0]
 [ 0  0  0  0 10  0]
 [ 0  0  0  0  0 10]]
0.883
n_feature=13, score=0.9
[1, 0, 0, 1, 1, 0, 1, 0, 1, 1, 0, 0, 0, 1, 1, 1, 0, 1, 0, 1, 0, 1, 0, 1, 0]
[[ 8  1  0  0  0  1]
 [ 0  9  0  0  0  1]
 [ 0  1  9  0  0  0]
 [ 0  0  0  8  0  2]
 [ 0  0  0  0 10  0]
 [ 0  0  0  0  0 10]]
0.9
n_feature=15, score=0.95
[0, 1, 1, 0, 1, 0, 1, 1, 0, 1, 0, 1, 1, 1, 1, 1, 0, 0, 1, 1, 0, 1, 0, 1, 0]
[[ 9  0  0  0  0  1]
 [ 0  9  0  0  0  1]
 [ 0  0 10  0  0  0]
 [ 1  0  0  9  0  0]
 [ 0  0  0  0 10  0]
 [ 0  0  0  0  0 10]]
0.95
n_feature=14, score=0.95
[1, 1, 1, 0, 1, 0, 1, 1, 1, 0, 0, 0, 0, 1, 1, 1, 0, 0, 1, 1, 0, 1, 0, 1, 0]
[[ 9  0  0  0  0  1]
 [ 0  8  2  0  0  0]
 [ 0  0 10  0  0  0]
 [ 0  0  0 10  0  0]
 [ 0  0  0  0 10  0]
 [ 0  0  0  0  0 10]]
0.95
n_feature=10, score=0.95
[0, 1, 1, 0, 1, 0, 1, 1, 1, 0, 0, 0, 0, 0, 1, 0, 0, 0, 0, 1, 0, 1, 1, 0, 0]
[[10  0  0  0  0  0]
 [ 0 10  0  0  0  0]
 [ 0  1  9  0  0  0]
 [ 0  0  0 10  0  0]
 [ 0  0  0  0  9  1]
 [ 0  0  0  0  1  9]]
0.95
n_feature=13, score=0.95
[0, 0, 1, 0, 1, 0, 1, 1, 0, 1, 0, 1, 0, 1, 1, 1, 0, 0, 1, 1, 0, 1, 0, 1, 0]
[[ 9  0  0  0  0  1]
 [ 0  9  0  0  0  1]
 [ 0  0 10  0  0  0]
 [ 1  0  0  9  0  0]
 [ 0  0  0  0 10  0]
 [ 0  0  0  0  0 10]]
0.95
n_feature=16, score=0.95
[1, 1, 1, 0, 1, 0, 1, 1, 1, 0, 0, 0, 1, 1, 1, 0, 0, 1, 1, 1, 0, 1, 1, 1, 0]
[[ 9  0  0  0  0  1]
 [ 0  8  2  0  0  0]
 [ 0  0 10  0  0  0]
 [ 0  0  0 10  0  0]
 [ 0  0  0  0 10  0]
 [ 0  0  0  0  0 10]]
0.95
n_feature=15, score=0.95
[0, 1, 1, 0, 1, 0, 1, 1, 1, 0, 0, 0, 1, 1, 1, 1, 0, 0, 1, 1, 1, 1, 0, 1, 0]
[[ 9  0  0  0  0  1]
 [ 0  8  2  0  0  0]
 [ 0  0 10  0  0  0]
 [ 0  0  0 10  0  0]
 [ 0  0  0  0 10  0]
 [ 0  0  0  0  0 10]]
0.95
n_feature=15, score=0.95
[1, 1, 1, 0, 1, 0, 1, 1, 1, 0, 0, 0, 1, 1, 1, 1, 0, 0, 1, 1, 0, 1, 0, 1, 0]
[[ 9  0  0  0  0  1]
 [ 0  8  2  0  0  0]
 [ 0  0 10  0  0  0]
 [ 0  0  0 10  0  0]
 [ 0  0  0  0 10  0]
 [ 0  0  0  0  0 10]]
0.95
n_feature=14, score=0.95
[0, 1, 1, 0, 1, 0, 1, 1, 0, 1, 0, 1, 0, 1, 1, 1, 0, 0, 1, 1, 0, 1, 0, 1, 0]
[[ 9  0  0  0  0  1]
 [ 0  9  0  0  0  1]
 [ 0  0 10  0  0  0]
 [ 1  0  0  9  0  0]
 [ 0  0  0  0 10  0]
 [ 0  0  0  0  0 10]]
0.95
n_feature=15, score=0.95
[1, 1, 1, 0, 1, 0, 1, 1, 1, 0, 0, 0, 1, 1, 1, 1, 0, 0, 1, 1, 0, 1, 0, 1, 0]
[[ 9  0  0  0  0  1]
 [ 0  8  2  0  0  0]
 [ 0  0 10  0  0  0]
 [ 0  0  0 10  0  0]
 [ 0  0  0  0 10  0]
 [ 0  0  0  0  0 10]]
0.95
n_feature=16, score=0.95
[1, 1, 1, 0, 1, 0, 1, 1, 1, 0, 1, 0, 1, 1, 1, 1, 0, 0, 1, 1, 0, 1, 0, 1, 0]
[[ 9  0  0  0  0  1]
 [ 0  8  2  0  0  0]
 [ 0  0 10  0  0  0]
 [ 0  0  0 10  0  0]
 [ 0  0  0  0 10  0]
 [ 0  0  0  0  0 10]]
0.95
n_feature=16, score=0.95
[1, 1, 1, 0, 1, 0, 1, 1, 1, 1, 0, 0, 1, 1, 1, 1, 0, 0, 1, 1, 0, 1, 0, 1, 0]
[[ 9  0  0  0  0  1]
 [ 0  8  2  0  0  0]
 [ 0  0 10  0  0  0]
 [ 0  0  0 10  0  0]
 [ 0  0  0  0 10  0]
 [ 0  0  0  0  0 10]]
0.95
n_feature=14, score=0.967
[0, 1, 1, 0, 1, 0, 1, 1, 0, 1, 0, 1, 0, 1, 1, 1, 0, 0, 1, 0, 1, 1, 0, 0, 1]
[[ 9  0  0  0  0  1]
 [ 0 10  0  0  0  0]
 [ 0  0 10  0  0  0]
 [ 1  0  0  9  0  0]
 [ 0  0  0  0 10  0]
 [ 0  0  0  0  0 10]]
0.967
n_feature=11, score=0.9
[1, 0, 1, 0, 1, 1, 1, 0, 0, 1, 0, 0, 0, 1, 0, 0, 0, 0, 1, 1, 0, 1, 0, 1, 0]
[[ 8  1  0  0  0  1]
 [ 0  9  0  0  0  1]
 [ 0  1  9  0  0  0]
 [ 2  0  0  8  0  0]
 [ 0  0  0  0 10  0]
 [ 0  0  0  0  0 10]]
0.9
n_feature=15, score=0.95
[1, 0, 1, 1, 1, 0, 1, 1, 1, 0, 0, 0, 1, 1, 1, 1, 0, 0, 1, 1, 0, 1, 0, 1, 0]
[[ 9  0  0  0  0  1]
 [ 0  8  2  0  0  0]
 [ 0  0 10  0  0  0]
 [ 0  0  0 10  0  0]
 [ 0  0  0  0 10  0]
 [ 0  0  0  0  0 10]]
0.95
n_feature=15, score=0.95
[1, 1, 1, 0, 1, 0, 1, 1, 1, 0, 0, 0, 1, 1, 1, 1, 0, 0, 1, 1, 0, 1, 0, 1, 0]
[[ 9  0  0  0  0  1]
 [ 0  8  2  0  0  0]
 [ 0  0 10  0  0  0]
 [ 0  0  0 10  0  0]
 [ 0  0  0  0 10  0]
 [ 0  0  0  0  0 10]]
0.95
n_feature=15, score=0.95
[0, 1, 1, 0, 1, 0, 0, 1, 1, 0, 0, 1, 1, 1, 1, 1, 0, 0, 1, 1, 1, 1, 0, 1, 0]
[[ 9  0  0  0  0  1]
 [ 0 10  0  0  0  0]
 [ 0  0 10  0  0  0]
 [ 0  0  0  8  2  0]
 [ 0  0  0  0 10  0]
 [ 0  0  0  0  0 10]]
0.95
n_feature=14, score=0.95
[1, 1, 1, 0, 1, 0, 1, 1, 1, 0, 0, 0, 0, 1, 1, 1, 0, 0, 1, 1, 0, 1, 0, 1, 0]
[[ 9  0  0  0  0  1]
 [ 0  8  2  0  0  0]
 [ 0  0 10  0  0  0]
 [ 0  0  0 10  0  0]
 [ 0  0  0  0 10  0]
 [ 0  0  0  0  0 10]]
0.95
n_feature=15, score=0.95
[0, 1, 1, 0, 1, 0, 1, 1, 0, 1, 0, 1, 1, 1, 1, 1, 0, 0, 1, 1, 0, 1, 0, 1, 0]
[[ 9  0  0  0  0  1]
 [ 0  9  0  0  0  1]
 [ 0  0 10  0  0  0]
 [ 1  0  0  9  0  0]
 [ 0  0  0  0 10  0]
 [ 0  0  0  0  0 10]]
0.95
n_feature=12, score=0.95
[0, 0, 1, 0, 1, 0, 1, 1, 1, 0, 0, 0, 0, 1, 1, 1, 0, 0, 1, 1, 0, 1, 0, 1, 0]
[[ 9  0  0  0  0  1]
 [ 0  8  2  0  0  0]
 [ 0  0 10  0  0  0]
 [ 0  0  0 10  0  0]
 [ 0  0  0  0 10  0]
 [ 0  0  0  0  0 10]]
0.95
n_feature=11, score=0.95
[1, 1, 1, 0, 1, 0, 1, 1, 1, 0, 0, 0, 0, 0, 1, 0, 0, 0, 0, 1, 0, 1, 1, 0, 0]
[[10  0  0  0  0  0]
 [ 0 10  0  0  0  0]
 [ 0  1  9  0  0  0]
 [ 0  0  0 10  0  0]
 [ 0  0  0  0  9  1]
 [ 0  0  0  0  1  9]]
0.95
n_feature=14, score=0.967
[0, 1, 1, 0, 1, 0, 1, 1, 0, 1, 0, 1, 0, 1, 1, 1, 0, 0, 1, 0, 1, 1, 0, 0, 1]
[[ 9  0  0  0  0  1]
 [ 0 10  0  0  0  0]
 [ 0  0 10  0  0  0]
 [ 1  0  0  9  0  0]
 [ 0  0  0  0 10  0]
 [ 0  0  0  0  0 10]]
0.967
n_feature=15, score=0.95
[0, 1, 1, 0, 1, 0, 1, 1, 0, 1, 0, 1, 1, 1, 1, 1, 0, 0, 1, 1, 0, 1, 0, 1, 0]
[[ 9  0  0  0  0  1]
 [ 0  9  0  0  0  1]
 [ 0  0 10  0  0  0]
 [ 1  0  0  9  0  0]
 [ 0  0  0  0 10  0]
 [ 0  0  0  0  0 10]]
0.95
n_feature=14, score=0.85
[0, 1, 1, 0, 1, 0, 1, 1, 0, 1, 0, 1, 1, 1, 1, 1, 0, 0, 1, 1, 0, 0, 0, 1, 0]
[[ 6  0  0  0  3  1]
 [ 3  6  0  0  0  1]
 [ 0  0 10  0  0  0]
 [ 1  0  0  9  0  0]
 [ 0  0  0  0 10  0]
 [ 0  0  0  0  0 10]]
0.85
n_feature=14, score=0.95
[0, 1, 1, 0, 1, 0, 1, 1, 0, 1, 0, 1, 1, 1, 0, 1, 0, 0, 1, 1, 0, 1, 0, 1, 0]
[[ 9  0  0  0  0  1]
 [ 0  9  0  0  0  1]
 [ 0  0 10  0  0  0]
 [ 1  0  0  9  0  0]
 [ 0  0  0  0 10  0]
 [ 0  0  0  0  0 10]]
0.95
n_feature=9, score=0.95
[0, 0, 1, 0, 1, 0, 1, 1, 1, 0, 0, 0, 0, 0, 1, 0, 0, 0, 0, 1, 0, 1, 1, 0, 0]
[[10  0  0  0  0  0]
 [ 0 10  0  0  0  0]
 [ 0  1  9  0  0  0]
 [ 0  0  0 10  0  0]
 [ 0  0  0  0  9  1]
 [ 0  0  0  0  1  9]]
0.95
n_feature=12, score=0.95
[0, 1, 1, 0, 1, 0, 1, 1, 0, 1, 0, 1, 0, 1, 1, 1, 0, 0, 1, 0, 0, 1, 0, 0, 0]
[[ 8  0  1  0  0  1]
 [ 0 10  0  0  0  0]
 [ 0  0 10  0  0  0]
 [ 1  0  0  9  0  0]
 [ 0  0  0  0 10  0]
 [ 0  0  0  0  0 10]]
0.95
n_feature=11, score=0.9
[0, 0, 1, 0, 1, 0, 1, 1, 1, 0, 0, 0, 1, 0, 1, 0, 0, 0, 0, 1, 0, 1, 1, 0, 1]
[[10  0  0  0  0  0]
 [ 3  7  0  0  0  0]
 [ 1  0  9  0  0  0]
 [ 0  0  0 10  0  0]
 [ 0  0  0  0  9  1]
 [ 0  0  0  0  1  9]]
0.9
n_feature=10, score=0.95
[0, 1, 1, 0, 1, 0, 1, 1, 1, 0, 0, 0, 0, 0, 0, 0, 0, 1, 0, 1, 0, 1, 1, 0, 0]
[[10  0  0  0  0  0]
 [ 0 10  0  0  0  0]
 [ 0  1  9  0  0  0]
 [ 0  0  0 10  0  0]
 [ 0  0  0  0  9  1]
 [ 0  0  0  0  1  9]]
0.95
n_feature=12, score=0.95
[0, 0, 1, 0, 1, 0, 1, 1, 1, 0, 0, 0, 0, 1, 1, 1, 0, 0, 1, 1, 0, 1, 0, 1, 0]
[[ 9  0  0  0  0  1]
 [ 0  8  2  0  0  0]
 [ 0  0 10  0  0  0]
 [ 0  0  0 10  0  0]
 [ 0  0  0  0 10  0]
 [ 0  0  0  0  0 10]]
0.95
n_feature=9, score=0.95
[0, 0, 1, 0, 1, 0, 1, 1, 1, 0, 0, 0, 0, 0, 1, 0, 0, 0, 0, 1, 0, 1, 1, 0, 0]
[[10  0  0  0  0  0]
 [ 0 10  0  0  0  0]
 [ 0  1  9  0  0  0]
 [ 0  0  0 10  0  0]
 [ 0  0  0  0  9  1]
 [ 0  0  0  0  1  9]]
0.95
n_feature=11, score=0.95
[1, 1, 1, 0, 1, 0, 1, 1, 1, 0, 0, 0, 0, 0, 1, 0, 0, 0, 0, 1, 0, 1, 1, 0, 0]
[[10  0  0  0  0  0]
 [ 0 10  0  0  0  0]
 [ 0  1  9  0  0  0]
 [ 0  0  0 10  0  0]
 [ 0  0  0  0  9  1]
 [ 0  0  0  0  1  9]]
0.95
n_feature=10, score=0.95
[0, 1, 1, 0, 1, 0, 1, 1, 1, 0, 0, 0, 0, 0, 1, 0, 0, 0, 0, 1, 0, 1, 1, 0, 0]
[[10  0  0  0  0  0]
 [ 0 10  0  0  0  0]
 [ 0  1  9  0  0  0]
 [ 0  0  0 10  0  0]
 [ 0  0  0  0  9  1]
 [ 0  0  0  0  1  9]]
0.95
n_feature=10, score=0.95
[0, 1, 1, 0, 1, 0, 1, 1, 1, 0, 0, 0, 0, 0, 1, 0, 0, 0, 0, 1, 0, 1, 1, 0, 0]
[[10  0  0  0  0  0]
 [ 0 10  0  0  0  0]
 [ 0  1  9  0  0  0]
 [ 0  0  0 10  0  0]
 [ 0  0  0  0  9  1]
 [ 0  0  0  0  1  9]]
0.95
n_feature=14, score=0.95
[0, 1, 1, 0, 1, 0, 1, 1, 0, 1, 0, 1, 0, 1, 1, 1, 0, 0, 1, 1, 0, 1, 0, 1, 0]
[[ 9  0  0  0  0  1]
 [ 0  9  0  0  0  1]
 [ 0  0 10  0  0  0]
 [ 1  0  0  9  0  0]
 [ 0  0  0  0 10  0]
 [ 0  0  0  0  0 10]]
0.95
n_feature=14, score=0.95
[0, 1, 1, 0, 1, 0, 1, 1, 0, 1, 0, 1, 0, 1, 1, 1, 0, 0, 1, 1, 0, 1, 0, 1, 0]
[[ 9  0  0  0  0  1]
 [ 0  9  0  0  0  1]
 [ 0  0 10  0  0  0]
 [ 1  0  0  9  0  0]
 [ 0  0  0  0 10  0]
 [ 0  0  0  0  0 10]]
0.95
n_feature=11, score=0.95
[1, 1, 1, 0, 1, 0, 1, 1, 1, 0, 0, 0, 0, 0, 1, 0, 0, 0, 0, 1, 0, 1, 1, 0, 0]
[[10  0  0  0  0  0]
 [ 0 10  0  0  0  0]
 [ 0  1  9  0  0  0]
 [ 0  0  0 10  0  0]
 [ 0  0  0  0  9  1]
 [ 0  0  0  0  1  9]]
0.95
n_feature=12, score=0.95
[0, 0, 1, 0, 1, 0, 1, 1, 1, 0, 0, 0, 0, 1, 1, 1, 0, 0, 1, 1, 0, 1, 0, 1, 0]
[[ 9  0  0  0  0  1]
 [ 0  8  2  0  0  0]
 [ 0  0 10  0  0  0]
 [ 0  0  0 10  0  0]
 [ 0  0  0  0 10  0]
 [ 0  0  0  0  0 10]]
0.95
n_feature=9, score=0.95
[0, 1, 1, 0, 1, 0, 1, 1, 1, 0, 0, 0, 0, 1, 0, 0, 0, 0, 0, 0, 0, 1, 1, 0, 0]
[[ 8  2  0  0  0  0]
 [ 0 10  0  0  0  0]
 [ 0  1  9  0  0  0]
 [ 0  0  0 10  0  0]
 [ 0  0  0  0 10  0]
 [ 0  0  0  0  0 10]]
0.95
n_feature=14, score=0.967
[0, 1, 1, 0, 1, 0, 1, 1, 0, 1, 0, 1, 0, 1, 1, 1, 0, 0, 1, 0, 1, 1, 0, 0, 1]
[[ 9  0  0  0  0  1]
 [ 0 10  0  0  0  0]
 [ 0  0 10  0  0  0]
 [ 1  0  0  9  0  0]
 [ 0  0  0  0 10  0]
 [ 0  0  0  0  0 10]]
0.967
n_feature=11, score=0.95
[0, 0, 1, 0, 1, 0, 1, 1, 0, 1, 0, 1, 0, 1, 1, 1, 0, 0, 1, 0, 0, 1, 0, 0, 0]
[[ 8  0  1  0  0  1]
 [ 0 10  0  0  0  0]
 [ 0  0 10  0  0  0]
 [ 1  0  0  9  0  0]
 [ 0  0  0  0 10  0]
 [ 0  0  0  0  0 10]]
0.95
n_feature=10, score=0.95
[0, 1, 1, 0, 1, 0, 1, 1, 1, 0, 0, 0, 0, 0, 1, 0, 0, 0, 0, 1, 0, 1, 1, 0, 0]
[[10  0  0  0  0  0]
 [ 0 10  0  0  0  0]
 [ 0  1  9  0  0  0]
 [ 0  0  0 10  0  0]
 [ 0  0  0  0  9  1]
 [ 0  0  0  0  1  9]]
0.95
n_feature=12, score=0.817
[0, 1, 1, 0, 1, 0, 1, 0, 0, 1, 0, 1, 0, 0, 1, 1, 0, 0, 1, 0, 1, 1, 0, 0, 1]
[[ 8  0  1  0  0  1]
 [ 7  3  0  0  0  0]
 [ 0  0 10  0  0  0]
 [ 2  0  0  8  0  0]
 [ 0  0  0  0 10  0]
 [ 0  0  0  0  0 10]]
0.817
n_feature=9, score=0.95
[0, 0, 1, 0, 1, 0, 1, 1, 1, 0, 0, 0, 0, 0, 1, 0, 0, 0, 0, 1, 0, 1, 1, 0, 0]
[[10  0  0  0  0  0]
 [ 0 10  0  0  0  0]
 [ 0  1  9  0  0  0]
 [ 0  0  0 10  0  0]
 [ 0  0  0  0  9  1]
 [ 0  0  0  0  1  9]]
0.95
n_feature=9, score=0.95
[0, 0, 1, 0, 1, 0, 1, 1, 1, 0, 0, 0, 0, 0, 1, 0, 0, 0, 0, 1, 0, 1, 1, 0, 0]
[[10  0  0  0  0  0]
 [ 0 10  0  0  0  0]
 [ 0  1  9  0  0  0]
 [ 0  0  0 10  0  0]
 [ 0  0  0  0  9  1]
 [ 0  0  0  0  1  9]]
0.95
n_feature=11, score=0.85
[0, 1, 1, 0, 1, 0, 1, 1, 1, 0, 0, 0, 0, 0, 1, 0, 0, 0, 1, 1, 0, 1, 1, 0, 0]
[[ 9  0  0  0  0  1]
 [ 7  3  0  0  0  0]
 [ 1  0  9  0  0  0]
 [ 0  0  0 10  0  0]
 [ 0  0  0  0 10  0]
 [ 0  0  0  0  0 10]]
0.85
n_feature=10, score=0.95
[0, 1, 1, 0, 1, 0, 1, 1, 1, 0, 0, 0, 0, 0, 1, 0, 0, 0, 0, 1, 0, 1, 1, 0, 0]
[[10  0  0  0  0  0]
 [ 0 10  0  0  0  0]
 [ 0  1  9  0  0  0]
 [ 0  0  0 10  0  0]
 [ 0  0  0  0  9  1]
 [ 0  0  0  0  1  9]]
0.95
n_feature=11, score=0.917
[0, 1, 1, 0, 1, 0, 1, 1, 1, 0, 0, 0, 1, 0, 0, 0, 0, 1, 0, 1, 0, 1, 1, 0, 0]
[[10  0  0  0  0  0]
 [ 2  8  0  0  0  0]
 [ 1  0  9  0  0  0]
 [ 0  0  0 10  0  0]
 [ 0  0  0  0  9  1]
 [ 0  0  0  0  1  9]]
0.917
n_feature=11, score=0.933
[0, 0, 1, 0, 1, 0, 1, 1, 1, 0, 0, 0, 0, 1, 1, 1, 0, 0, 1, 1, 0, 1, 0, 0, 0]
[[ 9  0  0  0  0  1]
 [ 0  7  3  0  0  0]
 [ 0  0 10  0  0  0]
 [ 0  0  0 10  0  0]
 [ 0  0  0  0 10  0]
 [ 0  0  0  0  0 10]]
0.933
n_feature=10, score=0.95
[0, 1, 1, 0, 1, 0, 1, 1, 1, 0, 0, 0, 0, 0, 1, 0, 0, 0, 0, 1, 0, 1, 1, 0, 0]
[[10  0  0  0  0  0]
 [ 0 10  0  0  0  0]
 [ 0  1  9  0  0  0]
 [ 0  0  0 10  0  0]
 [ 0  0  0  0  9  1]
 [ 0  0  0  0  1  9]]
0.95
n_feature=8, score=0.95
[0, 0, 1, 0, 1, 0, 1, 1, 1, 0, 0, 0, 0, 1, 0, 0, 0, 0, 0, 0, 0, 1, 1, 0, 0]
[[ 8  2  0  0  0  0]
 [ 0 10  0  0  0  0]
 [ 0  1  9  0  0  0]
 [ 0  0  0 10  0  0]
 [ 0  0  0  0 10  0]
 [ 0  0  0  0  0 10]]
0.95
n_feature=9, score=0.95
[0, 0, 1, 0, 1, 0, 1, 1, 1, 0, 0, 0, 0, 0, 1, 0, 0, 0, 0, 1, 0, 1, 1, 0, 0]
[[10  0  0  0  0  0]
 [ 0 10  0  0  0  0]
 [ 0  1  9  0  0  0]
 [ 0  0  0 10  0  0]
 [ 0  0  0  0  9  1]
 [ 0  0  0  0  1  9]]
0.95
n_feature=10, score=0.95
[0, 0, 1, 0, 1, 0, 1, 1, 1, 0, 0, 1, 0, 0, 1, 0, 0, 0, 0, 1, 0, 1, 1, 0, 0]
[[ 8  1  1  0  0  0]
 [ 0 10  0  0  0  0]
 [ 0  0 10  0  0  0]
 [ 0  0  0 10  0  0]
 [ 0  0  0  0 10  0]
 [ 0  0  0  0  1  9]]
0.95
n_feature=9, score=0.85
[0, 0, 1, 0, 1, 0, 1, 1, 1, 0, 0, 0, 0, 0, 0, 0, 0, 0, 1, 1, 0, 1, 1, 0, 0]
[[ 9  0  0  0  0  1]
 [ 7  3  0  0  0  0]
 [ 1  0  9  0  0  0]
 [ 0  0  0 10  0  0]
 [ 0  0  0  0 10  0]
 [ 0  0  0  0  0 10]]
0.85
n_feature=9, score=0.95
[0, 0, 1, 0, 1, 0, 1, 1, 1, 0, 0, 0, 0, 0, 1, 0, 0, 0, 0, 1, 0, 1, 1, 0, 0]
[[10  0  0  0  0  0]
 [ 0 10  0  0  0  0]
 [ 0  1  9  0  0  0]
 [ 0  0  0 10  0  0]
 [ 0  0  0  0  9  1]
 [ 0  0  0  0  1  9]]
0.95
n_feature=13, score=0.967
[0, 0, 1, 0, 1, 0, 1, 1, 0, 1, 0, 1, 0, 1, 1, 1, 0, 0, 1, 0, 1, 1, 0, 0, 1]
[[ 9  0  0  0  0  1]
 [ 0 10  0  0  0  0]
 [ 0  0 10  0  0  0]
 [ 1  0  0  9  0  0]
 [ 0  0  0  0 10  0]
 [ 0  0  0  0  0 10]]
0.967
n_feature=12, score=0.95
[0, 1, 1, 0, 1, 0, 1, 1, 0, 1, 0, 1, 0, 1, 1, 1, 0, 0, 1, 0, 0, 1, 0, 0, 0]
[[ 8  0  1  0  0  1]
 [ 0 10  0  0  0  0]
 [ 0  0 10  0  0  0]
 [ 1  0  0  9  0  0]
 [ 0  0  0  0 10  0]
 [ 0  0  0  0  0 10]]
0.95
n_feature=10, score=0.95
[0, 0, 1, 0, 1, 0, 1, 1, 1, 0, 0, 1, 0, 0, 1, 0, 0, 0, 0, 1, 0, 1, 1, 0, 0]
[[ 8  1  1  0  0  0]
 [ 0 10  0  0  0  0]
 [ 0  0 10  0  0  0]
 [ 0  0  0 10  0  0]
 [ 0  0  0  0 10  0]
 [ 0  0  0  0  1  9]]
0.95
n_feature=9, score=0.95
[0, 0, 1, 0, 1, 0, 1, 1, 1, 0, 0, 0, 0, 0, 1, 0, 0, 0, 0, 1, 0, 1, 1, 0, 0]
[[10  0  0  0  0  0]
 [ 0 10  0  0  0  0]
 [ 0  1  9  0  0  0]
 [ 0  0  0 10  0  0]
 [ 0  0  0  0  9  1]
 [ 0  0  0  0  1  9]]
0.95
n_feature=9, score=0.867
[0, 1, 1, 0, 1, 0, 0, 1, 1, 0, 0, 0, 0, 0, 1, 0, 0, 0, 0, 1, 0, 1, 1, 0, 0]
[[ 8  0  2  0  0  0]
 [ 0  7  3  0  0  0]
 [ 0  0 10  0  0  0]
 [ 0  0  0 10  0  0]
 [ 0  0  0  0 10  0]
 [ 0  0  0  0  3  7]]
0.867
n_feature=9, score=0.95
[0, 0, 1, 0, 1, 0, 1, 1, 1, 0, 0, 0, 0, 0, 1, 0, 0, 0, 0, 1, 0, 1, 1, 0, 0]
[[10  0  0  0  0  0]
 [ 0 10  0  0  0  0]
 [ 0  1  9  0  0  0]
 [ 0  0  0 10  0  0]
 [ 0  0  0  0  9  1]
 [ 0  0  0  0  1  9]]
0.95
n_feature=12, score=0.933
[0, 0, 1, 0, 1, 0, 1, 1, 0, 1, 0, 1, 0, 1, 1, 1, 0, 0, 0, 0, 1, 1, 0, 0, 1]
[[ 8  1  0  0  0  1]
 [ 0 10  0  0  0  0]
 [ 0  0 10  0  0  0]
 [ 1  0  0  9  0  0]
 [ 0  0  0  0 10  0]
 [ 0  0  1  0  0  9]]
0.933
n_feature=12, score=0.967
[0, 0, 1, 0, 1, 0, 1, 1, 0, 1, 0, 1, 0, 1, 1, 1, 0, 0, 1, 0, 1, 1, 0, 0, 0]
[[ 9  0  0  0  0  1]
 [ 0 10  0  0  0  0]
 [ 0  0 10  0  0  0]
 [ 1  0  0  9  0  0]
 [ 0  0  0  0 10  0]
 [ 0  0  0  0  0 10]]
0.967
n_feature=14, score=0.967
[0, 1, 1, 0, 1, 0, 1, 1, 0, 1, 0, 1, 0, 1, 1, 1, 0, 0, 1, 0, 1, 1, 0, 0, 1]
[[ 9  0  0  0  0  1]
 [ 0 10  0  0  0  0]
 [ 0  0 10  0  0  0]
 [ 1  0  0  9  0  0]
 [ 0  0  0  0 10  0]
 [ 0  0  0  0  0 10]]
0.967
n_feature=9, score=0.95
[0, 1, 1, 0, 1, 0, 1, 1, 1, 0, 0, 0, 0, 1, 0, 0, 0, 0, 0, 0, 0, 1, 1, 0, 0]
[[ 8  2  0  0  0  0]
 [ 0 10  0  0  0  0]
 [ 0  1  9  0  0  0]
 [ 0  0  0 10  0  0]
 [ 0  0  0  0 10  0]
 [ 0  0  0  0  0 10]]
0.95
n_feature=11, score=0.933
[0, 0, 1, 0, 1, 0, 1, 1, 0, 1, 0, 1, 0, 1, 1, 0, 0, 0, 0, 1, 0, 1, 1, 0, 0]
[[ 8  1  0  0  0  1]
 [ 0 10  0  0  0  0]
 [ 0  0 10  0  0  0]
 [ 1  0  0  9  0  0]
 [ 0  0  0  0 10  0]
 [ 0  0  1  0  0  9]]
0.933
n_feature=11, score=0.85
[0, 0, 1, 0, 1, 0, 1, 1, 1, 0, 0, 0, 0, 0, 1, 1, 0, 0, 1, 0, 1, 1, 0, 0, 1]
[[ 9  0  0  0  0  1]
 [ 7  3  0  0  0  0]
 [ 1  0  9  0  0  0]
 [ 0  0  0 10  0  0]
 [ 0  0  0  0 10  0]
 [ 0  0  0  0  0 10]]
0.85
n_feature=11, score=0.9
[0, 0, 1, 0, 1, 0, 1, 1, 1, 0, 0, 0, 1, 0, 1, 0, 0, 0, 0, 1, 1, 1, 1, 0, 0]
[[10  0  0  0  0  0]
 [ 3  7  0  0  0  0]
 [ 1  0  9  0  0  0]
 [ 0  0  0 10  0  0]
 [ 0  0  0  0  9  1]
 [ 0  0  0  0  1  9]]
0.9
n_feature=7, score=0.95
[0, 0, 1, 0, 1, 0, 1, 0, 1, 0, 0, 0, 0, 1, 0, 0, 0, 0, 0, 0, 0, 1, 1, 0, 0]
[[ 8  2  0  0  0  0]
 [ 0 10  0  0  0  0]
 [ 0  1  9  0  0  0]
 [ 0  0  0 10  0  0]
 [ 0  0  0  0 10  0]
 [ 0  0  0  0  0 10]]
0.95
n_feature=9, score=0.95
[0, 0, 1, 0, 1, 0, 1, 1, 1, 0, 0, 0, 0, 0, 1, 0, 0, 0, 0, 1, 0, 1, 1, 0, 0]
[[10  0  0  0  0  0]
 [ 0 10  0  0  0  0]
 [ 0  1  9  0  0  0]
 [ 0  0  0 10  0  0]
 [ 0  0  0  0  9  1]
 [ 0  0  0  0  1  9]]
0.95
n_feature=9, score=0.95
[0, 0, 1, 0, 1, 0, 1, 1, 1, 0, 0, 0, 0, 0, 1, 0, 0, 0, 0, 1, 0, 1, 1, 0, 0]
[[10  0  0  0  0  0]
 [ 0 10  0  0  0  0]
 [ 0  1  9  0  0  0]
 [ 0  0  0 10  0  0]
 [ 0  0  0  0  9  1]
 [ 0  0  0  0  1  9]]
0.95
n_feature=7, score=0.867
[0, 0, 1, 0, 1, 0, 0, 1, 1, 0, 0, 0, 0, 1, 0, 0, 0, 0, 0, 0, 0, 1, 1, 0, 0]
[[ 8  1  1  0  0  0]
 [ 0  7  3  0  0  0]
 [ 3  0  7  0  0  0]
 [ 0  0  0 10  0  0]
 [ 0  0  0  0 10  0]
 [ 0  0  0  0  0 10]]
0.867
n_feature=10, score=0.95
[0, 0, 1, 1, 1, 0, 1, 1, 1, 0, 0, 0, 0, 0, 1, 0, 0, 0, 0, 1, 0, 1, 1, 0, 0]
[[10  0  0  0  0  0]
 [ 0 10  0  0  0  0]
 [ 0  1  9  0  0  0]
 [ 0  0  0 10  0  0]
 [ 0  0  0  0  9  1]
 [ 0  0  0  0  1  9]]
0.95
n_feature=7, score=0.95
[0, 0, 1, 0, 1, 0, 1, 0, 1, 0, 0, 0, 0, 1, 0, 0, 0, 0, 0, 0, 0, 1, 1, 0, 0]
[[ 8  2  0  0  0  0]
 [ 0 10  0  0  0  0]
 [ 0  1  9  0  0  0]
 [ 0  0  0 10  0  0]
 [ 0  0  0  0 10  0]
 [ 0  0  0  0  0 10]]
0.95
n_feature=8, score=0.95
[0, 0, 1, 0, 1, 0, 1, 1, 1, 0, 0, 0, 0, 1, 0, 0, 0, 0, 0, 0, 0, 1, 1, 0, 0]
[[ 8  2  0  0  0  0]
 [ 0 10  0  0  0  0]
 [ 0  1  9  0  0  0]
 [ 0  0  0 10  0  0]
 [ 0  0  0  0 10  0]
 [ 0  0  0  0  0 10]]
0.95
n_feature=8, score=0.95
[0, 0, 1, 0, 1, 0, 1, 1, 1, 0, 0, 0, 0, 1, 0, 0, 0, 0, 0, 0, 0, 1, 0, 0, 1]
[[ 8  2  0  0  0  0]
 [ 0 10  0  0  0  0]
 [ 0  1  9  0  0  0]
 [ 0  0  0 10  0  0]
 [ 0  0  0  0 10  0]
 [ 0  0  0  0  0 10]]
0.95
n_feature=14, score=0.967
[0, 1, 1, 0, 1, 0, 1, 1, 0, 1, 0, 1, 0, 1, 1, 1, 0, 0, 1, 0, 1, 1, 1, 0, 0]
[[ 9  0  0  0  0  1]
 [ 0 10  0  0  0  0]
 [ 0  0 10  0  0  0]
 [ 1  0  0  9  0  0]
 [ 0  0  0  0 10  0]
 [ 0  0  0  0  0 10]]
0.967
n_feature=10, score=0.95
[0, 0, 1, 0, 1, 0, 1, 1, 1, 0, 0, 0, 0, 0, 1, 0, 0, 0, 0, 1, 1, 1, 1, 0, 0]
[[10  0  0  0  0  0]
 [ 0 10  0  0  0  0]
 [ 0  1  9  0  0  0]
 [ 0  0  0 10  0  0]
 [ 0  0  0  0  9  1]
 [ 0  0  0  0  1  9]]
0.95
n_feature=10, score=0.917
[0, 0, 1, 0, 1, 0, 1, 1, 1, 0, 0, 0, 1, 0, 1, 0, 0, 0, 0, 1, 0, 1, 1, 0, 0]
[[10  0  0  0  0  0]
 [ 2  8  0  0  0  0]
 [ 1  0  9  0  0  0]
 [ 0  0  0 10  0  0]
 [ 0  0  0  0  9  1]
 [ 0  0  0  0  1  9]]
0.917
n_feature=7, score=0.95
[0, 0, 1, 0, 1, 0, 1, 0, 1, 0, 0, 0, 0, 1, 0, 0, 0, 0, 0, 0, 0, 1, 1, 0, 0]
[[ 8  2  0  0  0  0]
 [ 0 10  0  0  0  0]
 [ 0  1  9  0  0  0]
 [ 0  0  0 10  0  0]
 [ 0  0  0  0 10  0]
 [ 0  0  0  0  0 10]]
0.95
n_feature=9, score=0.95
[0, 0, 1, 0, 1, 0, 1, 1, 1, 0, 0, 0, 0, 0, 1, 0, 0, 0, 0, 1, 0, 1, 1, 0, 0]
[[10  0  0  0  0  0]
 [ 0 10  0  0  0  0]
 [ 0  1  9  0  0  0]
 [ 0  0  0 10  0  0]
 [ 0  0  0  0  9  1]
 [ 0  0  0  0  1  9]]
0.95
n_feature=8, score=0.95
[0, 0, 1, 0, 1, 0, 1, 0, 1, 0, 0, 0, 0, 1, 0, 0, 0, 0, 0, 0, 1, 1, 0, 0, 1]
[[ 8  2  0  0  0  0]
 [ 0 10  0  0  0  0]
 [ 0  1  9  0  0  0]
 [ 0  0  0 10  0  0]
 [ 0  0  0  0 10  0]
 [ 0  0  0  0  0 10]]
0.95
n_feature=12, score=0.967
[0, 0, 1, 0, 1, 0, 1, 1, 0, 1, 0, 1, 0, 1, 1, 1, 0, 0, 1, 0, 0, 1, 1, 0, 0]
[[ 9  0  0  0  0  1]
 [ 0 10  0  0  0  0]
 [ 0  0 10  0  0  0]
 [ 1  0  0  9  0  0]
 [ 0  0  0  0 10  0]
 [ 0  0  0  0  0 10]]
0.967
n_feature=10, score=0.933
[0, 1, 1, 0, 1, 0, 1, 1, 1, 0, 0, 0, 0, 1, 0, 0, 0, 0, 1, 0, 0, 1, 1, 0, 0]
[[ 9  0  0  0  0  1]
 [ 0  7  3  0  0  0]
 [ 0  0 10  0  0  0]
 [ 0  0  0 10  0  0]
 [ 0  0  0  0 10  0]
 [ 0  0  0  0  0 10]]
0.933
n_feature=13, score=0.967
[0, 0, 1, 0, 1, 0, 1, 1, 0, 1, 0, 1, 0, 1, 1, 1, 0, 0, 1, 0, 1, 1, 0, 0, 1]
[[ 9  0  0  0  0  1]
 [ 0 10  0  0  0  0]
 [ 0  0 10  0  0  0]
 [ 1  0  0  9  0  0]
 [ 0  0  0  0 10  0]
 [ 0  0  0  0  0 10]]
0.967
n_feature=14, score=0.967
[0, 1, 1, 0, 1, 0, 1, 1, 0, 1, 0, 1, 0, 1, 1, 1, 0, 0, 1, 0, 1, 1, 0, 0, 1]
[[ 9  0  0  0  0  1]
 [ 0 10  0  0  0  0]
 [ 0  0 10  0  0  0]
 [ 1  0  0  9  0  0]
 [ 0  0  0  0 10  0]
 [ 0  0  0  0  0 10]]
0.967
n_feature=9, score=0.917
[0, 0, 1, 0, 1, 0, 1, 1, 0, 1, 0, 1, 0, 1, 0, 0, 0, 0, 0, 0, 0, 1, 1, 0, 0]
[[ 7  1  1  0  0  1]
 [ 0 10  0  0  0  0]
 [ 0  0 10  0  0  0]
 [ 1  0  0  9  0  0]
 [ 0  0  0  0 10  0]
 [ 0  0  1  0  0  9]]
0.917
n_feature=11, score=0.933
[0, 0, 1, 0, 1, 0, 1, 1, 1, 0, 0, 0, 0, 1, 1, 1, 0, 0, 1, 0, 0, 1, 1, 0, 0]
[[ 9  0  0  0  0  1]
 [ 0  7  3  0  0  0]
 [ 0  0 10  0  0  0]
 [ 0  0  0 10  0  0]
 [ 0  0  0  0 10  0]
 [ 0  0  0  0  0 10]]
0.933
n_feature=13, score=0.967
[0, 0, 1, 0, 1, 0, 1, 1, 0, 1, 0, 1, 0, 1, 1, 1, 0, 0, 1, 0, 1, 1, 0, 0, 1]
[[ 9  0  0  0  0  1]
 [ 0 10  0  0  0  0]
 [ 0  0 10  0  0  0]
 [ 1  0  0  9  0  0]
 [ 0  0  0  0 10  0]
 [ 0  0  0  0  0 10]]
0.967
n_feature=15, score=0.967
[1, 1, 1, 0, 1, 0, 1, 1, 0, 1, 0, 1, 0, 1, 1, 1, 0, 0, 1, 0, 1, 1, 1, 0, 0]
[[ 9  0  0  0  0  1]
 [ 0 10  0  0  0  0]
 [ 0  0 10  0  0  0]
 [ 1  0  0  9  0  0]
 [ 0  0  0  0 10  0]
 [ 0  0  0  0  0 10]]
0.967
n_feature=13, score=0.967
[0, 0, 1, 0, 1, 0, 1, 1, 0, 1, 0, 1, 0, 1, 1, 1, 0, 0, 1, 0, 1, 1, 0, 0, 1]
[[ 9  0  0  0  0  1]
 [ 0 10  0  0  0  0]
 [ 0  0 10  0  0  0]
 [ 1  0  0  9  0  0]
 [ 0  0  0  0 10  0]
 [ 0  0  0  0  0 10]]
0.967
n_feature=7, score=0.95
[0, 0, 1, 0, 1, 0, 1, 0, 1, 0, 0, 0, 0, 1, 0, 0, 0, 0, 0, 0, 0, 1, 1, 0, 0]
[[ 8  2  0  0  0  0]
 [ 0 10  0  0  0  0]
 [ 0  1  9  0  0  0]
 [ 0  0  0 10  0  0]
 [ 0  0  0  0 10  0]
 [ 0  0  0  0  0 10]]
0.95
n_feature=12, score=0.967
[0, 0, 1, 0, 1, 0, 1, 1, 0, 1, 0, 1, 0, 1, 1, 1, 0, 0, 1, 0, 0, 1, 1, 0, 0]
[[ 9  0  0  0  0  1]
 [ 0 10  0  0  0  0]
 [ 0  0 10  0  0  0]
 [ 1  0  0  9  0  0]
 [ 0  0  0  0 10  0]
 [ 0  0  0  0  0 10]]
0.967
n_feature=11, score=0.883
[0, 0, 1, 0, 1, 0, 0, 0, 0, 1, 0, 1, 0, 1, 1, 1, 0, 0, 0, 0, 1, 1, 1, 1, 0]
[[ 5  1  0  0  2  2]
 [ 0  9  0  0  0  1]
 [ 0  0 10  0  0  0]
 [ 0  0  0  9  0  1]
 [ 0  0  0  0 10  0]
 [ 0  0  0  0  0 10]]
0.883
n_feature=8, score=0.95
[0, 0, 1, 0, 1, 0, 1, 0, 1, 0, 0, 0, 0, 1, 0, 0, 0, 0, 1, 0, 0, 1, 1, 0, 0]
[[ 8  2  0  0  0  0]
 [ 0 10  0  0  0  0]
 [ 0  1  9  0  0  0]
 [ 0  0  0 10  0  0]
 [ 0  0  0  0 10  0]
 [ 0  0  0  0  0 10]]
0.95
n_feature=14, score=0.933
[0, 0, 1, 0, 1, 0, 1, 0, 0, 1, 0, 1, 0, 1, 1, 1, 0, 1, 1, 0, 1, 1, 1, 0, 1]
[[ 8  1  0  0  0  1]
 [ 0 10  0  0  0  0]
 [ 0  0 10  0  0  0]
 [ 2  0  0  8  0  0]
 [ 0  0  0  0 10  0]
 [ 0  0  0  0  0 10]]
0.933
n_feature=13, score=0.967
[0, 1, 1, 0, 1, 0, 1, 1, 0, 1, 0, 1, 0, 1, 1, 1, 0, 0, 1, 0, 1, 1, 0, 0, 0]
[[ 9  0  0  0  0  1]
 [ 0 10  0  0  0  0]
 [ 0  0 10  0  0  0]
 [ 1  0  0  9  0  0]
 [ 0  0  0  0 10  0]
 [ 0  0  0  0  0 10]]
0.967
n_feature=10, score=0.817
[0, 0, 1, 0, 1, 0, 1, 0, 0, 1, 0, 1, 0, 0, 1, 1, 0, 0, 1, 0, 1, 1, 0, 0, 0]
[[ 8  0  1  0  0  1]
 [ 7  3  0  0  0  0]
 [ 0  0 10  0  0  0]
 [ 2  0  0  8  0  0]
 [ 0  0  0  0 10  0]
 [ 0  0  0  0  0 10]]
0.817
n_feature=12, score=0.967
[0, 0, 1, 0, 1, 0, 1, 1, 0, 1, 0, 1, 0, 1, 1, 1, 0, 0, 1, 0, 1, 1, 0, 0, 0]
[[ 9  0  0  0  0  1]
 [ 0 10  0  0  0  0]
 [ 0  0 10  0  0  0]
 [ 1  0  0  9  0  0]
 [ 0  0  0  0 10  0]
 [ 0  0  0  0  0 10]]
0.967
n_feature=12, score=0.967
[0, 0, 1, 0, 1, 0, 1, 1, 0, 1, 0, 1, 0, 1, 1, 1, 0, 0, 1, 0, 1, 1, 0, 0, 0]
[[ 9  0  0  0  0  1]
 [ 0 10  0  0  0  0]
 [ 0  0 10  0  0  0]
 [ 1  0  0  9  0  0]
 [ 0  0  0  0 10  0]
 [ 0  0  0  0  0 10]]
0.967
n_feature=12, score=0.967
[0, 0, 1, 0, 1, 0, 1, 1, 0, 1, 0, 1, 0, 1, 1, 1, 0, 0, 1, 0, 0, 1, 1, 0, 0]
[[ 9  0  0  0  0  1]
 [ 0 10  0  0  0  0]
 [ 0  0 10  0  0  0]
 [ 1  0  0  9  0  0]
 [ 0  0  0  0 10  0]
 [ 0  0  0  0  0 10]]
0.967
n_feature=12, score=0.967
[0, 0, 1, 0, 1, 0, 1, 1, 0, 1, 0, 1, 0, 1, 1, 1, 0, 0, 1, 0, 0, 1, 1, 0, 0]
[[ 9  0  0  0  0  1]
 [ 0 10  0  0  0  0]
 [ 0  0 10  0  0  0]
 [ 1  0  0  9  0  0]
 [ 0  0  0  0 10  0]
 [ 0  0  0  0  0 10]]
0.967
n_feature=7, score=0.95
[0, 0, 1, 0, 1, 0, 1, 0, 1, 0, 0, 0, 0, 1, 0, 0, 0, 0, 0, 0, 0, 1, 1, 0, 0]
[[ 8  2  0  0  0  0]
 [ 0 10  0  0  0  0]
 [ 0  1  9  0  0  0]
 [ 0  0  0 10  0  0]
 [ 0  0  0  0 10  0]
 [ 0  0  0  0  0 10]]
0.95
n_feature=10, score=0.933
[0, 1, 1, 0, 1, 0, 1, 1, 1, 0, 0, 0, 0, 1, 0, 0, 0, 0, 1, 0, 0, 1, 1, 0, 0]
[[ 9  0  0  0  0  1]
 [ 0  7  3  0  0  0]
 [ 0  0 10  0  0  0]
 [ 0  0  0 10  0  0]
 [ 0  0  0  0 10  0]
 [ 0  0  0  0  0 10]]
0.933
n_feature=13, score=0.967
[0, 0, 1, 0, 1, 0, 1, 1, 0, 1, 0, 1, 0, 1, 1, 1, 0, 1, 1, 0, 1, 1, 0, 0, 0]
[[ 9  0  0  0  0  1]
 [ 0 10  0  0  0  0]
 [ 0  0 10  0  0  0]
 [ 1  0  0  9  0  0]
 [ 0  0  0  0 10  0]
 [ 0  0  0  0  0 10]]
0.967
n_feature=12, score=0.967
[0, 0, 1, 0, 1, 0, 1, 1, 0, 1, 0, 1, 0, 1, 1, 1, 0, 0, 1, 0, 0, 1, 1, 0, 0]
[[ 9  0  0  0  0  1]
 [ 0 10  0  0  0  0]
 [ 0  0 10  0  0  0]
 [ 1  0  0  9  0  0]
 [ 0  0  0  0 10  0]
 [ 0  0  0  0  0 10]]
0.967
n_feature=12, score=0.967
[0, 0, 1, 0, 1, 0, 1, 1, 0, 1, 0, 1, 0, 1, 1, 1, 0, 0, 1, 0, 1, 1, 0, 0, 0]
[[ 9  0  0  0  0  1]
 [ 0 10  0  0  0  0]
 [ 0  0 10  0  0  0]
 [ 1  0  0  9  0  0]
 [ 0  0  0  0 10  0]
 [ 0  0  0  0  0 10]]
0.967
n_feature=12, score=0.967
[0, 0, 1, 0, 1, 0, 1, 1, 0, 1, 0, 1, 0, 1, 1, 1, 0, 0, 1, 0, 1, 1, 0, 0, 0]
[[ 9  0  0  0  0  1]
 [ 0 10  0  0  0  0]
 [ 0  0 10  0  0  0]
 [ 1  0  0  9  0  0]
 [ 0  0  0  0 10  0]
 [ 0  0  0  0  0 10]]
0.967
n_feature=12, score=0.967
[0, 0, 1, 0, 1, 0, 1, 1, 0, 1, 0, 1, 0, 1, 1, 1, 0, 0, 1, 0, 1, 1, 0, 0, 0]
[[ 9  0  0  0  0  1]
 [ 0 10  0  0  0  0]
 [ 0  0 10  0  0  0]
 [ 1  0  0  9  0  0]
 [ 0  0  0  0 10  0]
 [ 0  0  0  0  0 10]]
0.967
n_feature=12, score=0.967
[0, 0, 1, 0, 1, 0, 1, 1, 0, 1, 0, 1, 0, 1, 1, 1, 0, 0, 1, 0, 1, 1, 0, 0, 0]
[[ 9  0  0  0  0  1]
 [ 0 10  0  0  0  0]
 [ 0  0 10  0  0  0]
 [ 1  0  0  9  0  0]
 [ 0  0  0  0 10  0]
 [ 0  0  0  0  0 10]]
0.967
n_feature=13, score=0.967
[0, 0, 1, 0, 1, 0, 1, 1, 0, 1, 0, 1, 0, 1, 1, 1, 0, 0, 1, 0, 1, 1, 0, 0, 1]
[[ 9  0  0  0  0  1]
 [ 0 10  0  0  0  0]
 [ 0  0 10  0  0  0]
 [ 1  0  0  9  0  0]
 [ 0  0  0  0 10  0]
 [ 0  0  0  0  0 10]]
0.967
n_feature=12, score=0.967
[0, 0, 1, 0, 1, 0, 1, 1, 0, 1, 0, 1, 0, 1, 1, 1, 0, 0, 1, 0, 0, 1, 1, 0, 0]
[[ 9  0  0  0  0  1]
 [ 0 10  0  0  0  0]
 [ 0  0 10  0  0  0]
 [ 1  0  0  9  0  0]
 [ 0  0  0  0 10  0]
 [ 0  0  0  0  0 10]]
0.967
n_feature=11, score=0.967
[0, 0, 1, 0, 1, 0, 1, 1, 0, 1, 0, 1, 0, 1, 0, 1, 0, 0, 1, 0, 1, 1, 0, 0, 0]
[[ 9  0  0  0  0  1]
 [ 0 10  0  0  0  0]
 [ 0  0 10  0  0  0]
 [ 1  0  0  9  0  0]
 [ 0  0  0  0 10  0]
 [ 0  0  0  0  0 10]]
0.967
n_feature=12, score=0.967
[0, 0, 1, 0, 1, 0, 1, 1, 0, 1, 0, 1, 0, 1, 1, 1, 0, 0, 1, 0, 0, 1, 1, 0, 0]
[[ 9  0  0  0  0  1]
 [ 0 10  0  0  0  0]
 [ 0  0 10  0  0  0]
 [ 1  0  0  9  0  0]
 [ 0  0  0  0 10  0]
 [ 0  0  0  0  0 10]]
0.967
n_feature=12, score=0.967
[0, 0, 1, 0, 1, 0, 1, 1, 0, 1, 0, 1, 0, 1, 1, 1, 0, 0, 1, 0, 0, 1, 1, 0, 0]
[[ 9  0  0  0  0  1]
 [ 0 10  0  0  0  0]
 [ 0  0 10  0  0  0]
 [ 1  0  0  9  0  0]
 [ 0  0  0  0 10  0]
 [ 0  0  0  0  0 10]]
0.967
n_feature=13, score=0.967
[0, 0, 1, 0, 1, 1, 1, 1, 0, 1, 0, 1, 0, 1, 1, 1, 0, 0, 1, 0, 0, 1, 1, 0, 0]
[[ 9  0  0  0  0  1]
 [ 0 10  0  0  0  0]
 [ 0  0 10  0  0  0]
 [ 1  0  0  9  0  0]
 [ 0  0  0  0 10  0]
 [ 0  0  0  0  0 10]]
0.967
n_feature=12, score=0.967
[0, 0, 1, 0, 1, 0, 1, 1, 0, 1, 0, 1, 0, 1, 1, 1, 0, 0, 1, 0, 0, 1, 1, 0, 0]
[[ 9  0  0  0  0  1]
 [ 0 10  0  0  0  0]
 [ 0  0 10  0  0  0]
 [ 1  0  0  9  0  0]
 [ 0  0  0  0 10  0]
 [ 0  0  0  0  0 10]]
0.967
n_feature=11, score=0.9
[0, 0, 1, 0, 1, 0, 0, 1, 0, 1, 0, 1, 0, 1, 1, 1, 0, 0, 1, 0, 1, 1, 0, 0, 0]
[[ 7  0  1  0  1  1]
 [ 0 10  0  0  0  0]
 [ 0  0  9  0  0  1]
 [ 0  0  0  8  2  0]
 [ 0  0  0  0 10  0]
 [ 0  0  0  0  0 10]]
0.9
n_feature=14, score=0.933
[0, 1, 0, 0, 1, 0, 1, 1, 1, 1, 1, 1, 0, 1, 1, 1, 0, 0, 1, 0, 1, 1, 0, 0, 0]
[[ 8  1  1  0  0  0]
 [ 0 10  0  0  0  0]
 [ 0  0 10  0  0  0]
 [ 0  0  0  8  2  0]
 [ 0  0  0  0 10  0]
 [ 0  0  0  0  0 10]]
0.933
n_feature=12, score=0.967
[0, 0, 1, 0, 1, 0, 1, 1, 0, 1, 0, 1, 0, 1, 1, 1, 0, 0, 1, 0, 1, 1, 0, 0, 0]
[[ 9  0  0  0  0  1]
 [ 0 10  0  0  0  0]
 [ 0  0 10  0  0  0]
 [ 1  0  0  9  0  0]
 [ 0  0  0  0 10  0]
 [ 0  0  0  0  0 10]]
0.967
n_feature=14, score=0.967
[0, 0, 1, 0, 1, 0, 1, 1, 0, 1, 0, 1, 0, 1, 1, 1, 0, 0, 1, 1, 1, 1, 0, 0, 1]
[[ 9  0  0  0  0  1]
 [ 0 10  0  0  0  0]
 [ 0  0 10  0  0  0]
 [ 1  0  0  9  0  0]
 [ 0  0  0  0 10  0]
 [ 0  0  0  0  0 10]]
0.967
n_feature=11, score=0.967
[0, 0, 1, 0, 1, 0, 1, 1, 0, 1, 0, 1, 0, 1, 0, 1, 0, 0, 1, 0, 1, 1, 0, 0, 0]
[[ 9  0  0  0  0  1]
 [ 0 10  0  0  0  0]
 [ 0  0 10  0  0  0]
 [ 1  0  0  9  0  0]
 [ 0  0  0  0 10  0]
 [ 0  0  0  0  0 10]]
0.967
n_feature=12, score=0.967
[0, 0, 1, 0, 1, 0, 1, 1, 0, 1, 0, 1, 0, 1, 1, 1, 0, 0, 1, 0, 1, 1, 0, 0, 0]
[[ 9  0  0  0  0  1]
 [ 0 10  0  0  0  0]
 [ 0  0 10  0  0  0]
 [ 1  0  0  9  0  0]
 [ 0  0  0  0 10  0]
 [ 0  0  0  0  0 10]]
0.967
n_feature=12, score=0.967
[0, 0, 1, 0, 1, 0, 1, 1, 0, 1, 0, 1, 0, 1, 1, 1, 0, 0, 1, 0, 0, 1, 1, 0, 0]
[[ 9  0  0  0  0  1]
 [ 0 10  0  0  0  0]
 [ 0  0 10  0  0  0]
 [ 1  0  0  9  0  0]
 [ 0  0  0  0 10  0]
 [ 0  0  0  0  0 10]]
0.967
n_feature=12, score=0.967
[0, 0, 1, 0, 1, 0, 1, 1, 0, 1, 0, 1, 0, 1, 1, 1, 0, 0, 1, 0, 0, 1, 1, 0, 0]
[[ 9  0  0  0  0  1]
 [ 0 10  0  0  0  0]
 [ 0  0 10  0  0  0]
 [ 1  0  0  9  0  0]
 [ 0  0  0  0 10  0]
 [ 0  0  0  0  0 10]]
0.967
n_feature=12, score=0.967
[0, 0, 1, 0, 1, 0, 1, 1, 0, 1, 0, 1, 0, 1, 1, 1, 0, 0, 1, 0, 0, 1, 1, 0, 0]
[[ 9  0  0  0  0  1]
 [ 0 10  0  0  0  0]
 [ 0  0 10  0  0  0]
 [ 1  0  0  9  0  0]
 [ 0  0  0  0 10  0]
 [ 0  0  0  0  0 10]]
0.967
n_feature=12, score=0.967
[0, 0, 1, 0, 1, 0, 1, 1, 0, 1, 0, 1, 0, 1, 1, 1, 0, 0, 1, 0, 0, 1, 1, 0, 0]
[[ 9  0  0  0  0  1]
 [ 0 10  0  0  0  0]
 [ 0  0 10  0  0  0]
 [ 1  0  0  9  0  0]
 [ 0  0  0  0 10  0]
 [ 0  0  0  0  0 10]]
0.967
n_feature=12, score=0.967
[0, 0, 1, 0, 1, 0, 1, 1, 0, 1, 0, 1, 0, 1, 1, 1, 0, 0, 1, 0, 1, 1, 0, 0, 0]
[[ 9  0  0  0  0  1]
 [ 0 10  0  0  0  0]
 [ 0  0 10  0  0  0]
 [ 1  0  0  9  0  0]
 [ 0  0  0  0 10  0]
 [ 0  0  0  0  0 10]]
0.967
n_feature=12, score=0.967
[0, 0, 1, 0, 1, 0, 1, 1, 0, 1, 0, 1, 0, 1, 1, 1, 0, 0, 1, 0, 1, 1, 0, 0, 0]
[[ 9  0  0  0  0  1]
 [ 0 10  0  0  0  0]
 [ 0  0 10  0  0  0]
 [ 1  0  0  9  0  0]
 [ 0  0  0  0 10  0]
 [ 0  0  0  0  0 10]]
0.967
n_feature=12, score=0.967
[0, 0, 1, 0, 1, 0, 1, 1, 0, 1, 0, 1, 0, 1, 1, 1, 0, 0, 1, 0, 0, 1, 1, 0, 0]
[[ 9  0  0  0  0  1]
 [ 0 10  0  0  0  0]
 [ 0  0 10  0  0  0]
 [ 1  0  0  9  0  0]
 [ 0  0  0  0 10  0]
 [ 0  0  0  0  0 10]]
0.967
n_feature=12, score=0.967
[0, 0, 1, 0, 1, 0, 1, 1, 0, 1, 0, 1, 0, 1, 1, 1, 0, 0, 1, 0, 1, 1, 0, 0, 0]
[[ 9  0  0  0  0  1]
 [ 0 10  0  0  0  0]
 [ 0  0 10  0  0  0]
 [ 1  0  0  9  0  0]
 [ 0  0  0  0 10  0]
 [ 0  0  0  0  0 10]]
0.967
n_feature=12, score=0.933
[0, 0, 1, 0, 1, 0, 0, 1, 1, 1, 0, 1, 0, 1, 1, 1, 0, 0, 1, 0, 0, 1, 1, 0, 0]
[[ 8  1  1  0  0  0]
 [ 0 10  0  0  0  0]
 [ 0  0 10  0  0  0]
 [ 0  0  0  8  2  0]
 [ 0  0  0  0 10  0]
 [ 0  0  0  0  0 10]]
0.933
n_feature=10, score=0.933
[0, 0, 0, 0, 1, 0, 1, 1, 0, 1, 0, 1, 0, 1, 0, 1, 0, 0, 1, 0, 1, 1, 0, 0, 0]
[[ 8  0  1  0  0  1]
 [ 0 10  0  0  0  0]
 [ 0  0 10  0  0  0]
 [ 2  0  0  8  0  0]
 [ 0  0  0  0 10  0]
 [ 0  0  0  0  0 10]]
0.933
n_feature=11, score=0.967
[0, 0, 1, 0, 1, 0, 1, 1, 0, 1, 0, 1, 0, 1, 0, 1, 0, 0, 1, 0, 1, 1, 0, 0, 0]
[[ 9  0  0  0  0  1]
 [ 0 10  0  0  0  0]
 [ 0  0 10  0  0  0]
 [ 1  0  0  9  0  0]
 [ 0  0  0  0 10  0]
 [ 0  0  0  0  0 10]]
0.967
n_feature=13, score=0.967
[0, 0, 1, 0, 1, 0, 1, 1, 0, 1, 0, 1, 0, 1, 1, 1, 0, 0, 1, 0, 1, 1, 1, 0, 0]
[[ 9  0  0  0  0  1]
 [ 0 10  0  0  0  0]
 [ 0  0 10  0  0  0]
 [ 1  0  0  9  0  0]
 [ 0  0  0  0 10  0]
 [ 0  0  0  0  0 10]]
0.967
n_feature=11, score=0.967
[0, 0, 1, 0, 1, 0, 1, 1, 0, 1, 0, 1, 0, 1, 0, 1, 0, 0, 1, 0, 1, 1, 0, 0, 0]
[[ 9  0  0  0  0  1]
 [ 0 10  0  0  0  0]
 [ 0  0 10  0  0  0]
 [ 1  0  0  9  0  0]
 [ 0  0  0  0 10  0]
 [ 0  0  0  0  0 10]]
0.967
n_feature=12, score=0.967
[0, 0, 1, 0, 1, 0, 1, 1, 0, 1, 0, 1, 0, 1, 1, 1, 0, 0, 1, 0, 0, 1, 1, 0, 0]
[[ 9  0  0  0  0  1]
 [ 0 10  0  0  0  0]
 [ 0  0 10  0  0  0]
 [ 1  0  0  9  0  0]
 [ 0  0  0  0 10  0]
 [ 0  0  0  0  0 10]]
0.967
n_feature=11, score=0.95
[0, 0, 1, 0, 1, 0, 1, 1, 0, 1, 0, 1, 0, 1, 0, 1, 0, 0, 1, 0, 0, 1, 1, 0, 0]
[[ 8  0  1  0  0  1]
 [ 0 10  0  0  0  0]
 [ 0  0 10  0  0  0]
 [ 1  0  0  9  0  0]
 [ 0  0  0  0 10  0]
 [ 0  0  0  0  0 10]]
0.95
n_feature=12, score=0.967
[0, 0, 1, 0, 1, 0, 1, 1, 0, 1, 0, 1, 0, 1, 1, 1, 0, 0, 1, 0, 1, 1, 0, 0, 0]
[[ 9  0  0  0  0  1]
 [ 0 10  0  0  0  0]
 [ 0  0 10  0  0  0]
 [ 1  0  0  9  0  0]
 [ 0  0  0  0 10  0]
 [ 0  0  0  0  0 10]]
0.967
n_feature=12, score=0.967
[0, 0, 1, 0, 1, 0, 1, 1, 0, 1, 0, 1, 0, 1, 1, 1, 0, 0, 1, 0, 0, 1, 1, 0, 0]
[[ 9  0  0  0  0  1]
 [ 0 10  0  0  0  0]
 [ 0  0 10  0  0  0]
 [ 1  0  0  9  0  0]
 [ 0  0  0  0 10  0]
 [ 0  0  0  0  0 10]]
0.967
n_feature=12, score=0.967
[0, 0, 1, 0, 1, 0, 1, 1, 0, 1, 0, 1, 0, 1, 1, 1, 0, 0, 1, 0, 0, 1, 1, 0, 0]
[[ 9  0  0  0  0  1]
 [ 0 10  0  0  0  0]
 [ 0  0 10  0  0  0]
 [ 1  0  0  9  0  0]
 [ 0  0  0  0 10  0]
 [ 0  0  0  0  0 10]]
0.967
n_feature=12, score=0.967
[0, 0, 1, 0, 1, 0, 1, 1, 0, 1, 0, 1, 0, 1, 1, 1, 0, 0, 1, 0, 0, 1, 1, 0, 0]
[[ 9  0  0  0  0  1]
 [ 0 10  0  0  0  0]
 [ 0  0 10  0  0  0]
 [ 1  0  0  9  0  0]
 [ 0  0  0  0 10  0]
 [ 0  0  0  0  0 10]]
0.967
n_feature=12, score=0.967
[0, 0, 1, 0, 1, 0, 1, 1, 0, 1, 0, 1, 0, 1, 1, 1, 0, 0, 1, 0, 1, 1, 0, 0, 0]
[[ 9  0  0  0  0  1]
 [ 0 10  0  0  0  0]
 [ 0  0 10  0  0  0]
 [ 1  0  0  9  0  0]
 [ 0  0  0  0 10  0]
 [ 0  0  0  0  0 10]]
0.967
n_feature=11, score=0.967
[0, 0, 1, 0, 1, 0, 1, 1, 0, 1, 0, 1, 0, 1, 0, 1, 0, 0, 1, 0, 1, 1, 0, 0, 0]
[[ 9  0  0  0  0  1]
 [ 0 10  0  0  0  0]
 [ 0  0 10  0  0  0]
 [ 1  0  0  9  0  0]
 [ 0  0  0  0 10  0]
 [ 0  0  0  0  0 10]]
0.967
n_feature=11, score=0.967
[0, 0, 1, 0, 1, 0, 1, 1, 0, 1, 0, 1, 0, 1, 0, 1, 0, 0, 1, 0, 1, 1, 0, 0, 0]
[[ 9  0  0  0  0  1]
 [ 0 10  0  0  0  0]
 [ 0  0 10  0  0  0]
 [ 1  0  0  9  0  0]
 [ 0  0  0  0 10  0]
 [ 0  0  0  0  0 10]]
0.967
n_feature=11, score=0.95
[0, 0, 1, 0, 1, 0, 1, 1, 0, 1, 0, 1, 0, 1, 0, 1, 0, 0, 1, 0, 0, 1, 1, 0, 0]
[[ 8  0  1  0  0  1]
 [ 0 10  0  0  0  0]
 [ 0  0 10  0  0  0]
 [ 1  0  0  9  0  0]
 [ 0  0  0  0 10  0]
 [ 0  0  0  0  0 10]]
0.95
n_feature=12, score=0.967
[0, 0, 1, 0, 1, 0, 1, 1, 0, 1, 0, 1, 0, 1, 1, 1, 0, 0, 1, 0, 1, 1, 0, 0, 0]
[[ 9  0  0  0  0  1]
 [ 0 10  0  0  0  0]
 [ 0  0 10  0  0  0]
 [ 1  0  0  9  0  0]
 [ 0  0  0  0 10  0]
 [ 0  0  0  0  0 10]]
0.967
n_feature=12, score=0.967
[0, 0, 1, 0, 1, 0, 1, 1, 0, 1, 0, 1, 0, 1, 1, 1, 0, 0, 1, 0, 1, 1, 0, 0, 0]
[[ 9  0  0  0  0  1]
 [ 0 10  0  0  0  0]
 [ 0  0 10  0  0  0]
 [ 1  0  0  9  0  0]
 [ 0  0  0  0 10  0]
 [ 0  0  0  0  0 10]]
0.967
n_feature=11, score=0.95
[0, 0, 1, 0, 1, 0, 1, 1, 0, 1, 0, 1, 0, 1, 0, 1, 0, 0, 1, 0, 0, 1, 1, 0, 0]
[[ 8  0  1  0  0  1]
 [ 0 10  0  0  0  0]
 [ 0  0 10  0  0  0]
 [ 1  0  0  9  0  0]
 [ 0  0  0  0 10  0]
 [ 0  0  0  0  0 10]]
0.95
n_feature=12, score=0.967
[0, 0, 1, 0, 1, 0, 1, 1, 0, 1, 0, 1, 0, 1, 1, 1, 0, 0, 1, 0, 1, 1, 0, 0, 0]
[[ 9  0  0  0  0  1]
 [ 0 10  0  0  0  0]
 [ 0  0 10  0  0  0]
 [ 1  0  0  9  0  0]
 [ 0  0  0  0 10  0]
 [ 0  0  0  0  0 10]]
0.967
n_feature=11, score=0.967
[0, 0, 1, 0, 1, 0, 1, 1, 0, 1, 0, 1, 0, 1, 0, 1, 0, 0, 1, 0, 1, 1, 0, 0, 0]
[[ 9  0  0  0  0  1]
 [ 0 10  0  0  0  0]
 [ 0  0 10  0  0  0]
 [ 1  0  0  9  0  0]
 [ 0  0  0  0 10  0]
 [ 0  0  0  0  0 10]]
0.967
n_feature=10, score=0.933
[0, 0, 1, 0, 1, 0, 1, 1, 0, 1, 0, 1, 0, 1, 0, 0, 0, 0, 0, 1, 0, 1, 1, 0, 0]
[[ 8  1  0  0  0  1]
 [ 0 10  0  0  0  0]
 [ 0  0 10  0  0  0]
 [ 1  0  0  9  0  0]
 [ 0  0  0  0 10  0]
 [ 0  0  1  0  0  9]]
0.933
n_feature=11, score=0.967
[0, 0, 1, 0, 1, 0, 1, 1, 0, 1, 0, 1, 0, 1, 0, 1, 0, 0, 1, 0, 1, 1, 0, 0, 0]
[[ 9  0  0  0  0  1]
 [ 0 10  0  0  0  0]
 [ 0  0 10  0  0  0]
 [ 1  0  0  9  0  0]
 [ 0  0  0  0 10  0]
 [ 0  0  0  0  0 10]]
0.967
n_feature=12, score=0.967
[0, 0, 1, 0, 1, 0, 1, 1, 0, 1, 0, 1, 0, 1, 1, 1, 0, 0, 1, 0, 0, 1, 1, 0, 0]
[[ 9  0  0  0  0  1]
 [ 0 10  0  0  0  0]
 [ 0  0 10  0  0  0]
 [ 1  0  0  9  0  0]
 [ 0  0  0  0 10  0]
 [ 0  0  0  0  0 10]]
0.967
n_feature=11, score=0.967
[0, 0, 1, 0, 1, 0, 1, 1, 0, 1, 0, 1, 0, 1, 0, 1, 0, 0, 1, 0, 1, 1, 0, 0, 0]
[[ 9  0  0  0  0  1]
 [ 0 10  0  0  0  0]
 [ 0  0 10  0  0  0]
 [ 1  0  0  9  0  0]
 [ 0  0  0  0 10  0]
 [ 0  0  0  0  0 10]]
0.967
n_feature=12, score=0.967
[0, 0, 1, 0, 1, 0, 1, 1, 0, 1, 0, 1, 0, 1, 1, 1, 0, 0, 1, 0, 0, 1, 1, 0, 0]
[[ 9  0  0  0  0  1]
 [ 0 10  0  0  0  0]
 [ 0  0 10  0  0  0]
 [ 1  0  0  9  0  0]
 [ 0  0  0  0 10  0]
 [ 0  0  0  0  0 10]]
0.967
n_feature=11, score=0.917
[1, 0, 1, 0, 1, 0, 1, 0, 0, 1, 0, 1, 0, 1, 0, 1, 0, 0, 1, 0, 1, 1, 0, 0, 0]
[[ 7  1  1  0  0  1]
 [ 0 10  0  0  0  0]
 [ 0  0 10  0  0  0]
 [ 2  0  0  8  0  0]
 [ 0  0  0  0 10  0]
 [ 0  0  0  0  0 10]]
0.917
n_feature=11, score=0.95
[0, 0, 1, 0, 1, 0, 1, 1, 0, 1, 0, 1, 0, 1, 1, 0, 0, 0, 1, 0, 0, 1, 1, 0, 0]
[[ 8  0  1  0  0  1]
 [ 0 10  0  0  0  0]
 [ 0  0 10  0  0  0]
 [ 1  0  0  9  0  0]
 [ 0  0  0  0 10  0]
 [ 0  0  0  0  0 10]]
0.95
n_feature=11, score=0.967
[0, 0, 1, 0, 1, 0, 1, 1, 0, 1, 0, 1, 0, 1, 0, 1, 0, 0, 1, 0, 1, 1, 0, 0, 0]
[[ 9  0  0  0  0  1]
 [ 0 10  0  0  0  0]
 [ 0  0 10  0  0  0]
 [ 1  0  0  9  0  0]
 [ 0  0  0  0 10  0]
 [ 0  0  0  0  0 10]]
0.967
n_feature=11, score=0.967
[0, 0, 1, 0, 1, 0, 1, 1, 0, 1, 0, 1, 0, 1, 0, 1, 0, 0, 1, 0, 1, 1, 0, 0, 0]
[[ 9  0  0  0  0  1]
 [ 0 10  0  0  0  0]
 [ 0  0 10  0  0  0]
 [ 1  0  0  9  0  0]
 [ 0  0  0  0 10  0]
 [ 0  0  0  0  0 10]]
0.967
n_feature=11, score=0.967
[0, 0, 1, 0, 1, 0, 1, 1, 0, 1, 0, 1, 0, 1, 0, 1, 0, 0, 1, 0, 1, 1, 0, 0, 0]
[[ 9  0  0  0  0  1]
 [ 0 10  0  0  0  0]
 [ 0  0 10  0  0  0]
 [ 1  0  0  9  0  0]
 [ 0  0  0  0 10  0]
 [ 0  0  0  0  0 10]]
0.967
n_feature=11, score=0.967
[0, 0, 1, 0, 1, 0, 1, 1, 0, 1, 0, 1, 0, 1, 0, 1, 0, 0, 1, 0, 1, 1, 0, 0, 0]
[[ 9  0  0  0  0  1]
 [ 0 10  0  0  0  0]
 [ 0  0 10  0  0  0]
 [ 1  0  0  9  0  0]
 [ 0  0  0  0 10  0]
 [ 0  0  0  0  0 10]]
0.967
n_feature=12, score=0.967
[0, 0, 1, 0, 1, 0, 1, 1, 0, 1, 0, 1, 1, 1, 0, 1, 0, 0, 1, 0, 1, 1, 0, 0, 0]
[[ 9  0  0  0  0  1]
 [ 0 10  0  0  0  0]
 [ 0  0 10  0  0  0]
 [ 1  0  0  9  0  0]
 [ 0  0  0  0 10  0]
 [ 0  0  0  0  0 10]]
0.967
n_feature=10, score=0.933
[0, 0, 1, 0, 1, 0, 1, 1, 0, 1, 0, 1, 0, 1, 0, 1, 0, 0, 0, 0, 1, 1, 0, 0, 0]
[[ 8  1  0  0  0  1]
 [ 0 10  0  0  0  0]
 [ 0  0 10  0  0  0]
 [ 1  0  0  9  0  0]
 [ 0  0  0  0 10  0]
 [ 0  0  1  0  0  9]]
0.933
n_feature=11, score=0.967
[0, 0, 1, 0, 1, 0, 1, 1, 0, 1, 0, 1, 0, 1, 0, 1, 0, 0, 1, 0, 1, 1, 0, 0, 0]
[[ 9  0  0  0  0  1]
 [ 0 10  0  0  0  0]
 [ 0  0 10  0  0  0]
 [ 1  0  0  9  0  0]
 [ 0  0  0  0 10  0]
 [ 0  0  0  0  0 10]]
0.967
n_feature=12, score=0.967
[0, 0, 1, 0, 1, 0, 1, 1, 0, 1, 0, 1, 0, 1, 1, 1, 0, 0, 1, 0, 0, 1, 1, 0, 0]
[[ 9  0  0  0  0  1]
 [ 0 10  0  0  0  0]
 [ 0  0 10  0  0  0]
 [ 1  0  0  9  0  0]
 [ 0  0  0  0 10  0]
 [ 0  0  0  0  0 10]]
0.967
n_feature=11, score=0.967
[0, 0, 1, 0, 1, 0, 1, 1, 0, 1, 0, 1, 0, 1, 0, 1, 0, 0, 1, 0, 1, 1, 0, 0, 0]
[[ 9  0  0  0  0  1]
 [ 0 10  0  0  0  0]
 [ 0  0 10  0  0  0]
 [ 1  0  0  9  0  0]
 [ 0  0  0  0 10  0]
 [ 0  0  0  0  0 10]]
0.967
n_feature=12, score=0.967
[0, 0, 1, 0, 1, 0, 1, 1, 0, 1, 0, 1, 1, 1, 0, 1, 0, 0, 1, 0, 1, 1, 0, 0, 0]
[[ 9  0  0  0  0  1]
 [ 0 10  0  0  0  0]
 [ 0  0 10  0  0  0]
 [ 1  0  0  9  0  0]
 [ 0  0  0  0 10  0]
 [ 0  0  0  0  0 10]]
0.967
n_feature=11, score=0.967
[0, 0, 1, 0, 1, 0, 1, 1, 0, 1, 0, 1, 0, 1, 0, 1, 0, 0, 1, 0, 1, 1, 0, 0, 0]
[[ 9  0  0  0  0  1]
 [ 0 10  0  0  0  0]
 [ 0  0 10  0  0  0]
 [ 1  0  0  9  0  0]
 [ 0  0  0  0 10  0]
 [ 0  0  0  0  0 10]]
0.967
n_feature=11, score=0.967
[0, 0, 1, 0, 1, 0, 1, 1, 0, 1, 0, 1, 0, 1, 0, 1, 0, 0, 1, 0, 1, 1, 0, 0, 0]
[[ 9  0  0  0  0  1]
 [ 0 10  0  0  0  0]
 [ 0  0 10  0  0  0]
 [ 1  0  0  9  0  0]
 [ 0  0  0  0 10  0]
 [ 0  0  0  0  0 10]]
0.967
n_feature=11, score=0.967
[0, 0, 1, 0, 1, 0, 1, 1, 0, 1, 0, 1, 0, 1, 0, 1, 0, 0, 1, 0, 1, 1, 0, 0, 0]
[[ 9  0  0  0  0  1]
 [ 0 10  0  0  0  0]
 [ 0  0 10  0  0  0]
 [ 1  0  0  9  0  0]
 [ 0  0  0  0 10  0]
 [ 0  0  0  0  0 10]]
0.967
n_feature=11, score=0.967
[0, 0, 1, 0, 1, 0, 1, 1, 0, 1, 0, 1, 0, 1, 0, 1, 0, 0, 1, 0, 1, 1, 0, 0, 0]
[[ 9  0  0  0  0  1]
 [ 0 10  0  0  0  0]
 [ 0  0 10  0  0  0]
 [ 1  0  0  9  0  0]
 [ 0  0  0  0 10  0]
 [ 0  0  0  0  0 10]]
0.967
n_feature=11, score=0.967
[0, 0, 1, 0, 1, 0, 1, 1, 0, 1, 0, 1, 0, 1, 0, 1, 0, 0, 1, 0, 1, 1, 0, 0, 0]
[[ 9  0  0  0  0  1]
 [ 0 10  0  0  0  0]
 [ 0  0 10  0  0  0]
 [ 1  0  0  9  0  0]
 [ 0  0  0  0 10  0]
 [ 0  0  0  0  0 10]]
0.967
n_feature=12, score=0.983
[0, 0, 1, 0, 1, 0, 1, 1, 1, 1, 0, 1, 0, 1, 0, 1, 0, 0, 1, 0, 1, 1, 0, 0, 0]
[[ 9  1  0  0  0  0]
 [ 0 10  0  0  0  0]
 [ 0  0 10  0  0  0]
 [ 0  0  0 10  0  0]
 [ 0  0  0  0 10  0]
 [ 0  0  0  0  0 10]]
0.983
n_feature=12, score=0.917
[0, 0, 1, 0, 1, 0, 1, 1, 0, 1, 0, 1, 0, 1, 0, 1, 1, 0, 1, 0, 1, 1, 0, 0, 0]
[[ 5  0  0  1  3  1]
 [ 0 10  0  0  0  0]
 [ 0  0 10  0  0  0]
 [ 0  0  0 10  0  0]
 [ 0  0  0  0 10  0]
 [ 0  0  0  0  0 10]]
0.917
n_feature=11, score=0.967
[0, 0, 1, 0, 1, 0, 1, 1, 0, 1, 0, 1, 0, 1, 0, 1, 0, 0, 1, 0, 1, 1, 0, 0, 0]
[[ 9  0  0  0  0  1]
 [ 0 10  0  0  0  0]
 [ 0  0 10  0  0  0]
 [ 1  0  0  9  0  0]
 [ 0  0  0  0 10  0]
 [ 0  0  0  0  0 10]]
0.967
n_feature=11, score=0.967
[0, 0, 1, 0, 1, 0, 1, 1, 0, 1, 0, 1, 0, 1, 0, 1, 0, 0, 1, 0, 1, 1, 0, 0, 0]
[[ 9  0  0  0  0  1]
 [ 0 10  0  0  0  0]
 [ 0  0 10  0  0  0]
 [ 1  0  0  9  0  0]
 [ 0  0  0  0 10  0]
 [ 0  0  0  0  0 10]]
0.967
n_feature=11, score=0.967
[0, 0, 1, 0, 1, 0, 1, 1, 0, 1, 0, 1, 0, 1, 0, 1, 0, 0, 1, 0, 1, 1, 0, 0, 0]
[[ 9  0  0  0  0  1]
 [ 0 10  0  0  0  0]
 [ 0  0 10  0  0  0]
 [ 1  0  0  9  0  0]
 [ 0  0  0  0 10  0]
 [ 0  0  0  0  0 10]]
0.967
n_feature=11, score=0.967
[0, 0, 1, 0, 1, 0, 1, 1, 0, 1, 0, 1, 0, 1, 0, 1, 0, 0, 1, 0, 1, 1, 0, 0, 0]
[[ 9  0  0  0  0  1]
 [ 0 10  0  0  0  0]
 [ 0  0 10  0  0  0]
 [ 1  0  0  9  0  0]
 [ 0  0  0  0 10  0]
 [ 0  0  0  0  0 10]]
0.967
n_feature=11, score=0.967
[0, 0, 1, 0, 1, 0, 1, 1, 0, 1, 0, 1, 0, 1, 0, 1, 0, 0, 1, 0, 1, 1, 0, 0, 0]
[[ 9  0  0  0  0  1]
 [ 0 10  0  0  0  0]
 [ 0  0 10  0  0  0]
 [ 1  0  0  9  0  0]
 [ 0  0  0  0 10  0]
 [ 0  0  0  0  0 10]]
0.967
n_feature=11, score=0.967
[0, 0, 1, 0, 1, 0, 1, 1, 0, 1, 0, 1, 0, 1, 0, 1, 0, 0, 1, 0, 1, 1, 0, 0, 0]
[[ 9  0  0  0  0  1]
 [ 0 10  0  0  0  0]
 [ 0  0 10  0  0  0]
 [ 1  0  0  9  0  0]
 [ 0  0  0  0 10  0]
 [ 0  0  0  0  0 10]]
0.967
n_feature=11, score=0.967
[0, 0, 1, 0, 1, 0, 1, 1, 0, 1, 0, 1, 0, 1, 0, 1, 0, 0, 1, 0, 1, 1, 0, 0, 0]
[[ 9  0  0  0  0  1]
 [ 0 10  0  0  0  0]
 [ 0  0 10  0  0  0]
 [ 1  0  0  9  0  0]
 [ 0  0  0  0 10  0]
 [ 0  0  0  0  0 10]]
0.967
n_feature=11, score=0.967
[0, 0, 1, 0, 1, 0, 1, 1, 0, 1, 0, 1, 0, 1, 0, 1, 0, 0, 1, 0, 1, 1, 0, 0, 0]
[[ 9  0  0  0  0  1]
 [ 0 10  0  0  0  0]
 [ 0  0 10  0  0  0]
 [ 1  0  0  9  0  0]
 [ 0  0  0  0 10  0]
 [ 0  0  0  0  0 10]]
0.967
n_feature=11, score=0.967
[0, 0, 1, 0, 1, 0, 1, 1, 0, 1, 0, 1, 0, 1, 0, 1, 0, 0, 1, 0, 1, 1, 0, 0, 0]
[[ 9  0  0  0  0  1]
 [ 0 10  0  0  0  0]
 [ 0  0 10  0  0  0]
 [ 1  0  0  9  0  0]
 [ 0  0  0  0 10  0]
 [ 0  0  0  0  0 10]]
0.967
n_feature=10, score=0.933
[0, 0, 1, 0, 1, 0, 1, 1, 0, 1, 0, 1, 0, 1, 0, 1, 0, 0, 1, 0, 1, 0, 0, 0, 0]
[[ 8  1  0  0  0  1]
 [ 0 10  0  0  0  0]
 [ 0  0 10  0  0  0]
 [ 2  0  0  8  0  0]
 [ 0  0  0  0 10  0]
 [ 0  0  0  0  0 10]]
0.933
n_feature=11, score=0.967
[0, 0, 1, 0, 1, 0, 1, 1, 0, 1, 0, 1, 0, 1, 0, 1, 0, 0, 1, 0, 1, 1, 0, 0, 0]
[[ 9  0  0  0  0  1]
 [ 0 10  0  0  0  0]
 [ 0  0 10  0  0  0]
 [ 1  0  0  9  0  0]
 [ 0  0  0  0 10  0]
 [ 0  0  0  0  0 10]]
0.967
n_feature=11, score=0.967
[0, 0, 1, 0, 1, 0, 1, 1, 0, 1, 0, 1, 0, 1, 0, 1, 0, 0, 1, 0, 1, 1, 0, 0, 0]
[[ 9  0  0  0  0  1]
 [ 0 10  0  0  0  0]
 [ 0  0 10  0  0  0]
 [ 1  0  0  9  0  0]
 [ 0  0  0  0 10  0]
 [ 0  0  0  0  0 10]]
0.967
n_feature=12, score=0.95
[0, 0, 1, 0, 1, 0, 1, 1, 0, 1, 0, 1, 0, 1, 0, 1, 0, 0, 1, 0, 1, 1, 0, 1, 0]
[[ 9  0  0  0  0  1]
 [ 0  9  0  0  0  1]
 [ 0  0 10  0  0  0]
 [ 1  0  0  9  0  0]
 [ 0  0  0  0 10  0]
 [ 0  0  0  0  0 10]]
0.95
n_feature=11, score=0.967
[0, 0, 1, 0, 1, 0, 1, 1, 0, 1, 0, 1, 0, 1, 0, 1, 0, 0, 1, 0, 1, 1, 0, 0, 0]
[[ 9  0  0  0  0  1]
 [ 0 10  0  0  0  0]
 [ 0  0 10  0  0  0]
 [ 1  0  0  9  0  0]
 [ 0  0  0  0 10  0]
 [ 0  0  0  0  0 10]]
0.967
n_feature=12, score=0.967
[0, 0, 1, 1, 1, 0, 1, 1, 0, 1, 0, 1, 0, 1, 0, 1, 0, 0, 1, 0, 1, 1, 0, 0, 0]
[[ 9  0  0  0  0  1]
 [ 0 10  0  0  0  0]
 [ 0  0 10  0  0  0]
 [ 1  0  0  9  0  0]
 [ 0  0  0  0 10  0]
 [ 0  0  0  0  0 10]]
0.967
n_feature=12, score=0.95
[0, 0, 1, 0, 1, 0, 1, 1, 0, 1, 0, 1, 0, 1, 0, 1, 0, 0, 1, 0, 1, 1, 0, 1, 0]
[[ 9  0  0  0  0  1]
 [ 0  9  0  0  0  1]
 [ 0  0 10  0  0  0]
 [ 1  0  0  9  0  0]
 [ 0  0  0  0 10  0]
 [ 0  0  0  0  0 10]]
0.95
n_feature=11, score=0.967
[0, 0, 1, 0, 1, 0, 1, 1, 0, 1, 0, 1, 0, 1, 0, 1, 0, 0, 1, 0, 1, 1, 0, 0, 0]
[[ 9  0  0  0  0  1]
 [ 0 10  0  0  0  0]
 [ 0  0 10  0  0  0]
 [ 1  0  0  9  0  0]
 [ 0  0  0  0 10  0]
 [ 0  0  0  0  0 10]]
0.967
n_feature=11, score=0.967
[0, 0, 1, 0, 1, 0, 1, 1, 0, 1, 0, 1, 0, 1, 0, 1, 0, 0, 1, 0, 1, 1, 0, 0, 0]
[[ 9  0  0  0  0  1]
 [ 0 10  0  0  0  0]
 [ 0  0 10  0  0  0]
 [ 1  0  0  9  0  0]
 [ 0  0  0  0 10  0]
 [ 0  0  0  0  0 10]]
0.967
******************************
[[0, 0, 1, 0, 1, 0, 1, 1, 0, 1, 0, 1, 0, 1, 0, 1, 0, 0, 1, 0, 1, 1, 0, 0, 0], [0, 0, 1, 0, 1, 0, 1, 1, 0, 1, 0, 1, 0, 1, 0, 1, 0, 0, 1, 0, 1, 0, 0, 0, 0], [0, 0, 1, 0, 1, 0, 1, 1, 0, 1, 0, 1, 0, 1, 0, 1, 0, 0, 1, 0, 1, 1, 0, 0, 0], [0, 0, 1, 0, 1, 0, 1, 1, 0, 1, 0, 1, 0, 1, 0, 1, 0, 0, 1, 0, 1, 1, 0, 0, 0], [0, 0, 1, 0, 1, 0, 1, 1, 0, 1, 0, 1, 0, 1, 0, 1, 0, 0, 1, 0, 1, 1, 0, 0, 0], [0, 0, 1, 0, 1, 0, 1, 1, 0, 1, 0, 1, 0, 1, 0, 1, 0, 0, 1, 0, 1, 1, 0, 0, 0], [0, 0, 1, 0, 1, 0, 1, 1, 0, 1, 0, 1, 0, 1, 0, 1, 0, 0, 1, 0, 1, 1, 0, 1, 0], [0, 0, 1, 0, 1, 0, 1, 1, 0, 1, 0, 1, 0, 1, 0, 1, 0, 0, 1, 0, 1, 1, 0, 0, 0], [0, 0, 1, 1, 1, 0, 1, 1, 0, 1, 0, 1, 0, 1, 0, 1, 0, 0, 1, 0, 1, 1, 0, 0, 0], [0, 0, 1, 0, 1, 0, 1, 1, 0, 1, 0, 1, 0, 1, 0, 1, 0, 0, 1, 0, 1, 1, 0, 0, 0], [0, 0, 1, 0, 1, 0, 1, 1, 0, 1, 0, 1, 0, 1, 0, 1, 0, 0, 1, 0, 1, 1, 0, 1, 0], [0, 0, 1, 0, 1, 0, 1, 1, 0, 1, 0, 1, 0, 1, 0, 1, 0, 0, 1, 0, 1, 1, 0, 0, 0], [0, 0, 1, 0, 1, 0, 1, 1, 0, 1, 0, 1, 0, 1, 0, 1, 0, 0, 1, 0, 1, 1, 0, 0, 0], [0, 0, 1, 0, 1, 0, 1, 1, 0, 1, 0, 1, 0, 1, 0, 1, 0, 0, 1, 0, 1, 1, 0, 0, 0], [0, 0, 1, 0, 1, 0, 1, 1, 0, 1, 0, 1, 0, 1, 0, 1, 0, 0, 1, 0, 1, 1, 0, 0, 0], [0, 0, 1, 0, 1, 0, 1, 1, 0, 1, 0, 1, 0, 1, 0, 1, 0, 0, 1, 0, 1, 1, 0, 0, 0], [0, 0, 1, 0, 1, 0, 1, 1, 0, 1, 0, 1, 0, 1, 0, 1, 0, 0, 1, 0, 1, 1, 0, 0, 0], [0, 0, 1, 0, 1, 0, 1, 1, 0, 1, 0, 1, 0, 1, 0, 1, 0, 0, 1, 0, 1, 1, 0, 0, 0], [0, 0, 1, 0, 1, 0, 1, 1, 0, 1, 0, 1, 0, 1, 0, 1, 0, 0, 1, 0, 1, 1, 0, 0, 0], [0, 0, 1, 0, 1, 0, 1, 1, 0, 1, 0, 1, 0, 1, 0, 1, 0, 0, 1, 0, 1, 1, 0, 0, 0]]
gen	nevals	avg                	std                    	min            	max            
0  	20    	[ 0.7392 11.75  ]  	[0.12422021 2.56661255]	[0.467 7.   ]  	[ 0.95 17.  ]  
1  	11    	[ 0.8308 13.1   ]  	[0.08261211 3.04795013]	[0.65 7.  ]    	[ 0.95 19.  ]  
2  	15    	[ 0.884 14.4  ]    	[0.07564655 2.53771551]	[0.633 9.   ]  	[ 0.95 19.  ]  
3  	10    	[ 0.9233 13.5   ]  	[0.04035852 1.91049732]	[0.8 9. ]      	[ 0.967 16.   ]
4  	16    	[ 0.94585 13.7    ]	[0.01572347 2.17025344]	[0.9 9. ]      	[ 0.967 16.   ]
5  	9     	[ 0.9467 13.4   ]  	[0.02275983 2.00997512]	[0.85 9.  ]    	[ 0.967 16.   ]
6  	13    	[ 0.94835 11.     ]	[0.01169305 1.67332005]	[0.9 9. ]      	[ 0.967 14.   ]
7  	11    	[0.9367 9.95  ]    	[0.03592924 1.32193041]	[0.817 9.   ]  	[ 0.967 14.   ]
8  	9     	[0.9467 9.7   ]    	[0.02275983 1.48660687]	[0.85 8.  ]    	[ 0.967 14.   ]
9  	13    	[ 0.94005 10.15   ]	[0.0309378  1.93067346]	[0.85 7.  ]    	[ 0.967 14.   ]
10 	15    	[ 0.95015 10.3    ]	[0.02299842 2.45153013]	[0.867 7.   ]  	[ 0.967 14.   ]
11 	13    	[ 0.94515 11.45   ]	[0.03663506 2.13248681]	[0.817 7.   ]  	[ 0.967 15.   ]
12 	6     	[ 0.96445 11.9    ]	[0.00810848 1.3       ]	[0.933 7.   ]  	[ 0.967 13.   ]
13 	15    	[ 0.96195 12.1    ]	[0.01602334 0.6244998 ]	[ 0.9 11. ]    	[ 0.967 14.   ]
14 	11    	[ 0.967 11.95 ]    	[0.         0.58949131]	[ 0.967 11.   ]	[ 0.967 14.   ]
15 	12    	[ 0.96275 11.7    ]	[0.01058241 0.64031242]	[ 0.933 10.   ]	[ 0.967 13.   ]
16 	13    	[ 0.9636 11.4   ]  	[0.00866833 0.58309519]	[ 0.933 10.   ]	[ 0.967 12.   ]
17 	7     	[ 0.96365 11.2    ]	[0.01132376 0.4       ]	[ 0.917 11.   ]	[ 0.967 12.   ]
18 	11    	[ 0.9661 11.1   ]  	[0.00835404 0.43588989]	[ 0.933 10.   ]	[ 0.983 12.   ]
19 	9     	[ 0.9645 11.05  ]  	[0.01089725 0.21794495]	[ 0.917 11.   ]	[ 0.967 12.   ]
20 	10    	[ 0.9636 11.1   ]  	[0.00866833 0.43588989]	[ 0.933 10.   ]	[ 0.967 12.   ]
******************************
*****hall of fame*****
use_sensor_num: 12.0, score: 0.983
[0, 0, 1, 0, 1, 0, 1, 1, 1, 1, 0, 1, 0, 1, 0, 1, 0, 0, 1, 0, 1, 1, 0, 0, 0]
[2, 4, 6, 7, 8, 9, 11, 13, 15, 18, 20, 21]
*****hall of fame*****
use_sensor_num: 11.0, score: 0.967
[0, 0, 1, 0, 1, 0, 1, 1, 0, 1, 0, 1, 0, 1, 0, 1, 0, 0, 1, 0, 1, 1, 0, 0, 0]
[2, 4, 6, 7, 9, 11, 13, 15, 18, 20, 21]
*****hall of fame*****
use_sensor_num: 7.0, score: 0.95
[0, 0, 1, 0, 1, 0, 1, 0, 1, 0, 0, 0, 0, 1, 0, 0, 0, 0, 0, 0, 0, 1, 1, 0, 0]
[2, 4, 6, 8, 13, 21, 22]
elapsed_time:115.77576160430908[sec]
